CASE_DATA,,,,,,,,,,,,,,,
,,,,,,,,,,,,,,,
case_name,2016_disaggregated_wind_solar_storage_natgas_x_0_10_co2,,,,,,,,,,,,,,
data_path,Input_Data,,,,,,,,,,,,,,
output_path,Output_Data_2016_disaggregated_wind_solar_storage_natgas_x_0_10_co2,,,,,,,,,,,,,,
verbose,,,,,,,,,,,,,,,
year_start,2016,,,,,,,,,,,,,,
month_start,1,,,,,,,,,,,,,,
day_start,1,,,,,,,,,,,,,,
hour_start,1,,,,,,,,,,,,,,
year_end,2016,,,,,,,,,,,,,,
month_end,12,,,,,,,,,,,,,,
day_end,31,,,,,,,,,,,,,,
hour_end,24,,,,,,,,,,,,,,
numerics_scaling,1.00E+24,,,,,,,,,,,,,,
co2_price,0.00E+00,,,,,,,,,,,,,,
co2_constraint,404.9424,,,,,,,,,,,,,,
,,,,,,,,,,,,,,,
TECH_DATA,,,,,,,,,,,,,,,
,,,,,,,,,,,,,,,
tech_name,tech_type,node_from,node_to,series_file,normalization,capacity,fixed_cost,var_cost,charging_time,efficiency,decay_rate,var_co2,fixed_co2,max_capacity,notes
node_1_demand,demand,node_1,,Demand_time_series_by_year/US_demand_unnormalized_2016.csv,1,,,,,,,
node_1_lost_load,lost_load,,node_1,,,,,10,,,,
node_1_curtailment,curtailment,node_1,,,,,,,,,,
node_1_storage,storage,node_1,node_1,,,,0.00735,,4,0.9,0.00001,,,,
node_1_natgas,generator,,node_1,,,,0.0102,0.0210,,,,0.4610,,,
node_1_solar_at_Lat_26.000_Lon_-97.500,fixed_generator,,node_1,Solar_time_series_by_year/Solar_time_series_2016_at_Lat_26.000_Lon_-97.500.csv,,,0.0148,,,,,,,0.1286,
node_1_wind_at_Lat_26.000_Lon_-97.500,fixed_generator,,node_1,Wind_time_series_by_year/Wind_time_series_2016_at_Lat_26.000_Lon_-97.500.csv,,,0.0160,,,,,,,0.0257,
node_1_solar_at_Lat_26.000_Lon_-81.250,fixed_generator,,node_1,Solar_time_series_by_year/Solar_time_series_2016_at_Lat_26.000_Lon_-81.250.csv,,,0.0148,,,,,,,0.1286,
node_1_wind_at_Lat_26.000_Lon_-81.250,fixed_generator,,node_1,Wind_time_series_by_year/Wind_time_series_2016_at_Lat_26.000_Lon_-81.250.csv,,,0.0160,,,,,,,0.0257,
node_1_solar_at_Lat_26.000_Lon_-80.625,fixed_generator,,node_1,Solar_time_series_by_year/Solar_time_series_2016_at_Lat_26.000_Lon_-80.625.csv,,,0.0148,,,,,,,0.1286,
node_1_wind_at_Lat_26.000_Lon_-80.625,fixed_generator,,node_1,Wind_time_series_by_year/Wind_time_series_2016_at_Lat_26.000_Lon_-80.625.csv,,,0.0160,,,,,,,0.0257,
node_1_solar_at_Lat_26.500_Lon_-98.750,fixed_generator,,node_1,Solar_time_series_by_year/Solar_time_series_2016_at_Lat_26.500_Lon_-98.750.csv,,,0.0148,,,,,,,0.1281,
node_1_wind_at_Lat_26.500_Lon_-98.750,fixed_generator,,node_1,Wind_time_series_by_year/Wind_time_series_2016_at_Lat_26.500_Lon_-98.750.csv,,,0.0160,,,,,,,0.0256,
node_1_solar_at_Lat_26.500_Lon_-98.125,fixed_generator,,node_1,Solar_time_series_by_year/Solar_time_series_2016_at_Lat_26.500_Lon_-98.125.csv,,,0.0148,,,,,,,0.1281,
node_1_wind_at_Lat_26.500_Lon_-98.125,fixed_generator,,node_1,Wind_time_series_by_year/Wind_time_series_2016_at_Lat_26.500_Lon_-98.125.csv,,,0.0160,,,,,,,0.0256,
node_1_solar_at_Lat_26.500_Lon_-97.500,fixed_generator,,node_1,Solar_time_series_by_year/Solar_time_series_2016_at_Lat_26.500_Lon_-97.500.csv,,,0.0148,,,,,,,0.1281,
node_1_wind_at_Lat_26.500_Lon_-97.500,fixed_generator,,node_1,Wind_time_series_by_year/Wind_time_series_2016_at_Lat_26.500_Lon_-97.500.csv,,,0.0160,,,,,,,0.0256,
node_1_solar_at_Lat_26.500_Lon_-81.875,fixed_generator,,node_1,Solar_time_series_by_year/Solar_time_series_2016_at_Lat_26.500_Lon_-81.875.csv,,,0.0148,,,,,,,0.1281,
node_1_wind_at_Lat_26.500_Lon_-81.875,fixed_generator,,node_1,Wind_time_series_by_year/Wind_time_series_2016_at_Lat_26.500_Lon_-81.875.csv,,,0.0160,,,,,,,0.0256,
node_1_solar_at_Lat_26.500_Lon_-81.250,fixed_generator,,node_1,Solar_time_series_by_year/Solar_time_series_2016_at_Lat_26.500_Lon_-81.250.csv,,,0.0148,,,,,,,0.1281,
node_1_wind_at_Lat_26.500_Lon_-81.250,fixed_generator,,node_1,Wind_time_series_by_year/Wind_time_series_2016_at_Lat_26.500_Lon_-81.250.csv,,,0.0160,,,,,,,0.0256,
node_1_solar_at_Lat_26.500_Lon_-80.625,fixed_generator,,node_1,Solar_time_series_by_year/Solar_time_series_2016_at_Lat_26.500_Lon_-80.625.csv,,,0.0148,,,,,,,0.1281,
node_1_wind_at_Lat_26.500_Lon_-80.625,fixed_generator,,node_1,Wind_time_series_by_year/Wind_time_series_2016_at_Lat_26.500_Lon_-80.625.csv,,,0.0160,,,,,,,0.0256,
node_1_solar_at_Lat_27.000_Lon_-99.375,fixed_generator,,node_1,Solar_time_series_by_year/Solar_time_series_2016_at_Lat_27.000_Lon_-99.375.csv,,,0.0148,,,,,,,0.1275,
node_1_wind_at_Lat_27.000_Lon_-99.375,fixed_generator,,node_1,Wind_time_series_by_year/Wind_time_series_2016_at_Lat_27.000_Lon_-99.375.csv,,,0.0160,,,,,,,0.0255,
node_1_solar_at_Lat_27.000_Lon_-98.750,fixed_generator,,node_1,Solar_time_series_by_year/Solar_time_series_2016_at_Lat_27.000_Lon_-98.750.csv,,,0.0148,,,,,,,0.1275,
node_1_wind_at_Lat_27.000_Lon_-98.750,fixed_generator,,node_1,Wind_time_series_by_year/Wind_time_series_2016_at_Lat_27.000_Lon_-98.750.csv,,,0.0160,,,,,,,0.0255,
node_1_solar_at_Lat_27.000_Lon_-98.125,fixed_generator,,node_1,Solar_time_series_by_year/Solar_time_series_2016_at_Lat_27.000_Lon_-98.125.csv,,,0.0148,,,,,,,0.1275,
node_1_wind_at_Lat_27.000_Lon_-98.125,fixed_generator,,node_1,Wind_time_series_by_year/Wind_time_series_2016_at_Lat_27.000_Lon_-98.125.csv,,,0.0160,,,,,,,0.0255,
node_1_solar_at_Lat_27.000_Lon_-81.875,fixed_generator,,node_1,Solar_time_series_by_year/Solar_time_series_2016_at_Lat_27.000_Lon_-81.875.csv,,,0.0148,,,,,,,0.1275,
node_1_wind_at_Lat_27.000_Lon_-81.875,fixed_generator,,node_1,Wind_time_series_by_year/Wind_time_series_2016_at_Lat_27.000_Lon_-81.875.csv,,,0.0160,,,,,,,0.0255,
node_1_solar_at_Lat_27.000_Lon_-81.250,fixed_generator,,node_1,Solar_time_series_by_year/Solar_time_series_2016_at_Lat_27.000_Lon_-81.250.csv,,,0.0148,,,,,,,0.1275,
node_1_wind_at_Lat_27.000_Lon_-81.250,fixed_generator,,node_1,Wind_time_series_by_year/Wind_time_series_2016_at_Lat_27.000_Lon_-81.250.csv,,,0.0160,,,,,,,0.0255,
node_1_solar_at_Lat_27.000_Lon_-80.625,fixed_generator,,node_1,Solar_time_series_by_year/Solar_time_series_2016_at_Lat_27.000_Lon_-80.625.csv,,,0.0148,,,,,,,0.1275,
node_1_wind_at_Lat_27.000_Lon_-80.625,fixed_generator,,node_1,Wind_time_series_by_year/Wind_time_series_2016_at_Lat_27.000_Lon_-80.625.csv,,,0.0160,,,,,,,0.0255,
node_1_solar_at_Lat_27.500_Lon_-99.375,fixed_generator,,node_1,Solar_time_series_by_year/Solar_time_series_2016_at_Lat_27.500_Lon_-99.375.csv,,,0.0148,,,,,,,0.1269,
node_1_wind_at_Lat_27.500_Lon_-99.375,fixed_generator,,node_1,Wind_time_series_by_year/Wind_time_series_2016_at_Lat_27.500_Lon_-99.375.csv,,,0.0160,,,,,,,0.0254,
node_1_solar_at_Lat_27.500_Lon_-98.750,fixed_generator,,node_1,Solar_time_series_by_year/Solar_time_series_2016_at_Lat_27.500_Lon_-98.750.csv,,,0.0148,,,,,,,0.1269,
node_1_wind_at_Lat_27.500_Lon_-98.750,fixed_generator,,node_1,Wind_time_series_by_year/Wind_time_series_2016_at_Lat_27.500_Lon_-98.750.csv,,,0.0160,,,,,,,0.0254,
node_1_solar_at_Lat_27.500_Lon_-98.125,fixed_generator,,node_1,Solar_time_series_by_year/Solar_time_series_2016_at_Lat_27.500_Lon_-98.125.csv,,,0.0148,,,,,,,0.1269,
node_1_wind_at_Lat_27.500_Lon_-98.125,fixed_generator,,node_1,Wind_time_series_by_year/Wind_time_series_2016_at_Lat_27.500_Lon_-98.125.csv,,,0.0160,,,,,,,0.0254,
node_1_solar_at_Lat_27.500_Lon_-97.500,fixed_generator,,node_1,Solar_time_series_by_year/Solar_time_series_2016_at_Lat_27.500_Lon_-97.500.csv,,,0.0148,,,,,,,0.1269,
node_1_wind_at_Lat_27.500_Lon_-97.500,fixed_generator,,node_1,Wind_time_series_by_year/Wind_time_series_2016_at_Lat_27.500_Lon_-97.500.csv,,,0.0160,,,,,,,0.0254,
node_1_solar_at_Lat_27.500_Lon_-82.500,fixed_generator,,node_1,Solar_time_series_by_year/Solar_time_series_2016_at_Lat_27.500_Lon_-82.500.csv,,,0.0148,,,,,,,0.1269,
node_1_wind_at_Lat_27.500_Lon_-82.500,fixed_generator,,node_1,Wind_time_series_by_year/Wind_time_series_2016_at_Lat_27.500_Lon_-82.500.csv,,,0.0160,,,,,,,0.0254,
node_1_solar_at_Lat_27.500_Lon_-81.875,fixed_generator,,node_1,Solar_time_series_by_year/Solar_time_series_2016_at_Lat_27.500_Lon_-81.875.csv,,,0.0148,,,,,,,0.1269,
node_1_wind_at_Lat_27.500_Lon_-81.875,fixed_generator,,node_1,Wind_time_series_by_year/Wind_time_series_2016_at_Lat_27.500_Lon_-81.875.csv,,,0.0160,,,,,,,0.0254,
node_1_solar_at_Lat_27.500_Lon_-81.250,fixed_generator,,node_1,Solar_time_series_by_year/Solar_time_series_2016_at_Lat_27.500_Lon_-81.250.csv,,,0.0148,,,,,,,0.1269,
node_1_wind_at_Lat_27.500_Lon_-81.250,fixed_generator,,node_1,Wind_time_series_by_year/Wind_time_series_2016_at_Lat_27.500_Lon_-81.250.csv,,,0.0160,,,,,,,0.0254,
node_1_solar_at_Lat_27.500_Lon_-80.625,fixed_generator,,node_1,Solar_time_series_by_year/Solar_time_series_2016_at_Lat_27.500_Lon_-80.625.csv,,,0.0148,,,,,,,0.1269,
node_1_wind_at_Lat_27.500_Lon_-80.625,fixed_generator,,node_1,Wind_time_series_by_year/Wind_time_series_2016_at_Lat_27.500_Lon_-80.625.csv,,,0.0160,,,,,,,0.0254,
node_1_solar_at_Lat_28.000_Lon_-99.375,fixed_generator,,node_1,Solar_time_series_by_year/Solar_time_series_2016_at_Lat_28.000_Lon_-99.375.csv,,,0.0148,,,,,,,0.1264,
node_1_wind_at_Lat_28.000_Lon_-99.375,fixed_generator,,node_1,Wind_time_series_by_year/Wind_time_series_2016_at_Lat_28.000_Lon_-99.375.csv,,,0.0160,,,,,,,0.0253,
node_1_solar_at_Lat_28.000_Lon_-98.750,fixed_generator,,node_1,Solar_time_series_by_year/Solar_time_series_2016_at_Lat_28.000_Lon_-98.750.csv,,,0.0148,,,,,,,0.1264,
node_1_wind_at_Lat_28.000_Lon_-98.750,fixed_generator,,node_1,Wind_time_series_by_year/Wind_time_series_2016_at_Lat_28.000_Lon_-98.750.csv,,,0.0160,,,,,,,0.0253,
node_1_solar_at_Lat_28.000_Lon_-98.125,fixed_generator,,node_1,Solar_time_series_by_year/Solar_time_series_2016_at_Lat_28.000_Lon_-98.125.csv,,,0.0148,,,,,,,0.1264,
node_1_wind_at_Lat_28.000_Lon_-98.125,fixed_generator,,node_1,Wind_time_series_by_year/Wind_time_series_2016_at_Lat_28.000_Lon_-98.125.csv,,,0.0160,,,,,,,0.0253,
node_1_solar_at_Lat_28.000_Lon_-97.500,fixed_generator,,node_1,Solar_time_series_by_year/Solar_time_series_2016_at_Lat_28.000_Lon_-97.500.csv,,,0.0148,,,,,,,0.1264,
node_1_wind_at_Lat_28.000_Lon_-97.500,fixed_generator,,node_1,Wind_time_series_by_year/Wind_time_series_2016_at_Lat_28.000_Lon_-97.500.csv,,,0.0160,,,,,,,0.0253,
node_1_solar_at_Lat_28.000_Lon_-82.500,fixed_generator,,node_1,Solar_time_series_by_year/Solar_time_series_2016_at_Lat_28.000_Lon_-82.500.csv,,,0.0148,,,,,,,0.1264,
node_1_wind_at_Lat_28.000_Lon_-82.500,fixed_generator,,node_1,Wind_time_series_by_year/Wind_time_series_2016_at_Lat_28.000_Lon_-82.500.csv,,,0.0160,,,,,,,0.0253,
node_1_solar_at_Lat_28.000_Lon_-81.875,fixed_generator,,node_1,Solar_time_series_by_year/Solar_time_series_2016_at_Lat_28.000_Lon_-81.875.csv,,,0.0148,,,,,,,0.1264,
node_1_wind_at_Lat_28.000_Lon_-81.875,fixed_generator,,node_1,Wind_time_series_by_year/Wind_time_series_2016_at_Lat_28.000_Lon_-81.875.csv,,,0.0160,,,,,,,0.0253,
node_1_solar_at_Lat_28.000_Lon_-81.250,fixed_generator,,node_1,Solar_time_series_by_year/Solar_time_series_2016_at_Lat_28.000_Lon_-81.250.csv,,,0.0148,,,,,,,0.1264,
node_1_wind_at_Lat_28.000_Lon_-81.250,fixed_generator,,node_1,Wind_time_series_by_year/Wind_time_series_2016_at_Lat_28.000_Lon_-81.250.csv,,,0.0160,,,,,,,0.0253,
node_1_solar_at_Lat_28.000_Lon_-80.625,fixed_generator,,node_1,Solar_time_series_by_year/Solar_time_series_2016_at_Lat_28.000_Lon_-80.625.csv,,,0.0148,,,,,,,0.1264,
node_1_wind_at_Lat_28.000_Lon_-80.625,fixed_generator,,node_1,Wind_time_series_by_year/Wind_time_series_2016_at_Lat_28.000_Lon_-80.625.csv,,,0.0160,,,,,,,0.0253,
node_1_solar_at_Lat_28.500_Lon_-100.000,fixed_generator,,node_1,Solar_time_series_by_year/Solar_time_series_2016_at_Lat_28.500_Lon_-100.000.csv,,,0.0148,,,,,,,0.1258,
node_1_wind_at_Lat_28.500_Lon_-100.000,fixed_generator,,node_1,Wind_time_series_by_year/Wind_time_series_2016_at_Lat_28.500_Lon_-100.000.csv,,,0.0160,,,,,,,0.0252,
node_1_solar_at_Lat_28.500_Lon_-99.375,fixed_generator,,node_1,Solar_time_series_by_year/Solar_time_series_2016_at_Lat_28.500_Lon_-99.375.csv,,,0.0148,,,,,,,0.1258,
node_1_wind_at_Lat_28.500_Lon_-99.375,fixed_generator,,node_1,Wind_time_series_by_year/Wind_time_series_2016_at_Lat_28.500_Lon_-99.375.csv,,,0.0160,,,,,,,0.0252,
node_1_solar_at_Lat_28.500_Lon_-98.750,fixed_generator,,node_1,Solar_time_series_by_year/Solar_time_series_2016_at_Lat_28.500_Lon_-98.750.csv,,,0.0148,,,,,,,0.1258,
node_1_wind_at_Lat_28.500_Lon_-98.750,fixed_generator,,node_1,Wind_time_series_by_year/Wind_time_series_2016_at_Lat_28.500_Lon_-98.750.csv,,,0.0160,,,,,,,0.0252,
node_1_solar_at_Lat_28.500_Lon_-98.125,fixed_generator,,node_1,Solar_time_series_by_year/Solar_time_series_2016_at_Lat_28.500_Lon_-98.125.csv,,,0.0148,,,,,,,0.1258,
node_1_wind_at_Lat_28.500_Lon_-98.125,fixed_generator,,node_1,Wind_time_series_by_year/Wind_time_series_2016_at_Lat_28.500_Lon_-98.125.csv,,,0.0160,,,,,,,0.0252,
node_1_solar_at_Lat_28.500_Lon_-97.500,fixed_generator,,node_1,Solar_time_series_by_year/Solar_time_series_2016_at_Lat_28.500_Lon_-97.500.csv,,,0.0148,,,,,,,0.1258,
node_1_wind_at_Lat_28.500_Lon_-97.500,fixed_generator,,node_1,Wind_time_series_by_year/Wind_time_series_2016_at_Lat_28.500_Lon_-97.500.csv,,,0.0160,,,,,,,0.0252,
node_1_solar_at_Lat_28.500_Lon_-96.875,fixed_generator,,node_1,Solar_time_series_by_year/Solar_time_series_2016_at_Lat_28.500_Lon_-96.875.csv,,,0.0148,,,,,,,0.1258,
node_1_wind_at_Lat_28.500_Lon_-96.875,fixed_generator,,node_1,Wind_time_series_by_year/Wind_time_series_2016_at_Lat_28.500_Lon_-96.875.csv,,,0.0160,,,,,,,0.0252,
node_1_solar_at_Lat_28.500_Lon_-82.500,fixed_generator,,node_1,Solar_time_series_by_year/Solar_time_series_2016_at_Lat_28.500_Lon_-82.500.csv,,,0.0148,,,,,,,0.1258,
node_1_wind_at_Lat_28.500_Lon_-82.500,fixed_generator,,node_1,Wind_time_series_by_year/Wind_time_series_2016_at_Lat_28.500_Lon_-82.500.csv,,,0.0160,,,,,,,0.0252,
node_1_solar_at_Lat_28.500_Lon_-81.875,fixed_generator,,node_1,Solar_time_series_by_year/Solar_time_series_2016_at_Lat_28.500_Lon_-81.875.csv,,,0.0148,,,,,,,0.1258,
node_1_wind_at_Lat_28.500_Lon_-81.875,fixed_generator,,node_1,Wind_time_series_by_year/Wind_time_series_2016_at_Lat_28.500_Lon_-81.875.csv,,,0.0160,,,,,,,0.0252,
node_1_solar_at_Lat_28.500_Lon_-81.250,fixed_generator,,node_1,Solar_time_series_by_year/Solar_time_series_2016_at_Lat_28.500_Lon_-81.250.csv,,,0.0148,,,,,,,0.1258,
node_1_wind_at_Lat_28.500_Lon_-81.250,fixed_generator,,node_1,Wind_time_series_by_year/Wind_time_series_2016_at_Lat_28.500_Lon_-81.250.csv,,,0.0160,,,,,,,0.0252,
node_1_solar_at_Lat_29.000_Lon_-100.625,fixed_generator,,node_1,Solar_time_series_by_year/Solar_time_series_2016_at_Lat_29.000_Lon_-100.625.csv,,,0.0148,,,,,,,0.1252,
node_1_wind_at_Lat_29.000_Lon_-100.625,fixed_generator,,node_1,Wind_time_series_by_year/Wind_time_series_2016_at_Lat_29.000_Lon_-100.625.csv,,,0.0160,,,,,,,0.0250,
node_1_solar_at_Lat_29.000_Lon_-100.000,fixed_generator,,node_1,Solar_time_series_by_year/Solar_time_series_2016_at_Lat_29.000_Lon_-100.000.csv,,,0.0148,,,,,,,0.1252,
node_1_wind_at_Lat_29.000_Lon_-100.000,fixed_generator,,node_1,Wind_time_series_by_year/Wind_time_series_2016_at_Lat_29.000_Lon_-100.000.csv,,,0.0160,,,,,,,0.0250,
node_1_solar_at_Lat_29.000_Lon_-99.375,fixed_generator,,node_1,Solar_time_series_by_year/Solar_time_series_2016_at_Lat_29.000_Lon_-99.375.csv,,,0.0148,,,,,,,0.1252,
node_1_wind_at_Lat_29.000_Lon_-99.375,fixed_generator,,node_1,Wind_time_series_by_year/Wind_time_series_2016_at_Lat_29.000_Lon_-99.375.csv,,,0.0160,,,,,,,0.0250,
node_1_solar_at_Lat_29.000_Lon_-98.750,fixed_generator,,node_1,Solar_time_series_by_year/Solar_time_series_2016_at_Lat_29.000_Lon_-98.750.csv,,,0.0148,,,,,,,0.1252,
node_1_wind_at_Lat_29.000_Lon_-98.750,fixed_generator,,node_1,Wind_time_series_by_year/Wind_time_series_2016_at_Lat_29.000_Lon_-98.750.csv,,,0.0160,,,,,,,0.0250,
node_1_solar_at_Lat_29.000_Lon_-98.125,fixed_generator,,node_1,Solar_time_series_by_year/Solar_time_series_2016_at_Lat_29.000_Lon_-98.125.csv,,,0.0148,,,,,,,0.1252,
node_1_wind_at_Lat_29.000_Lon_-98.125,fixed_generator,,node_1,Wind_time_series_by_year/Wind_time_series_2016_at_Lat_29.000_Lon_-98.125.csv,,,0.0160,,,,,,,0.0250,
node_1_solar_at_Lat_29.000_Lon_-97.500,fixed_generator,,node_1,Solar_time_series_by_year/Solar_time_series_2016_at_Lat_29.000_Lon_-97.500.csv,,,0.0148,,,,,,,0.1252,
node_1_wind_at_Lat_29.000_Lon_-97.500,fixed_generator,,node_1,Wind_time_series_by_year/Wind_time_series_2016_at_Lat_29.000_Lon_-97.500.csv,,,0.0160,,,,,,,0.0250,
node_1_solar_at_Lat_29.000_Lon_-96.875,fixed_generator,,node_1,Solar_time_series_by_year/Solar_time_series_2016_at_Lat_29.000_Lon_-96.875.csv,,,0.0148,,,,,,,0.1252,
node_1_wind_at_Lat_29.000_Lon_-96.875,fixed_generator,,node_1,Wind_time_series_by_year/Wind_time_series_2016_at_Lat_29.000_Lon_-96.875.csv,,,0.0160,,,,,,,0.0250,
node_1_solar_at_Lat_29.000_Lon_-96.250,fixed_generator,,node_1,Solar_time_series_by_year/Solar_time_series_2016_at_Lat_29.000_Lon_-96.250.csv,,,0.0148,,,,,,,0.1252,
node_1_wind_at_Lat_29.000_Lon_-96.250,fixed_generator,,node_1,Wind_time_series_by_year/Wind_time_series_2016_at_Lat_29.000_Lon_-96.250.csv,,,0.0160,,,,,,,0.0250,
node_1_solar_at_Lat_29.000_Lon_-95.625,fixed_generator,,node_1,Solar_time_series_by_year/Solar_time_series_2016_at_Lat_29.000_Lon_-95.625.csv,,,0.0148,,,,,,,0.1252,
node_1_wind_at_Lat_29.000_Lon_-95.625,fixed_generator,,node_1,Wind_time_series_by_year/Wind_time_series_2016_at_Lat_29.000_Lon_-95.625.csv,,,0.0160,,,,,,,0.0250,
node_1_solar_at_Lat_29.000_Lon_-82.500,fixed_generator,,node_1,Solar_time_series_by_year/Solar_time_series_2016_at_Lat_29.000_Lon_-82.500.csv,,,0.0148,,,,,,,0.1252,
node_1_wind_at_Lat_29.000_Lon_-82.500,fixed_generator,,node_1,Wind_time_series_by_year/Wind_time_series_2016_at_Lat_29.000_Lon_-82.500.csv,,,0.0160,,,,,,,0.0250,
node_1_solar_at_Lat_29.000_Lon_-81.875,fixed_generator,,node_1,Solar_time_series_by_year/Solar_time_series_2016_at_Lat_29.000_Lon_-81.875.csv,,,0.0148,,,,,,,0.1252,
node_1_wind_at_Lat_29.000_Lon_-81.875,fixed_generator,,node_1,Wind_time_series_by_year/Wind_time_series_2016_at_Lat_29.000_Lon_-81.875.csv,,,0.0160,,,,,,,0.0250,
node_1_solar_at_Lat_29.000_Lon_-81.250,fixed_generator,,node_1,Solar_time_series_by_year/Solar_time_series_2016_at_Lat_29.000_Lon_-81.250.csv,,,0.0148,,,,,,,0.1252,
node_1_wind_at_Lat_29.000_Lon_-81.250,fixed_generator,,node_1,Wind_time_series_by_year/Wind_time_series_2016_at_Lat_29.000_Lon_-81.250.csv,,,0.0160,,,,,,,0.0250,
node_1_solar_at_Lat_29.500_Lon_-103.750,fixed_generator,,node_1,Solar_time_series_by_year/Solar_time_series_2016_at_Lat_29.500_Lon_-103.750.csv,,,0.0148,,,,,,,0.1246,
node_1_wind_at_Lat_29.500_Lon_-103.750,fixed_generator,,node_1,Wind_time_series_by_year/Wind_time_series_2016_at_Lat_29.500_Lon_-103.750.csv,,,0.0160,,,,,,,0.0249,
node_1_solar_at_Lat_29.500_Lon_-103.125,fixed_generator,,node_1,Solar_time_series_by_year/Solar_time_series_2016_at_Lat_29.500_Lon_-103.125.csv,,,0.0148,,,,,,,0.1246,
node_1_wind_at_Lat_29.500_Lon_-103.125,fixed_generator,,node_1,Wind_time_series_by_year/Wind_time_series_2016_at_Lat_29.500_Lon_-103.125.csv,,,0.0160,,,,,,,0.0249,
node_1_solar_at_Lat_29.500_Lon_-100.625,fixed_generator,,node_1,Solar_time_series_by_year/Solar_time_series_2016_at_Lat_29.500_Lon_-100.625.csv,,,0.0148,,,,,,,0.1246,
node_1_wind_at_Lat_29.500_Lon_-100.625,fixed_generator,,node_1,Wind_time_series_by_year/Wind_time_series_2016_at_Lat_29.500_Lon_-100.625.csv,,,0.0160,,,,,,,0.0249,
node_1_solar_at_Lat_29.500_Lon_-100.000,fixed_generator,,node_1,Solar_time_series_by_year/Solar_time_series_2016_at_Lat_29.500_Lon_-100.000.csv,,,0.0148,,,,,,,0.1246,
node_1_wind_at_Lat_29.500_Lon_-100.000,fixed_generator,,node_1,Wind_time_series_by_year/Wind_time_series_2016_at_Lat_29.500_Lon_-100.000.csv,,,0.0160,,,,,,,0.0249,
node_1_solar_at_Lat_29.500_Lon_-99.375,fixed_generator,,node_1,Solar_time_series_by_year/Solar_time_series_2016_at_Lat_29.500_Lon_-99.375.csv,,,0.0148,,,,,,,0.1246,
node_1_wind_at_Lat_29.500_Lon_-99.375,fixed_generator,,node_1,Wind_time_series_by_year/Wind_time_series_2016_at_Lat_29.500_Lon_-99.375.csv,,,0.0160,,,,,,,0.0249,
node_1_solar_at_Lat_29.500_Lon_-98.750,fixed_generator,,node_1,Solar_time_series_by_year/Solar_time_series_2016_at_Lat_29.500_Lon_-98.750.csv,,,0.0148,,,,,,,0.1246,
node_1_wind_at_Lat_29.500_Lon_-98.750,fixed_generator,,node_1,Wind_time_series_by_year/Wind_time_series_2016_at_Lat_29.500_Lon_-98.750.csv,,,0.0160,,,,,,,0.0249,
node_1_solar_at_Lat_29.500_Lon_-98.125,fixed_generator,,node_1,Solar_time_series_by_year/Solar_time_series_2016_at_Lat_29.500_Lon_-98.125.csv,,,0.0148,,,,,,,0.1246,
node_1_wind_at_Lat_29.500_Lon_-98.125,fixed_generator,,node_1,Wind_time_series_by_year/Wind_time_series_2016_at_Lat_29.500_Lon_-98.125.csv,,,0.0160,,,,,,,0.0249,
node_1_solar_at_Lat_29.500_Lon_-97.500,fixed_generator,,node_1,Solar_time_series_by_year/Solar_time_series_2016_at_Lat_29.500_Lon_-97.500.csv,,,0.0148,,,,,,,0.1246,
node_1_wind_at_Lat_29.500_Lon_-97.500,fixed_generator,,node_1,Wind_time_series_by_year/Wind_time_series_2016_at_Lat_29.500_Lon_-97.500.csv,,,0.0160,,,,,,,0.0249,
node_1_solar_at_Lat_29.500_Lon_-96.875,fixed_generator,,node_1,Solar_time_series_by_year/Solar_time_series_2016_at_Lat_29.500_Lon_-96.875.csv,,,0.0148,,,,,,,0.1246,
node_1_wind_at_Lat_29.500_Lon_-96.875,fixed_generator,,node_1,Wind_time_series_by_year/Wind_time_series_2016_at_Lat_29.500_Lon_-96.875.csv,,,0.0160,,,,,,,0.0249,
node_1_solar_at_Lat_29.500_Lon_-96.250,fixed_generator,,node_1,Solar_time_series_by_year/Solar_time_series_2016_at_Lat_29.500_Lon_-96.250.csv,,,0.0148,,,,,,,0.1246,
node_1_wind_at_Lat_29.500_Lon_-96.250,fixed_generator,,node_1,Wind_time_series_by_year/Wind_time_series_2016_at_Lat_29.500_Lon_-96.250.csv,,,0.0160,,,,,,,0.0249,
node_1_solar_at_Lat_29.500_Lon_-95.625,fixed_generator,,node_1,Solar_time_series_by_year/Solar_time_series_2016_at_Lat_29.500_Lon_-95.625.csv,,,0.0148,,,,,,,0.1246,
node_1_wind_at_Lat_29.500_Lon_-95.625,fixed_generator,,node_1,Wind_time_series_by_year/Wind_time_series_2016_at_Lat_29.500_Lon_-95.625.csv,,,0.0160,,,,,,,0.0249,
node_1_solar_at_Lat_29.500_Lon_-95.000,fixed_generator,,node_1,Solar_time_series_by_year/Solar_time_series_2016_at_Lat_29.500_Lon_-95.000.csv,,,0.0148,,,,,,,0.1246,
node_1_wind_at_Lat_29.500_Lon_-95.000,fixed_generator,,node_1,Wind_time_series_by_year/Wind_time_series_2016_at_Lat_29.500_Lon_-95.000.csv,,,0.0160,,,,,,,0.0249,
node_1_solar_at_Lat_29.500_Lon_-91.250,fixed_generator,,node_1,Solar_time_series_by_year/Solar_time_series_2016_at_Lat_29.500_Lon_-91.250.csv,,,0.0148,,,,,,,0.1246,
node_1_wind_at_Lat_29.500_Lon_-91.250,fixed_generator,,node_1,Wind_time_series_by_year/Wind_time_series_2016_at_Lat_29.500_Lon_-91.250.csv,,,0.0160,,,,,,,0.0249,
node_1_solar_at_Lat_29.500_Lon_-90.625,fixed_generator,,node_1,Solar_time_series_by_year/Solar_time_series_2016_at_Lat_29.500_Lon_-90.625.csv,,,0.0148,,,,,,,0.1246,
node_1_wind_at_Lat_29.500_Lon_-90.625,fixed_generator,,node_1,Wind_time_series_by_year/Wind_time_series_2016_at_Lat_29.500_Lon_-90.625.csv,,,0.0160,,,,,,,0.0249,
node_1_solar_at_Lat_29.500_Lon_-83.125,fixed_generator,,node_1,Solar_time_series_by_year/Solar_time_series_2016_at_Lat_29.500_Lon_-83.125.csv,,,0.0148,,,,,,,0.1246,
node_1_wind_at_Lat_29.500_Lon_-83.125,fixed_generator,,node_1,Wind_time_series_by_year/Wind_time_series_2016_at_Lat_29.500_Lon_-83.125.csv,,,0.0160,,,,,,,0.0249,
node_1_solar_at_Lat_29.500_Lon_-82.500,fixed_generator,,node_1,Solar_time_series_by_year/Solar_time_series_2016_at_Lat_29.500_Lon_-82.500.csv,,,0.0148,,,,,,,0.1246,
node_1_wind_at_Lat_29.500_Lon_-82.500,fixed_generator,,node_1,Wind_time_series_by_year/Wind_time_series_2016_at_Lat_29.500_Lon_-82.500.csv,,,0.0160,,,,,,,0.0249,
node_1_solar_at_Lat_29.500_Lon_-81.875,fixed_generator,,node_1,Solar_time_series_by_year/Solar_time_series_2016_at_Lat_29.500_Lon_-81.875.csv,,,0.0148,,,,,,,0.1246,
node_1_wind_at_Lat_29.500_Lon_-81.875,fixed_generator,,node_1,Wind_time_series_by_year/Wind_time_series_2016_at_Lat_29.500_Lon_-81.875.csv,,,0.0160,,,,,,,0.0249,
node_1_solar_at_Lat_29.500_Lon_-81.250,fixed_generator,,node_1,Solar_time_series_by_year/Solar_time_series_2016_at_Lat_29.500_Lon_-81.250.csv,,,0.0148,,,,,,,0.1246,
node_1_wind_at_Lat_29.500_Lon_-81.250,fixed_generator,,node_1,Wind_time_series_by_year/Wind_time_series_2016_at_Lat_29.500_Lon_-81.250.csv,,,0.0160,,,,,,,0.0249,
node_1_solar_at_Lat_30.000_Lon_-104.375,fixed_generator,,node_1,Solar_time_series_by_year/Solar_time_series_2016_at_Lat_30.000_Lon_-104.375.csv,,,0.0148,,,,,,,0.1239,
node_1_wind_at_Lat_30.000_Lon_-104.375,fixed_generator,,node_1,Wind_time_series_by_year/Wind_time_series_2016_at_Lat_30.000_Lon_-104.375.csv,,,0.0160,,,,,,,0.0248,
node_1_solar_at_Lat_30.000_Lon_-103.750,fixed_generator,,node_1,Solar_time_series_by_year/Solar_time_series_2016_at_Lat_30.000_Lon_-103.750.csv,,,0.0148,,,,,,,0.1239,
node_1_wind_at_Lat_30.000_Lon_-103.750,fixed_generator,,node_1,Wind_time_series_by_year/Wind_time_series_2016_at_Lat_30.000_Lon_-103.750.csv,,,0.0160,,,,,,,0.0248,
node_1_solar_at_Lat_30.000_Lon_-103.125,fixed_generator,,node_1,Solar_time_series_by_year/Solar_time_series_2016_at_Lat_30.000_Lon_-103.125.csv,,,0.0148,,,,,,,0.1239,
node_1_wind_at_Lat_30.000_Lon_-103.125,fixed_generator,,node_1,Wind_time_series_by_year/Wind_time_series_2016_at_Lat_30.000_Lon_-103.125.csv,,,0.0160,,,,,,,0.0248,
node_1_solar_at_Lat_30.000_Lon_-102.500,fixed_generator,,node_1,Solar_time_series_by_year/Solar_time_series_2016_at_Lat_30.000_Lon_-102.500.csv,,,0.0148,,,,,,,0.1239,
node_1_wind_at_Lat_30.000_Lon_-102.500,fixed_generator,,node_1,Wind_time_series_by_year/Wind_time_series_2016_at_Lat_30.000_Lon_-102.500.csv,,,0.0160,,,,,,,0.0248,
node_1_solar_at_Lat_30.000_Lon_-101.875,fixed_generator,,node_1,Solar_time_series_by_year/Solar_time_series_2016_at_Lat_30.000_Lon_-101.875.csv,,,0.0148,,,,,,,0.1239,
node_1_wind_at_Lat_30.000_Lon_-101.875,fixed_generator,,node_1,Wind_time_series_by_year/Wind_time_series_2016_at_Lat_30.000_Lon_-101.875.csv,,,0.0160,,,,,,,0.0248,
node_1_solar_at_Lat_30.000_Lon_-101.250,fixed_generator,,node_1,Solar_time_series_by_year/Solar_time_series_2016_at_Lat_30.000_Lon_-101.250.csv,,,0.0148,,,,,,,0.1239,
node_1_wind_at_Lat_30.000_Lon_-101.250,fixed_generator,,node_1,Wind_time_series_by_year/Wind_time_series_2016_at_Lat_30.000_Lon_-101.250.csv,,,0.0160,,,,,,,0.0248,
node_1_solar_at_Lat_30.000_Lon_-100.625,fixed_generator,,node_1,Solar_time_series_by_year/Solar_time_series_2016_at_Lat_30.000_Lon_-100.625.csv,,,0.0148,,,,,,,0.1239,
node_1_wind_at_Lat_30.000_Lon_-100.625,fixed_generator,,node_1,Wind_time_series_by_year/Wind_time_series_2016_at_Lat_30.000_Lon_-100.625.csv,,,0.0160,,,,,,,0.0248,
node_1_solar_at_Lat_30.000_Lon_-100.000,fixed_generator,,node_1,Solar_time_series_by_year/Solar_time_series_2016_at_Lat_30.000_Lon_-100.000.csv,,,0.0148,,,,,,,0.1239,
node_1_wind_at_Lat_30.000_Lon_-100.000,fixed_generator,,node_1,Wind_time_series_by_year/Wind_time_series_2016_at_Lat_30.000_Lon_-100.000.csv,,,0.0160,,,,,,,0.0248,
node_1_solar_at_Lat_30.000_Lon_-99.375,fixed_generator,,node_1,Solar_time_series_by_year/Solar_time_series_2016_at_Lat_30.000_Lon_-99.375.csv,,,0.0148,,,,,,,0.1239,
node_1_wind_at_Lat_30.000_Lon_-99.375,fixed_generator,,node_1,Wind_time_series_by_year/Wind_time_series_2016_at_Lat_30.000_Lon_-99.375.csv,,,0.0160,,,,,,,0.0248,
node_1_solar_at_Lat_30.000_Lon_-98.750,fixed_generator,,node_1,Solar_time_series_by_year/Solar_time_series_2016_at_Lat_30.000_Lon_-98.750.csv,,,0.0148,,,,,,,0.1239,
node_1_wind_at_Lat_30.000_Lon_-98.750,fixed_generator,,node_1,Wind_time_series_by_year/Wind_time_series_2016_at_Lat_30.000_Lon_-98.750.csv,,,0.0160,,,,,,,0.0248,
node_1_solar_at_Lat_30.000_Lon_-98.125,fixed_generator,,node_1,Solar_time_series_by_year/Solar_time_series_2016_at_Lat_30.000_Lon_-98.125.csv,,,0.0148,,,,,,,0.1239,
node_1_wind_at_Lat_30.000_Lon_-98.125,fixed_generator,,node_1,Wind_time_series_by_year/Wind_time_series_2016_at_Lat_30.000_Lon_-98.125.csv,,,0.0160,,,,,,,0.0248,
node_1_solar_at_Lat_30.000_Lon_-97.500,fixed_generator,,node_1,Solar_time_series_by_year/Solar_time_series_2016_at_Lat_30.000_Lon_-97.500.csv,,,0.0148,,,,,,,0.1239,
node_1_wind_at_Lat_30.000_Lon_-97.500,fixed_generator,,node_1,Wind_time_series_by_year/Wind_time_series_2016_at_Lat_30.000_Lon_-97.500.csv,,,0.0160,,,,,,,0.0248,
node_1_solar_at_Lat_30.000_Lon_-96.875,fixed_generator,,node_1,Solar_time_series_by_year/Solar_time_series_2016_at_Lat_30.000_Lon_-96.875.csv,,,0.0148,,,,,,,0.1239,
node_1_wind_at_Lat_30.000_Lon_-96.875,fixed_generator,,node_1,Wind_time_series_by_year/Wind_time_series_2016_at_Lat_30.000_Lon_-96.875.csv,,,0.0160,,,,,,,0.0248,
node_1_solar_at_Lat_30.000_Lon_-96.250,fixed_generator,,node_1,Solar_time_series_by_year/Solar_time_series_2016_at_Lat_30.000_Lon_-96.250.csv,,,0.0148,,,,,,,0.1239,
node_1_wind_at_Lat_30.000_Lon_-96.250,fixed_generator,,node_1,Wind_time_series_by_year/Wind_time_series_2016_at_Lat_30.000_Lon_-96.250.csv,,,0.0160,,,,,,,0.0248,
node_1_solar_at_Lat_30.000_Lon_-95.625,fixed_generator,,node_1,Solar_time_series_by_year/Solar_time_series_2016_at_Lat_30.000_Lon_-95.625.csv,,,0.0148,,,,,,,0.1239,
node_1_wind_at_Lat_30.000_Lon_-95.625,fixed_generator,,node_1,Wind_time_series_by_year/Wind_time_series_2016_at_Lat_30.000_Lon_-95.625.csv,,,0.0160,,,,,,,0.0248,
node_1_solar_at_Lat_30.000_Lon_-95.000,fixed_generator,,node_1,Solar_time_series_by_year/Solar_time_series_2016_at_Lat_30.000_Lon_-95.000.csv,,,0.0148,,,,,,,0.1239,
node_1_wind_at_Lat_30.000_Lon_-95.000,fixed_generator,,node_1,Wind_time_series_by_year/Wind_time_series_2016_at_Lat_30.000_Lon_-95.000.csv,,,0.0160,,,,,,,0.0248,
node_1_solar_at_Lat_30.000_Lon_-94.375,fixed_generator,,node_1,Solar_time_series_by_year/Solar_time_series_2016_at_Lat_30.000_Lon_-94.375.csv,,,0.0148,,,,,,,0.1239,
node_1_wind_at_Lat_30.000_Lon_-94.375,fixed_generator,,node_1,Wind_time_series_by_year/Wind_time_series_2016_at_Lat_30.000_Lon_-94.375.csv,,,0.0160,,,,,,,0.0248,
node_1_solar_at_Lat_30.000_Lon_-93.750,fixed_generator,,node_1,Solar_time_series_by_year/Solar_time_series_2016_at_Lat_30.000_Lon_-93.750.csv,,,0.0148,,,,,,,0.1239,
node_1_wind_at_Lat_30.000_Lon_-93.750,fixed_generator,,node_1,Wind_time_series_by_year/Wind_time_series_2016_at_Lat_30.000_Lon_-93.750.csv,,,0.0160,,,,,,,0.0248,
node_1_solar_at_Lat_30.000_Lon_-93.125,fixed_generator,,node_1,Solar_time_series_by_year/Solar_time_series_2016_at_Lat_30.000_Lon_-93.125.csv,,,0.0148,,,,,,,0.1239,
node_1_wind_at_Lat_30.000_Lon_-93.125,fixed_generator,,node_1,Wind_time_series_by_year/Wind_time_series_2016_at_Lat_30.000_Lon_-93.125.csv,,,0.0160,,,,,,,0.0248,
node_1_solar_at_Lat_30.000_Lon_-92.500,fixed_generator,,node_1,Solar_time_series_by_year/Solar_time_series_2016_at_Lat_30.000_Lon_-92.500.csv,,,0.0148,,,,,,,0.1239,
node_1_wind_at_Lat_30.000_Lon_-92.500,fixed_generator,,node_1,Wind_time_series_by_year/Wind_time_series_2016_at_Lat_30.000_Lon_-92.500.csv,,,0.0160,,,,,,,0.0248,
node_1_solar_at_Lat_30.000_Lon_-91.875,fixed_generator,,node_1,Solar_time_series_by_year/Solar_time_series_2016_at_Lat_30.000_Lon_-91.875.csv,,,0.0148,,,,,,,0.1239,
node_1_wind_at_Lat_30.000_Lon_-91.875,fixed_generator,,node_1,Wind_time_series_by_year/Wind_time_series_2016_at_Lat_30.000_Lon_-91.875.csv,,,0.0160,,,,,,,0.0248,
node_1_solar_at_Lat_30.000_Lon_-91.250,fixed_generator,,node_1,Solar_time_series_by_year/Solar_time_series_2016_at_Lat_30.000_Lon_-91.250.csv,,,0.0148,,,,,,,0.1239,
node_1_wind_at_Lat_30.000_Lon_-91.250,fixed_generator,,node_1,Wind_time_series_by_year/Wind_time_series_2016_at_Lat_30.000_Lon_-91.250.csv,,,0.0160,,,,,,,0.0248,
node_1_solar_at_Lat_30.000_Lon_-90.625,fixed_generator,,node_1,Solar_time_series_by_year/Solar_time_series_2016_at_Lat_30.000_Lon_-90.625.csv,,,0.0148,,,,,,,0.1239,
node_1_wind_at_Lat_30.000_Lon_-90.625,fixed_generator,,node_1,Wind_time_series_by_year/Wind_time_series_2016_at_Lat_30.000_Lon_-90.625.csv,,,0.0160,,,,,,,0.0248,
node_1_solar_at_Lat_30.000_Lon_-85.000,fixed_generator,,node_1,Solar_time_series_by_year/Solar_time_series_2016_at_Lat_30.000_Lon_-85.000.csv,,,0.0148,,,,,,,0.1239,
node_1_wind_at_Lat_30.000_Lon_-85.000,fixed_generator,,node_1,Wind_time_series_by_year/Wind_time_series_2016_at_Lat_30.000_Lon_-85.000.csv,,,0.0160,,,,,,,0.0248,
node_1_solar_at_Lat_30.000_Lon_-84.375,fixed_generator,,node_1,Solar_time_series_by_year/Solar_time_series_2016_at_Lat_30.000_Lon_-84.375.csv,,,0.0148,,,,,,,0.1239,
node_1_wind_at_Lat_30.000_Lon_-84.375,fixed_generator,,node_1,Wind_time_series_by_year/Wind_time_series_2016_at_Lat_30.000_Lon_-84.375.csv,,,0.0160,,,,,,,0.0248,
node_1_solar_at_Lat_30.000_Lon_-83.750,fixed_generator,,node_1,Solar_time_series_by_year/Solar_time_series_2016_at_Lat_30.000_Lon_-83.750.csv,,,0.0148,,,,,,,0.1239,
node_1_wind_at_Lat_30.000_Lon_-83.750,fixed_generator,,node_1,Wind_time_series_by_year/Wind_time_series_2016_at_Lat_30.000_Lon_-83.750.csv,,,0.0160,,,,,,,0.0248,
node_1_solar_at_Lat_30.000_Lon_-83.125,fixed_generator,,node_1,Solar_time_series_by_year/Solar_time_series_2016_at_Lat_30.000_Lon_-83.125.csv,,,0.0148,,,,,,,0.1239,
node_1_wind_at_Lat_30.000_Lon_-83.125,fixed_generator,,node_1,Wind_time_series_by_year/Wind_time_series_2016_at_Lat_30.000_Lon_-83.125.csv,,,0.0160,,,,,,,0.0248,
node_1_solar_at_Lat_30.000_Lon_-82.500,fixed_generator,,node_1,Solar_time_series_by_year/Solar_time_series_2016_at_Lat_30.000_Lon_-82.500.csv,,,0.0148,,,,,,,0.1239,
node_1_wind_at_Lat_30.000_Lon_-82.500,fixed_generator,,node_1,Wind_time_series_by_year/Wind_time_series_2016_at_Lat_30.000_Lon_-82.500.csv,,,0.0160,,,,,,,0.0248,
node_1_solar_at_Lat_30.000_Lon_-81.875,fixed_generator,,node_1,Solar_time_series_by_year/Solar_time_series_2016_at_Lat_30.000_Lon_-81.875.csv,,,0.0148,,,,,,,0.1239,
node_1_wind_at_Lat_30.000_Lon_-81.875,fixed_generator,,node_1,Wind_time_series_by_year/Wind_time_series_2016_at_Lat_30.000_Lon_-81.875.csv,,,0.0160,,,,,,,0.0248,
node_1_solar_at_Lat_30.500_Lon_-104.375,fixed_generator,,node_1,Solar_time_series_by_year/Solar_time_series_2016_at_Lat_30.500_Lon_-104.375.csv,,,0.0148,,,,,,,0.1233,
node_1_wind_at_Lat_30.500_Lon_-104.375,fixed_generator,,node_1,Wind_time_series_by_year/Wind_time_series_2016_at_Lat_30.500_Lon_-104.375.csv,,,0.0160,,,,,,,0.0247,
node_1_solar_at_Lat_30.500_Lon_-103.750,fixed_generator,,node_1,Solar_time_series_by_year/Solar_time_series_2016_at_Lat_30.500_Lon_-103.750.csv,,,0.0148,,,,,,,0.1233,
node_1_wind_at_Lat_30.500_Lon_-103.750,fixed_generator,,node_1,Wind_time_series_by_year/Wind_time_series_2016_at_Lat_30.500_Lon_-103.750.csv,,,0.0160,,,,,,,0.0247,
node_1_solar_at_Lat_30.500_Lon_-103.125,fixed_generator,,node_1,Solar_time_series_by_year/Solar_time_series_2016_at_Lat_30.500_Lon_-103.125.csv,,,0.0148,,,,,,,0.1233,
node_1_wind_at_Lat_30.500_Lon_-103.125,fixed_generator,,node_1,Wind_time_series_by_year/Wind_time_series_2016_at_Lat_30.500_Lon_-103.125.csv,,,0.0160,,,,,,,0.0247,
node_1_solar_at_Lat_30.500_Lon_-102.500,fixed_generator,,node_1,Solar_time_series_by_year/Solar_time_series_2016_at_Lat_30.500_Lon_-102.500.csv,,,0.0148,,,,,,,0.1233,
node_1_wind_at_Lat_30.500_Lon_-102.500,fixed_generator,,node_1,Wind_time_series_by_year/Wind_time_series_2016_at_Lat_30.500_Lon_-102.500.csv,,,0.0160,,,,,,,0.0247,
node_1_solar_at_Lat_30.500_Lon_-101.875,fixed_generator,,node_1,Solar_time_series_by_year/Solar_time_series_2016_at_Lat_30.500_Lon_-101.875.csv,,,0.0148,,,,,,,0.1233,
node_1_wind_at_Lat_30.500_Lon_-101.875,fixed_generator,,node_1,Wind_time_series_by_year/Wind_time_series_2016_at_Lat_30.500_Lon_-101.875.csv,,,0.0160,,,,,,,0.0247,
node_1_solar_at_Lat_30.500_Lon_-101.250,fixed_generator,,node_1,Solar_time_series_by_year/Solar_time_series_2016_at_Lat_30.500_Lon_-101.250.csv,,,0.0148,,,,,,,0.1233,
node_1_wind_at_Lat_30.500_Lon_-101.250,fixed_generator,,node_1,Wind_time_series_by_year/Wind_time_series_2016_at_Lat_30.500_Lon_-101.250.csv,,,0.0160,,,,,,,0.0247,
node_1_solar_at_Lat_30.500_Lon_-100.625,fixed_generator,,node_1,Solar_time_series_by_year/Solar_time_series_2016_at_Lat_30.500_Lon_-100.625.csv,,,0.0148,,,,,,,0.1233,
node_1_wind_at_Lat_30.500_Lon_-100.625,fixed_generator,,node_1,Wind_time_series_by_year/Wind_time_series_2016_at_Lat_30.500_Lon_-100.625.csv,,,0.0160,,,,,,,0.0247,
node_1_solar_at_Lat_30.500_Lon_-100.000,fixed_generator,,node_1,Solar_time_series_by_year/Solar_time_series_2016_at_Lat_30.500_Lon_-100.000.csv,,,0.0148,,,,,,,0.1233,
node_1_wind_at_Lat_30.500_Lon_-100.000,fixed_generator,,node_1,Wind_time_series_by_year/Wind_time_series_2016_at_Lat_30.500_Lon_-100.000.csv,,,0.0160,,,,,,,0.0247,
node_1_solar_at_Lat_30.500_Lon_-99.375,fixed_generator,,node_1,Solar_time_series_by_year/Solar_time_series_2016_at_Lat_30.500_Lon_-99.375.csv,,,0.0148,,,,,,,0.1233,
node_1_wind_at_Lat_30.500_Lon_-99.375,fixed_generator,,node_1,Wind_time_series_by_year/Wind_time_series_2016_at_Lat_30.500_Lon_-99.375.csv,,,0.0160,,,,,,,0.0247,
node_1_solar_at_Lat_30.500_Lon_-98.750,fixed_generator,,node_1,Solar_time_series_by_year/Solar_time_series_2016_at_Lat_30.500_Lon_-98.750.csv,,,0.0148,,,,,,,0.1233,
node_1_wind_at_Lat_30.500_Lon_-98.750,fixed_generator,,node_1,Wind_time_series_by_year/Wind_time_series_2016_at_Lat_30.500_Lon_-98.750.csv,,,0.0160,,,,,,,0.0247,
node_1_solar_at_Lat_30.500_Lon_-98.125,fixed_generator,,node_1,Solar_time_series_by_year/Solar_time_series_2016_at_Lat_30.500_Lon_-98.125.csv,,,0.0148,,,,,,,0.1233,
node_1_wind_at_Lat_30.500_Lon_-98.125,fixed_generator,,node_1,Wind_time_series_by_year/Wind_time_series_2016_at_Lat_30.500_Lon_-98.125.csv,,,0.0160,,,,,,,0.0247,
node_1_solar_at_Lat_30.500_Lon_-97.500,fixed_generator,,node_1,Solar_time_series_by_year/Solar_time_series_2016_at_Lat_30.500_Lon_-97.500.csv,,,0.0148,,,,,,,0.1233,
node_1_wind_at_Lat_30.500_Lon_-97.500,fixed_generator,,node_1,Wind_time_series_by_year/Wind_time_series_2016_at_Lat_30.500_Lon_-97.500.csv,,,0.0160,,,,,,,0.0247,
node_1_solar_at_Lat_30.500_Lon_-96.875,fixed_generator,,node_1,Solar_time_series_by_year/Solar_time_series_2016_at_Lat_30.500_Lon_-96.875.csv,,,0.0148,,,,,,,0.1233,
node_1_wind_at_Lat_30.500_Lon_-96.875,fixed_generator,,node_1,Wind_time_series_by_year/Wind_time_series_2016_at_Lat_30.500_Lon_-96.875.csv,,,0.0160,,,,,,,0.0247,
node_1_solar_at_Lat_30.500_Lon_-96.250,fixed_generator,,node_1,Solar_time_series_by_year/Solar_time_series_2016_at_Lat_30.500_Lon_-96.250.csv,,,0.0148,,,,,,,0.1233,
node_1_wind_at_Lat_30.500_Lon_-96.250,fixed_generator,,node_1,Wind_time_series_by_year/Wind_time_series_2016_at_Lat_30.500_Lon_-96.250.csv,,,0.0160,,,,,,,0.0247,
node_1_solar_at_Lat_30.500_Lon_-95.625,fixed_generator,,node_1,Solar_time_series_by_year/Solar_time_series_2016_at_Lat_30.500_Lon_-95.625.csv,,,0.0148,,,,,,,0.1233,
node_1_wind_at_Lat_30.500_Lon_-95.625,fixed_generator,,node_1,Wind_time_series_by_year/Wind_time_series_2016_at_Lat_30.500_Lon_-95.625.csv,,,0.0160,,,,,,,0.0247,
node_1_solar_at_Lat_30.500_Lon_-95.000,fixed_generator,,node_1,Solar_time_series_by_year/Solar_time_series_2016_at_Lat_30.500_Lon_-95.000.csv,,,0.0148,,,,,,,0.1233,
node_1_wind_at_Lat_30.500_Lon_-95.000,fixed_generator,,node_1,Wind_time_series_by_year/Wind_time_series_2016_at_Lat_30.500_Lon_-95.000.csv,,,0.0160,,,,,,,0.0247,
node_1_solar_at_Lat_30.500_Lon_-94.375,fixed_generator,,node_1,Solar_time_series_by_year/Solar_time_series_2016_at_Lat_30.500_Lon_-94.375.csv,,,0.0148,,,,,,,0.1233,
node_1_wind_at_Lat_30.500_Lon_-94.375,fixed_generator,,node_1,Wind_time_series_by_year/Wind_time_series_2016_at_Lat_30.500_Lon_-94.375.csv,,,0.0160,,,,,,,0.0247,
node_1_solar_at_Lat_30.500_Lon_-93.750,fixed_generator,,node_1,Solar_time_series_by_year/Solar_time_series_2016_at_Lat_30.500_Lon_-93.750.csv,,,0.0148,,,,,,,0.1233,
node_1_wind_at_Lat_30.500_Lon_-93.750,fixed_generator,,node_1,Wind_time_series_by_year/Wind_time_series_2016_at_Lat_30.500_Lon_-93.750.csv,,,0.0160,,,,,,,0.0247,
node_1_solar_at_Lat_30.500_Lon_-93.125,fixed_generator,,node_1,Solar_time_series_by_year/Solar_time_series_2016_at_Lat_30.500_Lon_-93.125.csv,,,0.0148,,,,,,,0.1233,
node_1_wind_at_Lat_30.500_Lon_-93.125,fixed_generator,,node_1,Wind_time_series_by_year/Wind_time_series_2016_at_Lat_30.500_Lon_-93.125.csv,,,0.0160,,,,,,,0.0247,
node_1_solar_at_Lat_30.500_Lon_-92.500,fixed_generator,,node_1,Solar_time_series_by_year/Solar_time_series_2016_at_Lat_30.500_Lon_-92.500.csv,,,0.0148,,,,,,,0.1233,
node_1_wind_at_Lat_30.500_Lon_-92.500,fixed_generator,,node_1,Wind_time_series_by_year/Wind_time_series_2016_at_Lat_30.500_Lon_-92.500.csv,,,0.0160,,,,,,,0.0247,
node_1_solar_at_Lat_30.500_Lon_-91.875,fixed_generator,,node_1,Solar_time_series_by_year/Solar_time_series_2016_at_Lat_30.500_Lon_-91.875.csv,,,0.0148,,,,,,,0.1233,
node_1_wind_at_Lat_30.500_Lon_-91.875,fixed_generator,,node_1,Wind_time_series_by_year/Wind_time_series_2016_at_Lat_30.500_Lon_-91.875.csv,,,0.0160,,,,,,,0.0247,
node_1_solar_at_Lat_30.500_Lon_-91.250,fixed_generator,,node_1,Solar_time_series_by_year/Solar_time_series_2016_at_Lat_30.500_Lon_-91.250.csv,,,0.0148,,,,,,,0.1233,
node_1_wind_at_Lat_30.500_Lon_-91.250,fixed_generator,,node_1,Wind_time_series_by_year/Wind_time_series_2016_at_Lat_30.500_Lon_-91.250.csv,,,0.0160,,,,,,,0.0247,
node_1_solar_at_Lat_30.500_Lon_-90.625,fixed_generator,,node_1,Solar_time_series_by_year/Solar_time_series_2016_at_Lat_30.500_Lon_-90.625.csv,,,0.0148,,,,,,,0.1233,
node_1_wind_at_Lat_30.500_Lon_-90.625,fixed_generator,,node_1,Wind_time_series_by_year/Wind_time_series_2016_at_Lat_30.500_Lon_-90.625.csv,,,0.0160,,,,,,,0.0247,
node_1_solar_at_Lat_30.500_Lon_-90.000,fixed_generator,,node_1,Solar_time_series_by_year/Solar_time_series_2016_at_Lat_30.500_Lon_-90.000.csv,,,0.0148,,,,,,,0.1233,
node_1_wind_at_Lat_30.500_Lon_-90.000,fixed_generator,,node_1,Wind_time_series_by_year/Wind_time_series_2016_at_Lat_30.500_Lon_-90.000.csv,,,0.0160,,,,,,,0.0247,
node_1_solar_at_Lat_30.500_Lon_-89.375,fixed_generator,,node_1,Solar_time_series_by_year/Solar_time_series_2016_at_Lat_30.500_Lon_-89.375.csv,,,0.0148,,,,,,,0.1233,
node_1_wind_at_Lat_30.500_Lon_-89.375,fixed_generator,,node_1,Wind_time_series_by_year/Wind_time_series_2016_at_Lat_30.500_Lon_-89.375.csv,,,0.0160,,,,,,,0.0247,
node_1_solar_at_Lat_30.500_Lon_-88.750,fixed_generator,,node_1,Solar_time_series_by_year/Solar_time_series_2016_at_Lat_30.500_Lon_-88.750.csv,,,0.0148,,,,,,,0.1233,
node_1_wind_at_Lat_30.500_Lon_-88.750,fixed_generator,,node_1,Wind_time_series_by_year/Wind_time_series_2016_at_Lat_30.500_Lon_-88.750.csv,,,0.0160,,,,,,,0.0247,
node_1_solar_at_Lat_30.500_Lon_-88.125,fixed_generator,,node_1,Solar_time_series_by_year/Solar_time_series_2016_at_Lat_30.500_Lon_-88.125.csv,,,0.0148,,,,,,,0.1233,
node_1_wind_at_Lat_30.500_Lon_-88.125,fixed_generator,,node_1,Wind_time_series_by_year/Wind_time_series_2016_at_Lat_30.500_Lon_-88.125.csv,,,0.0160,,,,,,,0.0247,
node_1_solar_at_Lat_30.500_Lon_-87.500,fixed_generator,,node_1,Solar_time_series_by_year/Solar_time_series_2016_at_Lat_30.500_Lon_-87.500.csv,,,0.0148,,,,,,,0.1233,
node_1_wind_at_Lat_30.500_Lon_-87.500,fixed_generator,,node_1,Wind_time_series_by_year/Wind_time_series_2016_at_Lat_30.500_Lon_-87.500.csv,,,0.0160,,,,,,,0.0247,
node_1_solar_at_Lat_30.500_Lon_-86.875,fixed_generator,,node_1,Solar_time_series_by_year/Solar_time_series_2016_at_Lat_30.500_Lon_-86.875.csv,,,0.0148,,,,,,,0.1233,
node_1_wind_at_Lat_30.500_Lon_-86.875,fixed_generator,,node_1,Wind_time_series_by_year/Wind_time_series_2016_at_Lat_30.500_Lon_-86.875.csv,,,0.0160,,,,,,,0.0247,
node_1_solar_at_Lat_30.500_Lon_-86.250,fixed_generator,,node_1,Solar_time_series_by_year/Solar_time_series_2016_at_Lat_30.500_Lon_-86.250.csv,,,0.0148,,,,,,,0.1233,
node_1_wind_at_Lat_30.500_Lon_-86.250,fixed_generator,,node_1,Wind_time_series_by_year/Wind_time_series_2016_at_Lat_30.500_Lon_-86.250.csv,,,0.0160,,,,,,,0.0247,
node_1_solar_at_Lat_30.500_Lon_-85.625,fixed_generator,,node_1,Solar_time_series_by_year/Solar_time_series_2016_at_Lat_30.500_Lon_-85.625.csv,,,0.0148,,,,,,,0.1233,
node_1_wind_at_Lat_30.500_Lon_-85.625,fixed_generator,,node_1,Wind_time_series_by_year/Wind_time_series_2016_at_Lat_30.500_Lon_-85.625.csv,,,0.0160,,,,,,,0.0247,
node_1_solar_at_Lat_30.500_Lon_-85.000,fixed_generator,,node_1,Solar_time_series_by_year/Solar_time_series_2016_at_Lat_30.500_Lon_-85.000.csv,,,0.0148,,,,,,,0.1233,
node_1_wind_at_Lat_30.500_Lon_-85.000,fixed_generator,,node_1,Wind_time_series_by_year/Wind_time_series_2016_at_Lat_30.500_Lon_-85.000.csv,,,0.0160,,,,,,,0.0247,
node_1_solar_at_Lat_30.500_Lon_-84.375,fixed_generator,,node_1,Solar_time_series_by_year/Solar_time_series_2016_at_Lat_30.500_Lon_-84.375.csv,,,0.0148,,,,,,,0.1233,
node_1_wind_at_Lat_30.500_Lon_-84.375,fixed_generator,,node_1,Wind_time_series_by_year/Wind_time_series_2016_at_Lat_30.500_Lon_-84.375.csv,,,0.0160,,,,,,,0.0247,
node_1_solar_at_Lat_30.500_Lon_-83.750,fixed_generator,,node_1,Solar_time_series_by_year/Solar_time_series_2016_at_Lat_30.500_Lon_-83.750.csv,,,0.0148,,,,,,,0.1233,
node_1_wind_at_Lat_30.500_Lon_-83.750,fixed_generator,,node_1,Wind_time_series_by_year/Wind_time_series_2016_at_Lat_30.500_Lon_-83.750.csv,,,0.0160,,,,,,,0.0247,
node_1_solar_at_Lat_30.500_Lon_-83.125,fixed_generator,,node_1,Solar_time_series_by_year/Solar_time_series_2016_at_Lat_30.500_Lon_-83.125.csv,,,0.0148,,,,,,,0.1233,
node_1_wind_at_Lat_30.500_Lon_-83.125,fixed_generator,,node_1,Wind_time_series_by_year/Wind_time_series_2016_at_Lat_30.500_Lon_-83.125.csv,,,0.0160,,,,,,,0.0247,
node_1_solar_at_Lat_30.500_Lon_-82.500,fixed_generator,,node_1,Solar_time_series_by_year/Solar_time_series_2016_at_Lat_30.500_Lon_-82.500.csv,,,0.0148,,,,,,,0.1233,
node_1_wind_at_Lat_30.500_Lon_-82.500,fixed_generator,,node_1,Wind_time_series_by_year/Wind_time_series_2016_at_Lat_30.500_Lon_-82.500.csv,,,0.0160,,,,,,,0.0247,
node_1_solar_at_Lat_30.500_Lon_-81.875,fixed_generator,,node_1,Solar_time_series_by_year/Solar_time_series_2016_at_Lat_30.500_Lon_-81.875.csv,,,0.0148,,,,,,,0.1233,
node_1_wind_at_Lat_30.500_Lon_-81.875,fixed_generator,,node_1,Wind_time_series_by_year/Wind_time_series_2016_at_Lat_30.500_Lon_-81.875.csv,,,0.0160,,,,,,,0.0247,
node_1_solar_at_Lat_31.000_Lon_-105.000,fixed_generator,,node_1,Solar_time_series_by_year/Solar_time_series_2016_at_Lat_31.000_Lon_-105.000.csv,,,0.0148,,,,,,,0.1227,
node_1_wind_at_Lat_31.000_Lon_-105.000,fixed_generator,,node_1,Wind_time_series_by_year/Wind_time_series_2016_at_Lat_31.000_Lon_-105.000.csv,,,0.0160,,,,,,,0.0245,
node_1_solar_at_Lat_31.000_Lon_-104.375,fixed_generator,,node_1,Solar_time_series_by_year/Solar_time_series_2016_at_Lat_31.000_Lon_-104.375.csv,,,0.0148,,,,,,,0.1227,
node_1_wind_at_Lat_31.000_Lon_-104.375,fixed_generator,,node_1,Wind_time_series_by_year/Wind_time_series_2016_at_Lat_31.000_Lon_-104.375.csv,,,0.0160,,,,,,,0.0245,
node_1_solar_at_Lat_31.000_Lon_-103.750,fixed_generator,,node_1,Solar_time_series_by_year/Solar_time_series_2016_at_Lat_31.000_Lon_-103.750.csv,,,0.0148,,,,,,,0.1227,
node_1_wind_at_Lat_31.000_Lon_-103.750,fixed_generator,,node_1,Wind_time_series_by_year/Wind_time_series_2016_at_Lat_31.000_Lon_-103.750.csv,,,0.0160,,,,,,,0.0245,
node_1_solar_at_Lat_31.000_Lon_-103.125,fixed_generator,,node_1,Solar_time_series_by_year/Solar_time_series_2016_at_Lat_31.000_Lon_-103.125.csv,,,0.0148,,,,,,,0.1227,
node_1_wind_at_Lat_31.000_Lon_-103.125,fixed_generator,,node_1,Wind_time_series_by_year/Wind_time_series_2016_at_Lat_31.000_Lon_-103.125.csv,,,0.0160,,,,,,,0.0245,
node_1_solar_at_Lat_31.000_Lon_-102.500,fixed_generator,,node_1,Solar_time_series_by_year/Solar_time_series_2016_at_Lat_31.000_Lon_-102.500.csv,,,0.0148,,,,,,,0.1227,
node_1_wind_at_Lat_31.000_Lon_-102.500,fixed_generator,,node_1,Wind_time_series_by_year/Wind_time_series_2016_at_Lat_31.000_Lon_-102.500.csv,,,0.0160,,,,,,,0.0245,
node_1_solar_at_Lat_31.000_Lon_-101.875,fixed_generator,,node_1,Solar_time_series_by_year/Solar_time_series_2016_at_Lat_31.000_Lon_-101.875.csv,,,0.0148,,,,,,,0.1227,
node_1_wind_at_Lat_31.000_Lon_-101.875,fixed_generator,,node_1,Wind_time_series_by_year/Wind_time_series_2016_at_Lat_31.000_Lon_-101.875.csv,,,0.0160,,,,,,,0.0245,
node_1_solar_at_Lat_31.000_Lon_-101.250,fixed_generator,,node_1,Solar_time_series_by_year/Solar_time_series_2016_at_Lat_31.000_Lon_-101.250.csv,,,0.0148,,,,,,,0.1227,
node_1_wind_at_Lat_31.000_Lon_-101.250,fixed_generator,,node_1,Wind_time_series_by_year/Wind_time_series_2016_at_Lat_31.000_Lon_-101.250.csv,,,0.0160,,,,,,,0.0245,
node_1_solar_at_Lat_31.000_Lon_-100.625,fixed_generator,,node_1,Solar_time_series_by_year/Solar_time_series_2016_at_Lat_31.000_Lon_-100.625.csv,,,0.0148,,,,,,,0.1227,
node_1_wind_at_Lat_31.000_Lon_-100.625,fixed_generator,,node_1,Wind_time_series_by_year/Wind_time_series_2016_at_Lat_31.000_Lon_-100.625.csv,,,0.0160,,,,,,,0.0245,
node_1_solar_at_Lat_31.000_Lon_-100.000,fixed_generator,,node_1,Solar_time_series_by_year/Solar_time_series_2016_at_Lat_31.000_Lon_-100.000.csv,,,0.0148,,,,,,,0.1227,
node_1_wind_at_Lat_31.000_Lon_-100.000,fixed_generator,,node_1,Wind_time_series_by_year/Wind_time_series_2016_at_Lat_31.000_Lon_-100.000.csv,,,0.0160,,,,,,,0.0245,
node_1_solar_at_Lat_31.000_Lon_-99.375,fixed_generator,,node_1,Solar_time_series_by_year/Solar_time_series_2016_at_Lat_31.000_Lon_-99.375.csv,,,0.0148,,,,,,,0.1227,
node_1_wind_at_Lat_31.000_Lon_-99.375,fixed_generator,,node_1,Wind_time_series_by_year/Wind_time_series_2016_at_Lat_31.000_Lon_-99.375.csv,,,0.0160,,,,,,,0.0245,
node_1_solar_at_Lat_31.000_Lon_-98.750,fixed_generator,,node_1,Solar_time_series_by_year/Solar_time_series_2016_at_Lat_31.000_Lon_-98.750.csv,,,0.0148,,,,,,,0.1227,
node_1_wind_at_Lat_31.000_Lon_-98.750,fixed_generator,,node_1,Wind_time_series_by_year/Wind_time_series_2016_at_Lat_31.000_Lon_-98.750.csv,,,0.0160,,,,,,,0.0245,
node_1_solar_at_Lat_31.000_Lon_-98.125,fixed_generator,,node_1,Solar_time_series_by_year/Solar_time_series_2016_at_Lat_31.000_Lon_-98.125.csv,,,0.0148,,,,,,,0.1227,
node_1_wind_at_Lat_31.000_Lon_-98.125,fixed_generator,,node_1,Wind_time_series_by_year/Wind_time_series_2016_at_Lat_31.000_Lon_-98.125.csv,,,0.0160,,,,,,,0.0245,
node_1_solar_at_Lat_31.000_Lon_-97.500,fixed_generator,,node_1,Solar_time_series_by_year/Solar_time_series_2016_at_Lat_31.000_Lon_-97.500.csv,,,0.0148,,,,,,,0.1227,
node_1_wind_at_Lat_31.000_Lon_-97.500,fixed_generator,,node_1,Wind_time_series_by_year/Wind_time_series_2016_at_Lat_31.000_Lon_-97.500.csv,,,0.0160,,,,,,,0.0245,
node_1_solar_at_Lat_31.000_Lon_-96.875,fixed_generator,,node_1,Solar_time_series_by_year/Solar_time_series_2016_at_Lat_31.000_Lon_-96.875.csv,,,0.0148,,,,,,,0.1227,
node_1_wind_at_Lat_31.000_Lon_-96.875,fixed_generator,,node_1,Wind_time_series_by_year/Wind_time_series_2016_at_Lat_31.000_Lon_-96.875.csv,,,0.0160,,,,,,,0.0245,
node_1_solar_at_Lat_31.000_Lon_-96.250,fixed_generator,,node_1,Solar_time_series_by_year/Solar_time_series_2016_at_Lat_31.000_Lon_-96.250.csv,,,0.0148,,,,,,,0.1227,
node_1_wind_at_Lat_31.000_Lon_-96.250,fixed_generator,,node_1,Wind_time_series_by_year/Wind_time_series_2016_at_Lat_31.000_Lon_-96.250.csv,,,0.0160,,,,,,,0.0245,
node_1_solar_at_Lat_31.000_Lon_-95.625,fixed_generator,,node_1,Solar_time_series_by_year/Solar_time_series_2016_at_Lat_31.000_Lon_-95.625.csv,,,0.0148,,,,,,,0.1227,
node_1_wind_at_Lat_31.000_Lon_-95.625,fixed_generator,,node_1,Wind_time_series_by_year/Wind_time_series_2016_at_Lat_31.000_Lon_-95.625.csv,,,0.0160,,,,,,,0.0245,
node_1_solar_at_Lat_31.000_Lon_-95.000,fixed_generator,,node_1,Solar_time_series_by_year/Solar_time_series_2016_at_Lat_31.000_Lon_-95.000.csv,,,0.0148,,,,,,,0.1227,
node_1_wind_at_Lat_31.000_Lon_-95.000,fixed_generator,,node_1,Wind_time_series_by_year/Wind_time_series_2016_at_Lat_31.000_Lon_-95.000.csv,,,0.0160,,,,,,,0.0245,
node_1_solar_at_Lat_31.000_Lon_-94.375,fixed_generator,,node_1,Solar_time_series_by_year/Solar_time_series_2016_at_Lat_31.000_Lon_-94.375.csv,,,0.0148,,,,,,,0.1227,
node_1_wind_at_Lat_31.000_Lon_-94.375,fixed_generator,,node_1,Wind_time_series_by_year/Wind_time_series_2016_at_Lat_31.000_Lon_-94.375.csv,,,0.0160,,,,,,,0.0245,
node_1_solar_at_Lat_31.000_Lon_-93.750,fixed_generator,,node_1,Solar_time_series_by_year/Solar_time_series_2016_at_Lat_31.000_Lon_-93.750.csv,,,0.0148,,,,,,,0.1227,
node_1_wind_at_Lat_31.000_Lon_-93.750,fixed_generator,,node_1,Wind_time_series_by_year/Wind_time_series_2016_at_Lat_31.000_Lon_-93.750.csv,,,0.0160,,,,,,,0.0245,
node_1_solar_at_Lat_31.000_Lon_-93.125,fixed_generator,,node_1,Solar_time_series_by_year/Solar_time_series_2016_at_Lat_31.000_Lon_-93.125.csv,,,0.0148,,,,,,,0.1227,
node_1_wind_at_Lat_31.000_Lon_-93.125,fixed_generator,,node_1,Wind_time_series_by_year/Wind_time_series_2016_at_Lat_31.000_Lon_-93.125.csv,,,0.0160,,,,,,,0.0245,
node_1_solar_at_Lat_31.000_Lon_-92.500,fixed_generator,,node_1,Solar_time_series_by_year/Solar_time_series_2016_at_Lat_31.000_Lon_-92.500.csv,,,0.0148,,,,,,,0.1227,
node_1_wind_at_Lat_31.000_Lon_-92.500,fixed_generator,,node_1,Wind_time_series_by_year/Wind_time_series_2016_at_Lat_31.000_Lon_-92.500.csv,,,0.0160,,,,,,,0.0245,
node_1_solar_at_Lat_31.000_Lon_-91.875,fixed_generator,,node_1,Solar_time_series_by_year/Solar_time_series_2016_at_Lat_31.000_Lon_-91.875.csv,,,0.0148,,,,,,,0.1227,
node_1_wind_at_Lat_31.000_Lon_-91.875,fixed_generator,,node_1,Wind_time_series_by_year/Wind_time_series_2016_at_Lat_31.000_Lon_-91.875.csv,,,0.0160,,,,,,,0.0245,
node_1_solar_at_Lat_31.000_Lon_-91.250,fixed_generator,,node_1,Solar_time_series_by_year/Solar_time_series_2016_at_Lat_31.000_Lon_-91.250.csv,,,0.0148,,,,,,,0.1227,
node_1_wind_at_Lat_31.000_Lon_-91.250,fixed_generator,,node_1,Wind_time_series_by_year/Wind_time_series_2016_at_Lat_31.000_Lon_-91.250.csv,,,0.0160,,,,,,,0.0245,
node_1_solar_at_Lat_31.000_Lon_-90.625,fixed_generator,,node_1,Solar_time_series_by_year/Solar_time_series_2016_at_Lat_31.000_Lon_-90.625.csv,,,0.0148,,,,,,,0.1227,
node_1_wind_at_Lat_31.000_Lon_-90.625,fixed_generator,,node_1,Wind_time_series_by_year/Wind_time_series_2016_at_Lat_31.000_Lon_-90.625.csv,,,0.0160,,,,,,,0.0245,
node_1_solar_at_Lat_31.000_Lon_-90.000,fixed_generator,,node_1,Solar_time_series_by_year/Solar_time_series_2016_at_Lat_31.000_Lon_-90.000.csv,,,0.0148,,,,,,,0.1227,
node_1_wind_at_Lat_31.000_Lon_-90.000,fixed_generator,,node_1,Wind_time_series_by_year/Wind_time_series_2016_at_Lat_31.000_Lon_-90.000.csv,,,0.0160,,,,,,,0.0245,
node_1_solar_at_Lat_31.000_Lon_-89.375,fixed_generator,,node_1,Solar_time_series_by_year/Solar_time_series_2016_at_Lat_31.000_Lon_-89.375.csv,,,0.0148,,,,,,,0.1227,
node_1_wind_at_Lat_31.000_Lon_-89.375,fixed_generator,,node_1,Wind_time_series_by_year/Wind_time_series_2016_at_Lat_31.000_Lon_-89.375.csv,,,0.0160,,,,,,,0.0245,
node_1_solar_at_Lat_31.000_Lon_-88.750,fixed_generator,,node_1,Solar_time_series_by_year/Solar_time_series_2016_at_Lat_31.000_Lon_-88.750.csv,,,0.0148,,,,,,,0.1227,
node_1_wind_at_Lat_31.000_Lon_-88.750,fixed_generator,,node_1,Wind_time_series_by_year/Wind_time_series_2016_at_Lat_31.000_Lon_-88.750.csv,,,0.0160,,,,,,,0.0245,
node_1_solar_at_Lat_31.000_Lon_-88.125,fixed_generator,,node_1,Solar_time_series_by_year/Solar_time_series_2016_at_Lat_31.000_Lon_-88.125.csv,,,0.0148,,,,,,,0.1227,
node_1_wind_at_Lat_31.000_Lon_-88.125,fixed_generator,,node_1,Wind_time_series_by_year/Wind_time_series_2016_at_Lat_31.000_Lon_-88.125.csv,,,0.0160,,,,,,,0.0245,
node_1_solar_at_Lat_31.000_Lon_-87.500,fixed_generator,,node_1,Solar_time_series_by_year/Solar_time_series_2016_at_Lat_31.000_Lon_-87.500.csv,,,0.0148,,,,,,,0.1227,
node_1_wind_at_Lat_31.000_Lon_-87.500,fixed_generator,,node_1,Wind_time_series_by_year/Wind_time_series_2016_at_Lat_31.000_Lon_-87.500.csv,,,0.0160,,,,,,,0.0245,
node_1_solar_at_Lat_31.000_Lon_-86.875,fixed_generator,,node_1,Solar_time_series_by_year/Solar_time_series_2016_at_Lat_31.000_Lon_-86.875.csv,,,0.0148,,,,,,,0.1227,
node_1_wind_at_Lat_31.000_Lon_-86.875,fixed_generator,,node_1,Wind_time_series_by_year/Wind_time_series_2016_at_Lat_31.000_Lon_-86.875.csv,,,0.0160,,,,,,,0.0245,
node_1_solar_at_Lat_31.000_Lon_-86.250,fixed_generator,,node_1,Solar_time_series_by_year/Solar_time_series_2016_at_Lat_31.000_Lon_-86.250.csv,,,0.0148,,,,,,,0.1227,
node_1_wind_at_Lat_31.000_Lon_-86.250,fixed_generator,,node_1,Wind_time_series_by_year/Wind_time_series_2016_at_Lat_31.000_Lon_-86.250.csv,,,0.0160,,,,,,,0.0245,
node_1_solar_at_Lat_31.000_Lon_-85.625,fixed_generator,,node_1,Solar_time_series_by_year/Solar_time_series_2016_at_Lat_31.000_Lon_-85.625.csv,,,0.0148,,,,,,,0.1227,
node_1_wind_at_Lat_31.000_Lon_-85.625,fixed_generator,,node_1,Wind_time_series_by_year/Wind_time_series_2016_at_Lat_31.000_Lon_-85.625.csv,,,0.0160,,,,,,,0.0245,
node_1_solar_at_Lat_31.000_Lon_-85.000,fixed_generator,,node_1,Solar_time_series_by_year/Solar_time_series_2016_at_Lat_31.000_Lon_-85.000.csv,,,0.0148,,,,,,,0.1227,
node_1_wind_at_Lat_31.000_Lon_-85.000,fixed_generator,,node_1,Wind_time_series_by_year/Wind_time_series_2016_at_Lat_31.000_Lon_-85.000.csv,,,0.0160,,,,,,,0.0245,
node_1_solar_at_Lat_31.000_Lon_-84.375,fixed_generator,,node_1,Solar_time_series_by_year/Solar_time_series_2016_at_Lat_31.000_Lon_-84.375.csv,,,0.0148,,,,,,,0.1227,
node_1_wind_at_Lat_31.000_Lon_-84.375,fixed_generator,,node_1,Wind_time_series_by_year/Wind_time_series_2016_at_Lat_31.000_Lon_-84.375.csv,,,0.0160,,,,,,,0.0245,
node_1_solar_at_Lat_31.000_Lon_-83.750,fixed_generator,,node_1,Solar_time_series_by_year/Solar_time_series_2016_at_Lat_31.000_Lon_-83.750.csv,,,0.0148,,,,,,,0.1227,
node_1_wind_at_Lat_31.000_Lon_-83.750,fixed_generator,,node_1,Wind_time_series_by_year/Wind_time_series_2016_at_Lat_31.000_Lon_-83.750.csv,,,0.0160,,,,,,,0.0245,
node_1_solar_at_Lat_31.000_Lon_-83.125,fixed_generator,,node_1,Solar_time_series_by_year/Solar_time_series_2016_at_Lat_31.000_Lon_-83.125.csv,,,0.0148,,,,,,,0.1227,
node_1_wind_at_Lat_31.000_Lon_-83.125,fixed_generator,,node_1,Wind_time_series_by_year/Wind_time_series_2016_at_Lat_31.000_Lon_-83.125.csv,,,0.0160,,,,,,,0.0245,
node_1_solar_at_Lat_31.000_Lon_-82.500,fixed_generator,,node_1,Solar_time_series_by_year/Solar_time_series_2016_at_Lat_31.000_Lon_-82.500.csv,,,0.0148,,,,,,,0.1227,
node_1_wind_at_Lat_31.000_Lon_-82.500,fixed_generator,,node_1,Wind_time_series_by_year/Wind_time_series_2016_at_Lat_31.000_Lon_-82.500.csv,,,0.0160,,,,,,,0.0245,
node_1_solar_at_Lat_31.000_Lon_-81.875,fixed_generator,,node_1,Solar_time_series_by_year/Solar_time_series_2016_at_Lat_31.000_Lon_-81.875.csv,,,0.0148,,,,,,,0.1227,
node_1_wind_at_Lat_31.000_Lon_-81.875,fixed_generator,,node_1,Wind_time_series_by_year/Wind_time_series_2016_at_Lat_31.000_Lon_-81.875.csv,,,0.0160,,,,,,,0.0245,
node_1_solar_at_Lat_31.500_Lon_-111.250,fixed_generator,,node_1,Solar_time_series_by_year/Solar_time_series_2016_at_Lat_31.500_Lon_-111.250.csv,,,0.0148,,,,,,,0.1220,
node_1_wind_at_Lat_31.500_Lon_-111.250,fixed_generator,,node_1,Wind_time_series_by_year/Wind_time_series_2016_at_Lat_31.500_Lon_-111.250.csv,,,0.0160,,,,,,,0.0244,
node_1_solar_at_Lat_31.500_Lon_-110.625,fixed_generator,,node_1,Solar_time_series_by_year/Solar_time_series_2016_at_Lat_31.500_Lon_-110.625.csv,,,0.0148,,,,,,,0.1220,
node_1_wind_at_Lat_31.500_Lon_-110.625,fixed_generator,,node_1,Wind_time_series_by_year/Wind_time_series_2016_at_Lat_31.500_Lon_-110.625.csv,,,0.0160,,,,,,,0.0244,
node_1_solar_at_Lat_31.500_Lon_-110.000,fixed_generator,,node_1,Solar_time_series_by_year/Solar_time_series_2016_at_Lat_31.500_Lon_-110.000.csv,,,0.0148,,,,,,,0.1220,
node_1_wind_at_Lat_31.500_Lon_-110.000,fixed_generator,,node_1,Wind_time_series_by_year/Wind_time_series_2016_at_Lat_31.500_Lon_-110.000.csv,,,0.0160,,,,,,,0.0244,
node_1_solar_at_Lat_31.500_Lon_-109.375,fixed_generator,,node_1,Solar_time_series_by_year/Solar_time_series_2016_at_Lat_31.500_Lon_-109.375.csv,,,0.0148,,,,,,,0.1220,
node_1_wind_at_Lat_31.500_Lon_-109.375,fixed_generator,,node_1,Wind_time_series_by_year/Wind_time_series_2016_at_Lat_31.500_Lon_-109.375.csv,,,0.0160,,,,,,,0.0244,
node_1_solar_at_Lat_31.500_Lon_-108.750,fixed_generator,,node_1,Solar_time_series_by_year/Solar_time_series_2016_at_Lat_31.500_Lon_-108.750.csv,,,0.0148,,,,,,,0.1220,
node_1_wind_at_Lat_31.500_Lon_-108.750,fixed_generator,,node_1,Wind_time_series_by_year/Wind_time_series_2016_at_Lat_31.500_Lon_-108.750.csv,,,0.0160,,,,,,,0.0244,
node_1_solar_at_Lat_31.500_Lon_-105.625,fixed_generator,,node_1,Solar_time_series_by_year/Solar_time_series_2016_at_Lat_31.500_Lon_-105.625.csv,,,0.0148,,,,,,,0.1220,
node_1_wind_at_Lat_31.500_Lon_-105.625,fixed_generator,,node_1,Wind_time_series_by_year/Wind_time_series_2016_at_Lat_31.500_Lon_-105.625.csv,,,0.0160,,,,,,,0.0244,
node_1_solar_at_Lat_31.500_Lon_-105.000,fixed_generator,,node_1,Solar_time_series_by_year/Solar_time_series_2016_at_Lat_31.500_Lon_-105.000.csv,,,0.0148,,,,,,,0.1220,
node_1_wind_at_Lat_31.500_Lon_-105.000,fixed_generator,,node_1,Wind_time_series_by_year/Wind_time_series_2016_at_Lat_31.500_Lon_-105.000.csv,,,0.0160,,,,,,,0.0244,
node_1_solar_at_Lat_31.500_Lon_-104.375,fixed_generator,,node_1,Solar_time_series_by_year/Solar_time_series_2016_at_Lat_31.500_Lon_-104.375.csv,,,0.0148,,,,,,,0.1220,
node_1_wind_at_Lat_31.500_Lon_-104.375,fixed_generator,,node_1,Wind_time_series_by_year/Wind_time_series_2016_at_Lat_31.500_Lon_-104.375.csv,,,0.0160,,,,,,,0.0244,
node_1_solar_at_Lat_31.500_Lon_-103.750,fixed_generator,,node_1,Solar_time_series_by_year/Solar_time_series_2016_at_Lat_31.500_Lon_-103.750.csv,,,0.0148,,,,,,,0.1220,
node_1_wind_at_Lat_31.500_Lon_-103.750,fixed_generator,,node_1,Wind_time_series_by_year/Wind_time_series_2016_at_Lat_31.500_Lon_-103.750.csv,,,0.0160,,,,,,,0.0244,
node_1_solar_at_Lat_31.500_Lon_-103.125,fixed_generator,,node_1,Solar_time_series_by_year/Solar_time_series_2016_at_Lat_31.500_Lon_-103.125.csv,,,0.0148,,,,,,,0.1220,
node_1_wind_at_Lat_31.500_Lon_-103.125,fixed_generator,,node_1,Wind_time_series_by_year/Wind_time_series_2016_at_Lat_31.500_Lon_-103.125.csv,,,0.0160,,,,,,,0.0244,
node_1_solar_at_Lat_31.500_Lon_-102.500,fixed_generator,,node_1,Solar_time_series_by_year/Solar_time_series_2016_at_Lat_31.500_Lon_-102.500.csv,,,0.0148,,,,,,,0.1220,
node_1_wind_at_Lat_31.500_Lon_-102.500,fixed_generator,,node_1,Wind_time_series_by_year/Wind_time_series_2016_at_Lat_31.500_Lon_-102.500.csv,,,0.0160,,,,,,,0.0244,
node_1_solar_at_Lat_31.500_Lon_-101.875,fixed_generator,,node_1,Solar_time_series_by_year/Solar_time_series_2016_at_Lat_31.500_Lon_-101.875.csv,,,0.0148,,,,,,,0.1220,
node_1_wind_at_Lat_31.500_Lon_-101.875,fixed_generator,,node_1,Wind_time_series_by_year/Wind_time_series_2016_at_Lat_31.500_Lon_-101.875.csv,,,0.0160,,,,,,,0.0244,
node_1_solar_at_Lat_31.500_Lon_-101.250,fixed_generator,,node_1,Solar_time_series_by_year/Solar_time_series_2016_at_Lat_31.500_Lon_-101.250.csv,,,0.0148,,,,,,,0.1220,
node_1_wind_at_Lat_31.500_Lon_-101.250,fixed_generator,,node_1,Wind_time_series_by_year/Wind_time_series_2016_at_Lat_31.500_Lon_-101.250.csv,,,0.0160,,,,,,,0.0244,
node_1_solar_at_Lat_31.500_Lon_-100.625,fixed_generator,,node_1,Solar_time_series_by_year/Solar_time_series_2016_at_Lat_31.500_Lon_-100.625.csv,,,0.0148,,,,,,,0.1220,
node_1_wind_at_Lat_31.500_Lon_-100.625,fixed_generator,,node_1,Wind_time_series_by_year/Wind_time_series_2016_at_Lat_31.500_Lon_-100.625.csv,,,0.0160,,,,,,,0.0244,
node_1_solar_at_Lat_31.500_Lon_-100.000,fixed_generator,,node_1,Solar_time_series_by_year/Solar_time_series_2016_at_Lat_31.500_Lon_-100.000.csv,,,0.0148,,,,,,,0.1220,
node_1_wind_at_Lat_31.500_Lon_-100.000,fixed_generator,,node_1,Wind_time_series_by_year/Wind_time_series_2016_at_Lat_31.500_Lon_-100.000.csv,,,0.0160,,,,,,,0.0244,
node_1_solar_at_Lat_31.500_Lon_-99.375,fixed_generator,,node_1,Solar_time_series_by_year/Solar_time_series_2016_at_Lat_31.500_Lon_-99.375.csv,,,0.0148,,,,,,,0.1220,
node_1_wind_at_Lat_31.500_Lon_-99.375,fixed_generator,,node_1,Wind_time_series_by_year/Wind_time_series_2016_at_Lat_31.500_Lon_-99.375.csv,,,0.0160,,,,,,,0.0244,
node_1_solar_at_Lat_31.500_Lon_-98.750,fixed_generator,,node_1,Solar_time_series_by_year/Solar_time_series_2016_at_Lat_31.500_Lon_-98.750.csv,,,0.0148,,,,,,,0.1220,
node_1_wind_at_Lat_31.500_Lon_-98.750,fixed_generator,,node_1,Wind_time_series_by_year/Wind_time_series_2016_at_Lat_31.500_Lon_-98.750.csv,,,0.0160,,,,,,,0.0244,
node_1_solar_at_Lat_31.500_Lon_-98.125,fixed_generator,,node_1,Solar_time_series_by_year/Solar_time_series_2016_at_Lat_31.500_Lon_-98.125.csv,,,0.0148,,,,,,,0.1220,
node_1_wind_at_Lat_31.500_Lon_-98.125,fixed_generator,,node_1,Wind_time_series_by_year/Wind_time_series_2016_at_Lat_31.500_Lon_-98.125.csv,,,0.0160,,,,,,,0.0244,
node_1_solar_at_Lat_31.500_Lon_-97.500,fixed_generator,,node_1,Solar_time_series_by_year/Solar_time_series_2016_at_Lat_31.500_Lon_-97.500.csv,,,0.0148,,,,,,,0.1220,
node_1_wind_at_Lat_31.500_Lon_-97.500,fixed_generator,,node_1,Wind_time_series_by_year/Wind_time_series_2016_at_Lat_31.500_Lon_-97.500.csv,,,0.0160,,,,,,,0.0244,
node_1_solar_at_Lat_31.500_Lon_-96.875,fixed_generator,,node_1,Solar_time_series_by_year/Solar_time_series_2016_at_Lat_31.500_Lon_-96.875.csv,,,0.0148,,,,,,,0.1220,
node_1_wind_at_Lat_31.500_Lon_-96.875,fixed_generator,,node_1,Wind_time_series_by_year/Wind_time_series_2016_at_Lat_31.500_Lon_-96.875.csv,,,0.0160,,,,,,,0.0244,
node_1_solar_at_Lat_31.500_Lon_-96.250,fixed_generator,,node_1,Solar_time_series_by_year/Solar_time_series_2016_at_Lat_31.500_Lon_-96.250.csv,,,0.0148,,,,,,,0.1220,
node_1_wind_at_Lat_31.500_Lon_-96.250,fixed_generator,,node_1,Wind_time_series_by_year/Wind_time_series_2016_at_Lat_31.500_Lon_-96.250.csv,,,0.0160,,,,,,,0.0244,
node_1_solar_at_Lat_31.500_Lon_-95.625,fixed_generator,,node_1,Solar_time_series_by_year/Solar_time_series_2016_at_Lat_31.500_Lon_-95.625.csv,,,0.0148,,,,,,,0.1220,
node_1_wind_at_Lat_31.500_Lon_-95.625,fixed_generator,,node_1,Wind_time_series_by_year/Wind_time_series_2016_at_Lat_31.500_Lon_-95.625.csv,,,0.0160,,,,,,,0.0244,
node_1_solar_at_Lat_31.500_Lon_-95.000,fixed_generator,,node_1,Solar_time_series_by_year/Solar_time_series_2016_at_Lat_31.500_Lon_-95.000.csv,,,0.0148,,,,,,,0.1220,
node_1_wind_at_Lat_31.500_Lon_-95.000,fixed_generator,,node_1,Wind_time_series_by_year/Wind_time_series_2016_at_Lat_31.500_Lon_-95.000.csv,,,0.0160,,,,,,,0.0244,
node_1_solar_at_Lat_31.500_Lon_-94.375,fixed_generator,,node_1,Solar_time_series_by_year/Solar_time_series_2016_at_Lat_31.500_Lon_-94.375.csv,,,0.0148,,,,,,,0.1220,
node_1_wind_at_Lat_31.500_Lon_-94.375,fixed_generator,,node_1,Wind_time_series_by_year/Wind_time_series_2016_at_Lat_31.500_Lon_-94.375.csv,,,0.0160,,,,,,,0.0244,
node_1_solar_at_Lat_31.500_Lon_-93.750,fixed_generator,,node_1,Solar_time_series_by_year/Solar_time_series_2016_at_Lat_31.500_Lon_-93.750.csv,,,0.0148,,,,,,,0.1220,
node_1_wind_at_Lat_31.500_Lon_-93.750,fixed_generator,,node_1,Wind_time_series_by_year/Wind_time_series_2016_at_Lat_31.500_Lon_-93.750.csv,,,0.0160,,,,,,,0.0244,
node_1_solar_at_Lat_31.500_Lon_-93.125,fixed_generator,,node_1,Solar_time_series_by_year/Solar_time_series_2016_at_Lat_31.500_Lon_-93.125.csv,,,0.0148,,,,,,,0.1220,
node_1_wind_at_Lat_31.500_Lon_-93.125,fixed_generator,,node_1,Wind_time_series_by_year/Wind_time_series_2016_at_Lat_31.500_Lon_-93.125.csv,,,0.0160,,,,,,,0.0244,
node_1_solar_at_Lat_31.500_Lon_-92.500,fixed_generator,,node_1,Solar_time_series_by_year/Solar_time_series_2016_at_Lat_31.500_Lon_-92.500.csv,,,0.0148,,,,,,,0.1220,
node_1_wind_at_Lat_31.500_Lon_-92.500,fixed_generator,,node_1,Wind_time_series_by_year/Wind_time_series_2016_at_Lat_31.500_Lon_-92.500.csv,,,0.0160,,,,,,,0.0244,
node_1_solar_at_Lat_31.500_Lon_-91.875,fixed_generator,,node_1,Solar_time_series_by_year/Solar_time_series_2016_at_Lat_31.500_Lon_-91.875.csv,,,0.0148,,,,,,,0.1220,
node_1_wind_at_Lat_31.500_Lon_-91.875,fixed_generator,,node_1,Wind_time_series_by_year/Wind_time_series_2016_at_Lat_31.500_Lon_-91.875.csv,,,0.0160,,,,,,,0.0244,
node_1_solar_at_Lat_31.500_Lon_-91.250,fixed_generator,,node_1,Solar_time_series_by_year/Solar_time_series_2016_at_Lat_31.500_Lon_-91.250.csv,,,0.0148,,,,,,,0.1220,
node_1_wind_at_Lat_31.500_Lon_-91.250,fixed_generator,,node_1,Wind_time_series_by_year/Wind_time_series_2016_at_Lat_31.500_Lon_-91.250.csv,,,0.0160,,,,,,,0.0244,
node_1_solar_at_Lat_31.500_Lon_-90.625,fixed_generator,,node_1,Solar_time_series_by_year/Solar_time_series_2016_at_Lat_31.500_Lon_-90.625.csv,,,0.0148,,,,,,,0.1220,
node_1_wind_at_Lat_31.500_Lon_-90.625,fixed_generator,,node_1,Wind_time_series_by_year/Wind_time_series_2016_at_Lat_31.500_Lon_-90.625.csv,,,0.0160,,,,,,,0.0244,
node_1_solar_at_Lat_31.500_Lon_-90.000,fixed_generator,,node_1,Solar_time_series_by_year/Solar_time_series_2016_at_Lat_31.500_Lon_-90.000.csv,,,0.0148,,,,,,,0.1220,
node_1_wind_at_Lat_31.500_Lon_-90.000,fixed_generator,,node_1,Wind_time_series_by_year/Wind_time_series_2016_at_Lat_31.500_Lon_-90.000.csv,,,0.0160,,,,,,,0.0244,
node_1_solar_at_Lat_31.500_Lon_-89.375,fixed_generator,,node_1,Solar_time_series_by_year/Solar_time_series_2016_at_Lat_31.500_Lon_-89.375.csv,,,0.0148,,,,,,,0.1220,
node_1_wind_at_Lat_31.500_Lon_-89.375,fixed_generator,,node_1,Wind_time_series_by_year/Wind_time_series_2016_at_Lat_31.500_Lon_-89.375.csv,,,0.0160,,,,,,,0.0244,
node_1_solar_at_Lat_31.500_Lon_-88.750,fixed_generator,,node_1,Solar_time_series_by_year/Solar_time_series_2016_at_Lat_31.500_Lon_-88.750.csv,,,0.0148,,,,,,,0.1220,
node_1_wind_at_Lat_31.500_Lon_-88.750,fixed_generator,,node_1,Wind_time_series_by_year/Wind_time_series_2016_at_Lat_31.500_Lon_-88.750.csv,,,0.0160,,,,,,,0.0244,
node_1_solar_at_Lat_31.500_Lon_-88.125,fixed_generator,,node_1,Solar_time_series_by_year/Solar_time_series_2016_at_Lat_31.500_Lon_-88.125.csv,,,0.0148,,,,,,,0.1220,
node_1_wind_at_Lat_31.500_Lon_-88.125,fixed_generator,,node_1,Wind_time_series_by_year/Wind_time_series_2016_at_Lat_31.500_Lon_-88.125.csv,,,0.0160,,,,,,,0.0244,
node_1_solar_at_Lat_31.500_Lon_-87.500,fixed_generator,,node_1,Solar_time_series_by_year/Solar_time_series_2016_at_Lat_31.500_Lon_-87.500.csv,,,0.0148,,,,,,,0.1220,
node_1_wind_at_Lat_31.500_Lon_-87.500,fixed_generator,,node_1,Wind_time_series_by_year/Wind_time_series_2016_at_Lat_31.500_Lon_-87.500.csv,,,0.0160,,,,,,,0.0244,
node_1_solar_at_Lat_31.500_Lon_-86.875,fixed_generator,,node_1,Solar_time_series_by_year/Solar_time_series_2016_at_Lat_31.500_Lon_-86.875.csv,,,0.0148,,,,,,,0.1220,
node_1_wind_at_Lat_31.500_Lon_-86.875,fixed_generator,,node_1,Wind_time_series_by_year/Wind_time_series_2016_at_Lat_31.500_Lon_-86.875.csv,,,0.0160,,,,,,,0.0244,
node_1_solar_at_Lat_31.500_Lon_-86.250,fixed_generator,,node_1,Solar_time_series_by_year/Solar_time_series_2016_at_Lat_31.500_Lon_-86.250.csv,,,0.0148,,,,,,,0.1220,
node_1_wind_at_Lat_31.500_Lon_-86.250,fixed_generator,,node_1,Wind_time_series_by_year/Wind_time_series_2016_at_Lat_31.500_Lon_-86.250.csv,,,0.0160,,,,,,,0.0244,
node_1_solar_at_Lat_31.500_Lon_-85.625,fixed_generator,,node_1,Solar_time_series_by_year/Solar_time_series_2016_at_Lat_31.500_Lon_-85.625.csv,,,0.0148,,,,,,,0.1220,
node_1_wind_at_Lat_31.500_Lon_-85.625,fixed_generator,,node_1,Wind_time_series_by_year/Wind_time_series_2016_at_Lat_31.500_Lon_-85.625.csv,,,0.0160,,,,,,,0.0244,
node_1_solar_at_Lat_31.500_Lon_-85.000,fixed_generator,,node_1,Solar_time_series_by_year/Solar_time_series_2016_at_Lat_31.500_Lon_-85.000.csv,,,0.0148,,,,,,,0.1220,
node_1_wind_at_Lat_31.500_Lon_-85.000,fixed_generator,,node_1,Wind_time_series_by_year/Wind_time_series_2016_at_Lat_31.500_Lon_-85.000.csv,,,0.0160,,,,,,,0.0244,
node_1_solar_at_Lat_31.500_Lon_-84.375,fixed_generator,,node_1,Solar_time_series_by_year/Solar_time_series_2016_at_Lat_31.500_Lon_-84.375.csv,,,0.0148,,,,,,,0.1220,
node_1_wind_at_Lat_31.500_Lon_-84.375,fixed_generator,,node_1,Wind_time_series_by_year/Wind_time_series_2016_at_Lat_31.500_Lon_-84.375.csv,,,0.0160,,,,,,,0.0244,
node_1_solar_at_Lat_31.500_Lon_-83.750,fixed_generator,,node_1,Solar_time_series_by_year/Solar_time_series_2016_at_Lat_31.500_Lon_-83.750.csv,,,0.0148,,,,,,,0.1220,
node_1_wind_at_Lat_31.500_Lon_-83.750,fixed_generator,,node_1,Wind_time_series_by_year/Wind_time_series_2016_at_Lat_31.500_Lon_-83.750.csv,,,0.0160,,,,,,,0.0244,
node_1_solar_at_Lat_31.500_Lon_-83.125,fixed_generator,,node_1,Solar_time_series_by_year/Solar_time_series_2016_at_Lat_31.500_Lon_-83.125.csv,,,0.0148,,,,,,,0.1220,
node_1_wind_at_Lat_31.500_Lon_-83.125,fixed_generator,,node_1,Wind_time_series_by_year/Wind_time_series_2016_at_Lat_31.500_Lon_-83.125.csv,,,0.0160,,,,,,,0.0244,
node_1_solar_at_Lat_31.500_Lon_-82.500,fixed_generator,,node_1,Solar_time_series_by_year/Solar_time_series_2016_at_Lat_31.500_Lon_-82.500.csv,,,0.0148,,,,,,,0.1220,
node_1_wind_at_Lat_31.500_Lon_-82.500,fixed_generator,,node_1,Wind_time_series_by_year/Wind_time_series_2016_at_Lat_31.500_Lon_-82.500.csv,,,0.0160,,,,,,,0.0244,
node_1_solar_at_Lat_31.500_Lon_-81.875,fixed_generator,,node_1,Solar_time_series_by_year/Solar_time_series_2016_at_Lat_31.500_Lon_-81.875.csv,,,0.0148,,,,,,,0.1220,
node_1_wind_at_Lat_31.500_Lon_-81.875,fixed_generator,,node_1,Wind_time_series_by_year/Wind_time_series_2016_at_Lat_31.500_Lon_-81.875.csv,,,0.0160,,,,,,,0.0244,
node_1_solar_at_Lat_32.000_Lon_-113.125,fixed_generator,,node_1,Solar_time_series_by_year/Solar_time_series_2016_at_Lat_32.000_Lon_-113.125.csv,,,0.0148,,,,,,,0.1214,
node_1_wind_at_Lat_32.000_Lon_-113.125,fixed_generator,,node_1,Wind_time_series_by_year/Wind_time_series_2016_at_Lat_32.000_Lon_-113.125.csv,,,0.0160,,,,,,,0.0243,
node_1_solar_at_Lat_32.000_Lon_-112.500,fixed_generator,,node_1,Solar_time_series_by_year/Solar_time_series_2016_at_Lat_32.000_Lon_-112.500.csv,,,0.0148,,,,,,,0.1214,
node_1_wind_at_Lat_32.000_Lon_-112.500,fixed_generator,,node_1,Wind_time_series_by_year/Wind_time_series_2016_at_Lat_32.000_Lon_-112.500.csv,,,0.0160,,,,,,,0.0243,
node_1_solar_at_Lat_32.000_Lon_-111.875,fixed_generator,,node_1,Solar_time_series_by_year/Solar_time_series_2016_at_Lat_32.000_Lon_-111.875.csv,,,0.0148,,,,,,,0.1214,
node_1_wind_at_Lat_32.000_Lon_-111.875,fixed_generator,,node_1,Wind_time_series_by_year/Wind_time_series_2016_at_Lat_32.000_Lon_-111.875.csv,,,0.0160,,,,,,,0.0243,
node_1_solar_at_Lat_32.000_Lon_-111.250,fixed_generator,,node_1,Solar_time_series_by_year/Solar_time_series_2016_at_Lat_32.000_Lon_-111.250.csv,,,0.0148,,,,,,,0.1214,
node_1_wind_at_Lat_32.000_Lon_-111.250,fixed_generator,,node_1,Wind_time_series_by_year/Wind_time_series_2016_at_Lat_32.000_Lon_-111.250.csv,,,0.0160,,,,,,,0.0243,
node_1_solar_at_Lat_32.000_Lon_-110.625,fixed_generator,,node_1,Solar_time_series_by_year/Solar_time_series_2016_at_Lat_32.000_Lon_-110.625.csv,,,0.0148,,,,,,,0.1214,
node_1_wind_at_Lat_32.000_Lon_-110.625,fixed_generator,,node_1,Wind_time_series_by_year/Wind_time_series_2016_at_Lat_32.000_Lon_-110.625.csv,,,0.0160,,,,,,,0.0243,
node_1_solar_at_Lat_32.000_Lon_-110.000,fixed_generator,,node_1,Solar_time_series_by_year/Solar_time_series_2016_at_Lat_32.000_Lon_-110.000.csv,,,0.0148,,,,,,,0.1214,
node_1_wind_at_Lat_32.000_Lon_-110.000,fixed_generator,,node_1,Wind_time_series_by_year/Wind_time_series_2016_at_Lat_32.000_Lon_-110.000.csv,,,0.0160,,,,,,,0.0243,
node_1_solar_at_Lat_32.000_Lon_-109.375,fixed_generator,,node_1,Solar_time_series_by_year/Solar_time_series_2016_at_Lat_32.000_Lon_-109.375.csv,,,0.0148,,,,,,,0.1214,
node_1_wind_at_Lat_32.000_Lon_-109.375,fixed_generator,,node_1,Wind_time_series_by_year/Wind_time_series_2016_at_Lat_32.000_Lon_-109.375.csv,,,0.0160,,,,,,,0.0243,
node_1_solar_at_Lat_32.000_Lon_-108.750,fixed_generator,,node_1,Solar_time_series_by_year/Solar_time_series_2016_at_Lat_32.000_Lon_-108.750.csv,,,0.0148,,,,,,,0.1214,
node_1_wind_at_Lat_32.000_Lon_-108.750,fixed_generator,,node_1,Wind_time_series_by_year/Wind_time_series_2016_at_Lat_32.000_Lon_-108.750.csv,,,0.0160,,,,,,,0.0243,
node_1_solar_at_Lat_32.000_Lon_-108.125,fixed_generator,,node_1,Solar_time_series_by_year/Solar_time_series_2016_at_Lat_32.000_Lon_-108.125.csv,,,0.0148,,,,,,,0.1214,
node_1_wind_at_Lat_32.000_Lon_-108.125,fixed_generator,,node_1,Wind_time_series_by_year/Wind_time_series_2016_at_Lat_32.000_Lon_-108.125.csv,,,0.0160,,,,,,,0.0243,
node_1_solar_at_Lat_32.000_Lon_-107.500,fixed_generator,,node_1,Solar_time_series_by_year/Solar_time_series_2016_at_Lat_32.000_Lon_-107.500.csv,,,0.0148,,,,,,,0.1214,
node_1_wind_at_Lat_32.000_Lon_-107.500,fixed_generator,,node_1,Wind_time_series_by_year/Wind_time_series_2016_at_Lat_32.000_Lon_-107.500.csv,,,0.0160,,,,,,,0.0243,
node_1_solar_at_Lat_32.000_Lon_-106.875,fixed_generator,,node_1,Solar_time_series_by_year/Solar_time_series_2016_at_Lat_32.000_Lon_-106.875.csv,,,0.0148,,,,,,,0.1214,
node_1_wind_at_Lat_32.000_Lon_-106.875,fixed_generator,,node_1,Wind_time_series_by_year/Wind_time_series_2016_at_Lat_32.000_Lon_-106.875.csv,,,0.0160,,,,,,,0.0243,
node_1_solar_at_Lat_32.000_Lon_-106.250,fixed_generator,,node_1,Solar_time_series_by_year/Solar_time_series_2016_at_Lat_32.000_Lon_-106.250.csv,,,0.0148,,,,,,,0.1214,
node_1_wind_at_Lat_32.000_Lon_-106.250,fixed_generator,,node_1,Wind_time_series_by_year/Wind_time_series_2016_at_Lat_32.000_Lon_-106.250.csv,,,0.0160,,,,,,,0.0243,
node_1_solar_at_Lat_32.000_Lon_-105.625,fixed_generator,,node_1,Solar_time_series_by_year/Solar_time_series_2016_at_Lat_32.000_Lon_-105.625.csv,,,0.0148,,,,,,,0.1214,
node_1_wind_at_Lat_32.000_Lon_-105.625,fixed_generator,,node_1,Wind_time_series_by_year/Wind_time_series_2016_at_Lat_32.000_Lon_-105.625.csv,,,0.0160,,,,,,,0.0243,
node_1_solar_at_Lat_32.000_Lon_-105.000,fixed_generator,,node_1,Solar_time_series_by_year/Solar_time_series_2016_at_Lat_32.000_Lon_-105.000.csv,,,0.0148,,,,,,,0.1214,
node_1_wind_at_Lat_32.000_Lon_-105.000,fixed_generator,,node_1,Wind_time_series_by_year/Wind_time_series_2016_at_Lat_32.000_Lon_-105.000.csv,,,0.0160,,,,,,,0.0243,
node_1_solar_at_Lat_32.000_Lon_-104.375,fixed_generator,,node_1,Solar_time_series_by_year/Solar_time_series_2016_at_Lat_32.000_Lon_-104.375.csv,,,0.0148,,,,,,,0.1214,
node_1_wind_at_Lat_32.000_Lon_-104.375,fixed_generator,,node_1,Wind_time_series_by_year/Wind_time_series_2016_at_Lat_32.000_Lon_-104.375.csv,,,0.0160,,,,,,,0.0243,
node_1_solar_at_Lat_32.000_Lon_-103.750,fixed_generator,,node_1,Solar_time_series_by_year/Solar_time_series_2016_at_Lat_32.000_Lon_-103.750.csv,,,0.0148,,,,,,,0.1214,
node_1_wind_at_Lat_32.000_Lon_-103.750,fixed_generator,,node_1,Wind_time_series_by_year/Wind_time_series_2016_at_Lat_32.000_Lon_-103.750.csv,,,0.0160,,,,,,,0.0243,
node_1_solar_at_Lat_32.000_Lon_-103.125,fixed_generator,,node_1,Solar_time_series_by_year/Solar_time_series_2016_at_Lat_32.000_Lon_-103.125.csv,,,0.0148,,,,,,,0.1214,
node_1_wind_at_Lat_32.000_Lon_-103.125,fixed_generator,,node_1,Wind_time_series_by_year/Wind_time_series_2016_at_Lat_32.000_Lon_-103.125.csv,,,0.0160,,,,,,,0.0243,
node_1_solar_at_Lat_32.000_Lon_-102.500,fixed_generator,,node_1,Solar_time_series_by_year/Solar_time_series_2016_at_Lat_32.000_Lon_-102.500.csv,,,0.0148,,,,,,,0.1214,
node_1_wind_at_Lat_32.000_Lon_-102.500,fixed_generator,,node_1,Wind_time_series_by_year/Wind_time_series_2016_at_Lat_32.000_Lon_-102.500.csv,,,0.0160,,,,,,,0.0243,
node_1_solar_at_Lat_32.000_Lon_-101.875,fixed_generator,,node_1,Solar_time_series_by_year/Solar_time_series_2016_at_Lat_32.000_Lon_-101.875.csv,,,0.0148,,,,,,,0.1214,
node_1_wind_at_Lat_32.000_Lon_-101.875,fixed_generator,,node_1,Wind_time_series_by_year/Wind_time_series_2016_at_Lat_32.000_Lon_-101.875.csv,,,0.0160,,,,,,,0.0243,
node_1_solar_at_Lat_32.000_Lon_-101.250,fixed_generator,,node_1,Solar_time_series_by_year/Solar_time_series_2016_at_Lat_32.000_Lon_-101.250.csv,,,0.0148,,,,,,,0.1214,
node_1_wind_at_Lat_32.000_Lon_-101.250,fixed_generator,,node_1,Wind_time_series_by_year/Wind_time_series_2016_at_Lat_32.000_Lon_-101.250.csv,,,0.0160,,,,,,,0.0243,
node_1_solar_at_Lat_32.000_Lon_-100.625,fixed_generator,,node_1,Solar_time_series_by_year/Solar_time_series_2016_at_Lat_32.000_Lon_-100.625.csv,,,0.0148,,,,,,,0.1214,
node_1_wind_at_Lat_32.000_Lon_-100.625,fixed_generator,,node_1,Wind_time_series_by_year/Wind_time_series_2016_at_Lat_32.000_Lon_-100.625.csv,,,0.0160,,,,,,,0.0243,
node_1_solar_at_Lat_32.000_Lon_-100.000,fixed_generator,,node_1,Solar_time_series_by_year/Solar_time_series_2016_at_Lat_32.000_Lon_-100.000.csv,,,0.0148,,,,,,,0.1214,
node_1_wind_at_Lat_32.000_Lon_-100.000,fixed_generator,,node_1,Wind_time_series_by_year/Wind_time_series_2016_at_Lat_32.000_Lon_-100.000.csv,,,0.0160,,,,,,,0.0243,
node_1_solar_at_Lat_32.000_Lon_-99.375,fixed_generator,,node_1,Solar_time_series_by_year/Solar_time_series_2016_at_Lat_32.000_Lon_-99.375.csv,,,0.0148,,,,,,,0.1214,
node_1_wind_at_Lat_32.000_Lon_-99.375,fixed_generator,,node_1,Wind_time_series_by_year/Wind_time_series_2016_at_Lat_32.000_Lon_-99.375.csv,,,0.0160,,,,,,,0.0243,
node_1_solar_at_Lat_32.000_Lon_-98.750,fixed_generator,,node_1,Solar_time_series_by_year/Solar_time_series_2016_at_Lat_32.000_Lon_-98.750.csv,,,0.0148,,,,,,,0.1214,
node_1_wind_at_Lat_32.000_Lon_-98.750,fixed_generator,,node_1,Wind_time_series_by_year/Wind_time_series_2016_at_Lat_32.000_Lon_-98.750.csv,,,0.0160,,,,,,,0.0243,
node_1_solar_at_Lat_32.000_Lon_-98.125,fixed_generator,,node_1,Solar_time_series_by_year/Solar_time_series_2016_at_Lat_32.000_Lon_-98.125.csv,,,0.0148,,,,,,,0.1214,
node_1_wind_at_Lat_32.000_Lon_-98.125,fixed_generator,,node_1,Wind_time_series_by_year/Wind_time_series_2016_at_Lat_32.000_Lon_-98.125.csv,,,0.0160,,,,,,,0.0243,
node_1_solar_at_Lat_32.000_Lon_-97.500,fixed_generator,,node_1,Solar_time_series_by_year/Solar_time_series_2016_at_Lat_32.000_Lon_-97.500.csv,,,0.0148,,,,,,,0.1214,
node_1_wind_at_Lat_32.000_Lon_-97.500,fixed_generator,,node_1,Wind_time_series_by_year/Wind_time_series_2016_at_Lat_32.000_Lon_-97.500.csv,,,0.0160,,,,,,,0.0243,
node_1_solar_at_Lat_32.000_Lon_-96.875,fixed_generator,,node_1,Solar_time_series_by_year/Solar_time_series_2016_at_Lat_32.000_Lon_-96.875.csv,,,0.0148,,,,,,,0.1214,
node_1_wind_at_Lat_32.000_Lon_-96.875,fixed_generator,,node_1,Wind_time_series_by_year/Wind_time_series_2016_at_Lat_32.000_Lon_-96.875.csv,,,0.0160,,,,,,,0.0243,
node_1_solar_at_Lat_32.000_Lon_-96.250,fixed_generator,,node_1,Solar_time_series_by_year/Solar_time_series_2016_at_Lat_32.000_Lon_-96.250.csv,,,0.0148,,,,,,,0.1214,
node_1_wind_at_Lat_32.000_Lon_-96.250,fixed_generator,,node_1,Wind_time_series_by_year/Wind_time_series_2016_at_Lat_32.000_Lon_-96.250.csv,,,0.0160,,,,,,,0.0243,
node_1_solar_at_Lat_32.000_Lon_-95.625,fixed_generator,,node_1,Solar_time_series_by_year/Solar_time_series_2016_at_Lat_32.000_Lon_-95.625.csv,,,0.0148,,,,,,,0.1214,
node_1_wind_at_Lat_32.000_Lon_-95.625,fixed_generator,,node_1,Wind_time_series_by_year/Wind_time_series_2016_at_Lat_32.000_Lon_-95.625.csv,,,0.0160,,,,,,,0.0243,
node_1_solar_at_Lat_32.000_Lon_-95.000,fixed_generator,,node_1,Solar_time_series_by_year/Solar_time_series_2016_at_Lat_32.000_Lon_-95.000.csv,,,0.0148,,,,,,,0.1214,
node_1_wind_at_Lat_32.000_Lon_-95.000,fixed_generator,,node_1,Wind_time_series_by_year/Wind_time_series_2016_at_Lat_32.000_Lon_-95.000.csv,,,0.0160,,,,,,,0.0243,
node_1_solar_at_Lat_32.000_Lon_-94.375,fixed_generator,,node_1,Solar_time_series_by_year/Solar_time_series_2016_at_Lat_32.000_Lon_-94.375.csv,,,0.0148,,,,,,,0.1214,
node_1_wind_at_Lat_32.000_Lon_-94.375,fixed_generator,,node_1,Wind_time_series_by_year/Wind_time_series_2016_at_Lat_32.000_Lon_-94.375.csv,,,0.0160,,,,,,,0.0243,
node_1_solar_at_Lat_32.000_Lon_-93.750,fixed_generator,,node_1,Solar_time_series_by_year/Solar_time_series_2016_at_Lat_32.000_Lon_-93.750.csv,,,0.0148,,,,,,,0.1214,
node_1_wind_at_Lat_32.000_Lon_-93.750,fixed_generator,,node_1,Wind_time_series_by_year/Wind_time_series_2016_at_Lat_32.000_Lon_-93.750.csv,,,0.0160,,,,,,,0.0243,
node_1_solar_at_Lat_32.000_Lon_-93.125,fixed_generator,,node_1,Solar_time_series_by_year/Solar_time_series_2016_at_Lat_32.000_Lon_-93.125.csv,,,0.0148,,,,,,,0.1214,
node_1_wind_at_Lat_32.000_Lon_-93.125,fixed_generator,,node_1,Wind_time_series_by_year/Wind_time_series_2016_at_Lat_32.000_Lon_-93.125.csv,,,0.0160,,,,,,,0.0243,
node_1_solar_at_Lat_32.000_Lon_-92.500,fixed_generator,,node_1,Solar_time_series_by_year/Solar_time_series_2016_at_Lat_32.000_Lon_-92.500.csv,,,0.0148,,,,,,,0.1214,
node_1_wind_at_Lat_32.000_Lon_-92.500,fixed_generator,,node_1,Wind_time_series_by_year/Wind_time_series_2016_at_Lat_32.000_Lon_-92.500.csv,,,0.0160,,,,,,,0.0243,
node_1_solar_at_Lat_32.000_Lon_-91.875,fixed_generator,,node_1,Solar_time_series_by_year/Solar_time_series_2016_at_Lat_32.000_Lon_-91.875.csv,,,0.0148,,,,,,,0.1214,
node_1_wind_at_Lat_32.000_Lon_-91.875,fixed_generator,,node_1,Wind_time_series_by_year/Wind_time_series_2016_at_Lat_32.000_Lon_-91.875.csv,,,0.0160,,,,,,,0.0243,
node_1_solar_at_Lat_32.000_Lon_-91.250,fixed_generator,,node_1,Solar_time_series_by_year/Solar_time_series_2016_at_Lat_32.000_Lon_-91.250.csv,,,0.0148,,,,,,,0.1214,
node_1_wind_at_Lat_32.000_Lon_-91.250,fixed_generator,,node_1,Wind_time_series_by_year/Wind_time_series_2016_at_Lat_32.000_Lon_-91.250.csv,,,0.0160,,,,,,,0.0243,
node_1_solar_at_Lat_32.000_Lon_-90.625,fixed_generator,,node_1,Solar_time_series_by_year/Solar_time_series_2016_at_Lat_32.000_Lon_-90.625.csv,,,0.0148,,,,,,,0.1214,
node_1_wind_at_Lat_32.000_Lon_-90.625,fixed_generator,,node_1,Wind_time_series_by_year/Wind_time_series_2016_at_Lat_32.000_Lon_-90.625.csv,,,0.0160,,,,,,,0.0243,
node_1_solar_at_Lat_32.000_Lon_-90.000,fixed_generator,,node_1,Solar_time_series_by_year/Solar_time_series_2016_at_Lat_32.000_Lon_-90.000.csv,,,0.0148,,,,,,,0.1214,
node_1_wind_at_Lat_32.000_Lon_-90.000,fixed_generator,,node_1,Wind_time_series_by_year/Wind_time_series_2016_at_Lat_32.000_Lon_-90.000.csv,,,0.0160,,,,,,,0.0243,
node_1_solar_at_Lat_32.000_Lon_-89.375,fixed_generator,,node_1,Solar_time_series_by_year/Solar_time_series_2016_at_Lat_32.000_Lon_-89.375.csv,,,0.0148,,,,,,,0.1214,
node_1_wind_at_Lat_32.000_Lon_-89.375,fixed_generator,,node_1,Wind_time_series_by_year/Wind_time_series_2016_at_Lat_32.000_Lon_-89.375.csv,,,0.0160,,,,,,,0.0243,
node_1_solar_at_Lat_32.000_Lon_-88.750,fixed_generator,,node_1,Solar_time_series_by_year/Solar_time_series_2016_at_Lat_32.000_Lon_-88.750.csv,,,0.0148,,,,,,,0.1214,
node_1_wind_at_Lat_32.000_Lon_-88.750,fixed_generator,,node_1,Wind_time_series_by_year/Wind_time_series_2016_at_Lat_32.000_Lon_-88.750.csv,,,0.0160,,,,,,,0.0243,
node_1_solar_at_Lat_32.000_Lon_-88.125,fixed_generator,,node_1,Solar_time_series_by_year/Solar_time_series_2016_at_Lat_32.000_Lon_-88.125.csv,,,0.0148,,,,,,,0.1214,
node_1_wind_at_Lat_32.000_Lon_-88.125,fixed_generator,,node_1,Wind_time_series_by_year/Wind_time_series_2016_at_Lat_32.000_Lon_-88.125.csv,,,0.0160,,,,,,,0.0243,
node_1_solar_at_Lat_32.000_Lon_-87.500,fixed_generator,,node_1,Solar_time_series_by_year/Solar_time_series_2016_at_Lat_32.000_Lon_-87.500.csv,,,0.0148,,,,,,,0.1214,
node_1_wind_at_Lat_32.000_Lon_-87.500,fixed_generator,,node_1,Wind_time_series_by_year/Wind_time_series_2016_at_Lat_32.000_Lon_-87.500.csv,,,0.0160,,,,,,,0.0243,
node_1_solar_at_Lat_32.000_Lon_-86.875,fixed_generator,,node_1,Solar_time_series_by_year/Solar_time_series_2016_at_Lat_32.000_Lon_-86.875.csv,,,0.0148,,,,,,,0.1214,
node_1_wind_at_Lat_32.000_Lon_-86.875,fixed_generator,,node_1,Wind_time_series_by_year/Wind_time_series_2016_at_Lat_32.000_Lon_-86.875.csv,,,0.0160,,,,,,,0.0243,
node_1_solar_at_Lat_32.000_Lon_-86.250,fixed_generator,,node_1,Solar_time_series_by_year/Solar_time_series_2016_at_Lat_32.000_Lon_-86.250.csv,,,0.0148,,,,,,,0.1214,
node_1_wind_at_Lat_32.000_Lon_-86.250,fixed_generator,,node_1,Wind_time_series_by_year/Wind_time_series_2016_at_Lat_32.000_Lon_-86.250.csv,,,0.0160,,,,,,,0.0243,
node_1_solar_at_Lat_32.000_Lon_-85.625,fixed_generator,,node_1,Solar_time_series_by_year/Solar_time_series_2016_at_Lat_32.000_Lon_-85.625.csv,,,0.0148,,,,,,,0.1214,
node_1_wind_at_Lat_32.000_Lon_-85.625,fixed_generator,,node_1,Wind_time_series_by_year/Wind_time_series_2016_at_Lat_32.000_Lon_-85.625.csv,,,0.0160,,,,,,,0.0243,
node_1_solar_at_Lat_32.000_Lon_-85.000,fixed_generator,,node_1,Solar_time_series_by_year/Solar_time_series_2016_at_Lat_32.000_Lon_-85.000.csv,,,0.0148,,,,,,,0.1214,
node_1_wind_at_Lat_32.000_Lon_-85.000,fixed_generator,,node_1,Wind_time_series_by_year/Wind_time_series_2016_at_Lat_32.000_Lon_-85.000.csv,,,0.0160,,,,,,,0.0243,
node_1_solar_at_Lat_32.000_Lon_-84.375,fixed_generator,,node_1,Solar_time_series_by_year/Solar_time_series_2016_at_Lat_32.000_Lon_-84.375.csv,,,0.0148,,,,,,,0.1214,
node_1_wind_at_Lat_32.000_Lon_-84.375,fixed_generator,,node_1,Wind_time_series_by_year/Wind_time_series_2016_at_Lat_32.000_Lon_-84.375.csv,,,0.0160,,,,,,,0.0243,
node_1_solar_at_Lat_32.000_Lon_-83.750,fixed_generator,,node_1,Solar_time_series_by_year/Solar_time_series_2016_at_Lat_32.000_Lon_-83.750.csv,,,0.0148,,,,,,,0.1214,
node_1_wind_at_Lat_32.000_Lon_-83.750,fixed_generator,,node_1,Wind_time_series_by_year/Wind_time_series_2016_at_Lat_32.000_Lon_-83.750.csv,,,0.0160,,,,,,,0.0243,
node_1_solar_at_Lat_32.000_Lon_-83.125,fixed_generator,,node_1,Solar_time_series_by_year/Solar_time_series_2016_at_Lat_32.000_Lon_-83.125.csv,,,0.0148,,,,,,,0.1214,
node_1_wind_at_Lat_32.000_Lon_-83.125,fixed_generator,,node_1,Wind_time_series_by_year/Wind_time_series_2016_at_Lat_32.000_Lon_-83.125.csv,,,0.0160,,,,,,,0.0243,
node_1_solar_at_Lat_32.000_Lon_-82.500,fixed_generator,,node_1,Solar_time_series_by_year/Solar_time_series_2016_at_Lat_32.000_Lon_-82.500.csv,,,0.0148,,,,,,,0.1214,
node_1_wind_at_Lat_32.000_Lon_-82.500,fixed_generator,,node_1,Wind_time_series_by_year/Wind_time_series_2016_at_Lat_32.000_Lon_-82.500.csv,,,0.0160,,,,,,,0.0243,
node_1_solar_at_Lat_32.000_Lon_-81.875,fixed_generator,,node_1,Solar_time_series_by_year/Solar_time_series_2016_at_Lat_32.000_Lon_-81.875.csv,,,0.0148,,,,,,,0.1214,
node_1_wind_at_Lat_32.000_Lon_-81.875,fixed_generator,,node_1,Wind_time_series_by_year/Wind_time_series_2016_at_Lat_32.000_Lon_-81.875.csv,,,0.0160,,,,,,,0.0243,
node_1_solar_at_Lat_32.000_Lon_-81.250,fixed_generator,,node_1,Solar_time_series_by_year/Solar_time_series_2016_at_Lat_32.000_Lon_-81.250.csv,,,0.0148,,,,,,,0.1214,
node_1_wind_at_Lat_32.000_Lon_-81.250,fixed_generator,,node_1,Wind_time_series_by_year/Wind_time_series_2016_at_Lat_32.000_Lon_-81.250.csv,,,0.0160,,,,,,,0.0243,
node_1_solar_at_Lat_32.500_Lon_-114.375,fixed_generator,,node_1,Solar_time_series_by_year/Solar_time_series_2016_at_Lat_32.500_Lon_-114.375.csv,,,0.0148,,,,,,,0.1207,
node_1_wind_at_Lat_32.500_Lon_-114.375,fixed_generator,,node_1,Wind_time_series_by_year/Wind_time_series_2016_at_Lat_32.500_Lon_-114.375.csv,,,0.0160,,,,,,,0.0241,
node_1_solar_at_Lat_32.500_Lon_-113.750,fixed_generator,,node_1,Solar_time_series_by_year/Solar_time_series_2016_at_Lat_32.500_Lon_-113.750.csv,,,0.0148,,,,,,,0.1207,
node_1_wind_at_Lat_32.500_Lon_-113.750,fixed_generator,,node_1,Wind_time_series_by_year/Wind_time_series_2016_at_Lat_32.500_Lon_-113.750.csv,,,0.0160,,,,,,,0.0241,
node_1_solar_at_Lat_32.500_Lon_-113.125,fixed_generator,,node_1,Solar_time_series_by_year/Solar_time_series_2016_at_Lat_32.500_Lon_-113.125.csv,,,0.0148,,,,,,,0.1207,
node_1_wind_at_Lat_32.500_Lon_-113.125,fixed_generator,,node_1,Wind_time_series_by_year/Wind_time_series_2016_at_Lat_32.500_Lon_-113.125.csv,,,0.0160,,,,,,,0.0241,
node_1_solar_at_Lat_32.500_Lon_-112.500,fixed_generator,,node_1,Solar_time_series_by_year/Solar_time_series_2016_at_Lat_32.500_Lon_-112.500.csv,,,0.0148,,,,,,,0.1207,
node_1_wind_at_Lat_32.500_Lon_-112.500,fixed_generator,,node_1,Wind_time_series_by_year/Wind_time_series_2016_at_Lat_32.500_Lon_-112.500.csv,,,0.0160,,,,,,,0.0241,
node_1_solar_at_Lat_32.500_Lon_-111.875,fixed_generator,,node_1,Solar_time_series_by_year/Solar_time_series_2016_at_Lat_32.500_Lon_-111.875.csv,,,0.0148,,,,,,,0.1207,
node_1_wind_at_Lat_32.500_Lon_-111.875,fixed_generator,,node_1,Wind_time_series_by_year/Wind_time_series_2016_at_Lat_32.500_Lon_-111.875.csv,,,0.0160,,,,,,,0.0241,
node_1_solar_at_Lat_32.500_Lon_-111.250,fixed_generator,,node_1,Solar_time_series_by_year/Solar_time_series_2016_at_Lat_32.500_Lon_-111.250.csv,,,0.0148,,,,,,,0.1207,
node_1_wind_at_Lat_32.500_Lon_-111.250,fixed_generator,,node_1,Wind_time_series_by_year/Wind_time_series_2016_at_Lat_32.500_Lon_-111.250.csv,,,0.0160,,,,,,,0.0241,
node_1_solar_at_Lat_32.500_Lon_-110.625,fixed_generator,,node_1,Solar_time_series_by_year/Solar_time_series_2016_at_Lat_32.500_Lon_-110.625.csv,,,0.0148,,,,,,,0.1207,
node_1_wind_at_Lat_32.500_Lon_-110.625,fixed_generator,,node_1,Wind_time_series_by_year/Wind_time_series_2016_at_Lat_32.500_Lon_-110.625.csv,,,0.0160,,,,,,,0.0241,
node_1_solar_at_Lat_32.500_Lon_-110.000,fixed_generator,,node_1,Solar_time_series_by_year/Solar_time_series_2016_at_Lat_32.500_Lon_-110.000.csv,,,0.0148,,,,,,,0.1207,
node_1_wind_at_Lat_32.500_Lon_-110.000,fixed_generator,,node_1,Wind_time_series_by_year/Wind_time_series_2016_at_Lat_32.500_Lon_-110.000.csv,,,0.0160,,,,,,,0.0241,
node_1_solar_at_Lat_32.500_Lon_-109.375,fixed_generator,,node_1,Solar_time_series_by_year/Solar_time_series_2016_at_Lat_32.500_Lon_-109.375.csv,,,0.0148,,,,,,,0.1207,
node_1_wind_at_Lat_32.500_Lon_-109.375,fixed_generator,,node_1,Wind_time_series_by_year/Wind_time_series_2016_at_Lat_32.500_Lon_-109.375.csv,,,0.0160,,,,,,,0.0241,
node_1_solar_at_Lat_32.500_Lon_-108.750,fixed_generator,,node_1,Solar_time_series_by_year/Solar_time_series_2016_at_Lat_32.500_Lon_-108.750.csv,,,0.0148,,,,,,,0.1207,
node_1_wind_at_Lat_32.500_Lon_-108.750,fixed_generator,,node_1,Wind_time_series_by_year/Wind_time_series_2016_at_Lat_32.500_Lon_-108.750.csv,,,0.0160,,,,,,,0.0241,
node_1_solar_at_Lat_32.500_Lon_-108.125,fixed_generator,,node_1,Solar_time_series_by_year/Solar_time_series_2016_at_Lat_32.500_Lon_-108.125.csv,,,0.0148,,,,,,,0.1207,
node_1_wind_at_Lat_32.500_Lon_-108.125,fixed_generator,,node_1,Wind_time_series_by_year/Wind_time_series_2016_at_Lat_32.500_Lon_-108.125.csv,,,0.0160,,,,,,,0.0241,
node_1_solar_at_Lat_32.500_Lon_-107.500,fixed_generator,,node_1,Solar_time_series_by_year/Solar_time_series_2016_at_Lat_32.500_Lon_-107.500.csv,,,0.0148,,,,,,,0.1207,
node_1_wind_at_Lat_32.500_Lon_-107.500,fixed_generator,,node_1,Wind_time_series_by_year/Wind_time_series_2016_at_Lat_32.500_Lon_-107.500.csv,,,0.0160,,,,,,,0.0241,
node_1_solar_at_Lat_32.500_Lon_-106.875,fixed_generator,,node_1,Solar_time_series_by_year/Solar_time_series_2016_at_Lat_32.500_Lon_-106.875.csv,,,0.0148,,,,,,,0.1207,
node_1_wind_at_Lat_32.500_Lon_-106.875,fixed_generator,,node_1,Wind_time_series_by_year/Wind_time_series_2016_at_Lat_32.500_Lon_-106.875.csv,,,0.0160,,,,,,,0.0241,
node_1_solar_at_Lat_32.500_Lon_-106.250,fixed_generator,,node_1,Solar_time_series_by_year/Solar_time_series_2016_at_Lat_32.500_Lon_-106.250.csv,,,0.0148,,,,,,,0.1207,
node_1_wind_at_Lat_32.500_Lon_-106.250,fixed_generator,,node_1,Wind_time_series_by_year/Wind_time_series_2016_at_Lat_32.500_Lon_-106.250.csv,,,0.0160,,,,,,,0.0241,
node_1_solar_at_Lat_32.500_Lon_-105.625,fixed_generator,,node_1,Solar_time_series_by_year/Solar_time_series_2016_at_Lat_32.500_Lon_-105.625.csv,,,0.0148,,,,,,,0.1207,
node_1_wind_at_Lat_32.500_Lon_-105.625,fixed_generator,,node_1,Wind_time_series_by_year/Wind_time_series_2016_at_Lat_32.500_Lon_-105.625.csv,,,0.0160,,,,,,,0.0241,
node_1_solar_at_Lat_32.500_Lon_-105.000,fixed_generator,,node_1,Solar_time_series_by_year/Solar_time_series_2016_at_Lat_32.500_Lon_-105.000.csv,,,0.0148,,,,,,,0.1207,
node_1_wind_at_Lat_32.500_Lon_-105.000,fixed_generator,,node_1,Wind_time_series_by_year/Wind_time_series_2016_at_Lat_32.500_Lon_-105.000.csv,,,0.0160,,,,,,,0.0241,
node_1_solar_at_Lat_32.500_Lon_-104.375,fixed_generator,,node_1,Solar_time_series_by_year/Solar_time_series_2016_at_Lat_32.500_Lon_-104.375.csv,,,0.0148,,,,,,,0.1207,
node_1_wind_at_Lat_32.500_Lon_-104.375,fixed_generator,,node_1,Wind_time_series_by_year/Wind_time_series_2016_at_Lat_32.500_Lon_-104.375.csv,,,0.0160,,,,,,,0.0241,
node_1_solar_at_Lat_32.500_Lon_-103.750,fixed_generator,,node_1,Solar_time_series_by_year/Solar_time_series_2016_at_Lat_32.500_Lon_-103.750.csv,,,0.0148,,,,,,,0.1207,
node_1_wind_at_Lat_32.500_Lon_-103.750,fixed_generator,,node_1,Wind_time_series_by_year/Wind_time_series_2016_at_Lat_32.500_Lon_-103.750.csv,,,0.0160,,,,,,,0.0241,
node_1_solar_at_Lat_32.500_Lon_-103.125,fixed_generator,,node_1,Solar_time_series_by_year/Solar_time_series_2016_at_Lat_32.500_Lon_-103.125.csv,,,0.0148,,,,,,,0.1207,
node_1_wind_at_Lat_32.500_Lon_-103.125,fixed_generator,,node_1,Wind_time_series_by_year/Wind_time_series_2016_at_Lat_32.500_Lon_-103.125.csv,,,0.0160,,,,,,,0.0241,
node_1_solar_at_Lat_32.500_Lon_-102.500,fixed_generator,,node_1,Solar_time_series_by_year/Solar_time_series_2016_at_Lat_32.500_Lon_-102.500.csv,,,0.0148,,,,,,,0.1207,
node_1_wind_at_Lat_32.500_Lon_-102.500,fixed_generator,,node_1,Wind_time_series_by_year/Wind_time_series_2016_at_Lat_32.500_Lon_-102.500.csv,,,0.0160,,,,,,,0.0241,
node_1_solar_at_Lat_32.500_Lon_-101.875,fixed_generator,,node_1,Solar_time_series_by_year/Solar_time_series_2016_at_Lat_32.500_Lon_-101.875.csv,,,0.0148,,,,,,,0.1207,
node_1_wind_at_Lat_32.500_Lon_-101.875,fixed_generator,,node_1,Wind_time_series_by_year/Wind_time_series_2016_at_Lat_32.500_Lon_-101.875.csv,,,0.0160,,,,,,,0.0241,
node_1_solar_at_Lat_32.500_Lon_-101.250,fixed_generator,,node_1,Solar_time_series_by_year/Solar_time_series_2016_at_Lat_32.500_Lon_-101.250.csv,,,0.0148,,,,,,,0.1207,
node_1_wind_at_Lat_32.500_Lon_-101.250,fixed_generator,,node_1,Wind_time_series_by_year/Wind_time_series_2016_at_Lat_32.500_Lon_-101.250.csv,,,0.0160,,,,,,,0.0241,
node_1_solar_at_Lat_32.500_Lon_-100.625,fixed_generator,,node_1,Solar_time_series_by_year/Solar_time_series_2016_at_Lat_32.500_Lon_-100.625.csv,,,0.0148,,,,,,,0.1207,
node_1_wind_at_Lat_32.500_Lon_-100.625,fixed_generator,,node_1,Wind_time_series_by_year/Wind_time_series_2016_at_Lat_32.500_Lon_-100.625.csv,,,0.0160,,,,,,,0.0241,
node_1_solar_at_Lat_32.500_Lon_-100.000,fixed_generator,,node_1,Solar_time_series_by_year/Solar_time_series_2016_at_Lat_32.500_Lon_-100.000.csv,,,0.0148,,,,,,,0.1207,
node_1_wind_at_Lat_32.500_Lon_-100.000,fixed_generator,,node_1,Wind_time_series_by_year/Wind_time_series_2016_at_Lat_32.500_Lon_-100.000.csv,,,0.0160,,,,,,,0.0241,
node_1_solar_at_Lat_32.500_Lon_-99.375,fixed_generator,,node_1,Solar_time_series_by_year/Solar_time_series_2016_at_Lat_32.500_Lon_-99.375.csv,,,0.0148,,,,,,,0.1207,
node_1_wind_at_Lat_32.500_Lon_-99.375,fixed_generator,,node_1,Wind_time_series_by_year/Wind_time_series_2016_at_Lat_32.500_Lon_-99.375.csv,,,0.0160,,,,,,,0.0241,
node_1_solar_at_Lat_32.500_Lon_-98.750,fixed_generator,,node_1,Solar_time_series_by_year/Solar_time_series_2016_at_Lat_32.500_Lon_-98.750.csv,,,0.0148,,,,,,,0.1207,
node_1_wind_at_Lat_32.500_Lon_-98.750,fixed_generator,,node_1,Wind_time_series_by_year/Wind_time_series_2016_at_Lat_32.500_Lon_-98.750.csv,,,0.0160,,,,,,,0.0241,
node_1_solar_at_Lat_32.500_Lon_-98.125,fixed_generator,,node_1,Solar_time_series_by_year/Solar_time_series_2016_at_Lat_32.500_Lon_-98.125.csv,,,0.0148,,,,,,,0.1207,
node_1_wind_at_Lat_32.500_Lon_-98.125,fixed_generator,,node_1,Wind_time_series_by_year/Wind_time_series_2016_at_Lat_32.500_Lon_-98.125.csv,,,0.0160,,,,,,,0.0241,
node_1_solar_at_Lat_32.500_Lon_-97.500,fixed_generator,,node_1,Solar_time_series_by_year/Solar_time_series_2016_at_Lat_32.500_Lon_-97.500.csv,,,0.0148,,,,,,,0.1207,
node_1_wind_at_Lat_32.500_Lon_-97.500,fixed_generator,,node_1,Wind_time_series_by_year/Wind_time_series_2016_at_Lat_32.500_Lon_-97.500.csv,,,0.0160,,,,,,,0.0241,
node_1_solar_at_Lat_32.500_Lon_-96.875,fixed_generator,,node_1,Solar_time_series_by_year/Solar_time_series_2016_at_Lat_32.500_Lon_-96.875.csv,,,0.0148,,,,,,,0.1207,
node_1_wind_at_Lat_32.500_Lon_-96.875,fixed_generator,,node_1,Wind_time_series_by_year/Wind_time_series_2016_at_Lat_32.500_Lon_-96.875.csv,,,0.0160,,,,,,,0.0241,
node_1_solar_at_Lat_32.500_Lon_-96.250,fixed_generator,,node_1,Solar_time_series_by_year/Solar_time_series_2016_at_Lat_32.500_Lon_-96.250.csv,,,0.0148,,,,,,,0.1207,
node_1_wind_at_Lat_32.500_Lon_-96.250,fixed_generator,,node_1,Wind_time_series_by_year/Wind_time_series_2016_at_Lat_32.500_Lon_-96.250.csv,,,0.0160,,,,,,,0.0241,
node_1_solar_at_Lat_32.500_Lon_-95.625,fixed_generator,,node_1,Solar_time_series_by_year/Solar_time_series_2016_at_Lat_32.500_Lon_-95.625.csv,,,0.0148,,,,,,,0.1207,
node_1_wind_at_Lat_32.500_Lon_-95.625,fixed_generator,,node_1,Wind_time_series_by_year/Wind_time_series_2016_at_Lat_32.500_Lon_-95.625.csv,,,0.0160,,,,,,,0.0241,
node_1_solar_at_Lat_32.500_Lon_-95.000,fixed_generator,,node_1,Solar_time_series_by_year/Solar_time_series_2016_at_Lat_32.500_Lon_-95.000.csv,,,0.0148,,,,,,,0.1207,
node_1_wind_at_Lat_32.500_Lon_-95.000,fixed_generator,,node_1,Wind_time_series_by_year/Wind_time_series_2016_at_Lat_32.500_Lon_-95.000.csv,,,0.0160,,,,,,,0.0241,
node_1_solar_at_Lat_32.500_Lon_-94.375,fixed_generator,,node_1,Solar_time_series_by_year/Solar_time_series_2016_at_Lat_32.500_Lon_-94.375.csv,,,0.0148,,,,,,,0.1207,
node_1_wind_at_Lat_32.500_Lon_-94.375,fixed_generator,,node_1,Wind_time_series_by_year/Wind_time_series_2016_at_Lat_32.500_Lon_-94.375.csv,,,0.0160,,,,,,,0.0241,
node_1_solar_at_Lat_32.500_Lon_-93.750,fixed_generator,,node_1,Solar_time_series_by_year/Solar_time_series_2016_at_Lat_32.500_Lon_-93.750.csv,,,0.0148,,,,,,,0.1207,
node_1_wind_at_Lat_32.500_Lon_-93.750,fixed_generator,,node_1,Wind_time_series_by_year/Wind_time_series_2016_at_Lat_32.500_Lon_-93.750.csv,,,0.0160,,,,,,,0.0241,
node_1_solar_at_Lat_32.500_Lon_-93.125,fixed_generator,,node_1,Solar_time_series_by_year/Solar_time_series_2016_at_Lat_32.500_Lon_-93.125.csv,,,0.0148,,,,,,,0.1207,
node_1_wind_at_Lat_32.500_Lon_-93.125,fixed_generator,,node_1,Wind_time_series_by_year/Wind_time_series_2016_at_Lat_32.500_Lon_-93.125.csv,,,0.0160,,,,,,,0.0241,
node_1_solar_at_Lat_32.500_Lon_-92.500,fixed_generator,,node_1,Solar_time_series_by_year/Solar_time_series_2016_at_Lat_32.500_Lon_-92.500.csv,,,0.0148,,,,,,,0.1207,
node_1_wind_at_Lat_32.500_Lon_-92.500,fixed_generator,,node_1,Wind_time_series_by_year/Wind_time_series_2016_at_Lat_32.500_Lon_-92.500.csv,,,0.0160,,,,,,,0.0241,
node_1_solar_at_Lat_32.500_Lon_-91.875,fixed_generator,,node_1,Solar_time_series_by_year/Solar_time_series_2016_at_Lat_32.500_Lon_-91.875.csv,,,0.0148,,,,,,,0.1207,
node_1_wind_at_Lat_32.500_Lon_-91.875,fixed_generator,,node_1,Wind_time_series_by_year/Wind_time_series_2016_at_Lat_32.500_Lon_-91.875.csv,,,0.0160,,,,,,,0.0241,
node_1_solar_at_Lat_32.500_Lon_-91.250,fixed_generator,,node_1,Solar_time_series_by_year/Solar_time_series_2016_at_Lat_32.500_Lon_-91.250.csv,,,0.0148,,,,,,,0.1207,
node_1_wind_at_Lat_32.500_Lon_-91.250,fixed_generator,,node_1,Wind_time_series_by_year/Wind_time_series_2016_at_Lat_32.500_Lon_-91.250.csv,,,0.0160,,,,,,,0.0241,
node_1_solar_at_Lat_32.500_Lon_-90.625,fixed_generator,,node_1,Solar_time_series_by_year/Solar_time_series_2016_at_Lat_32.500_Lon_-90.625.csv,,,0.0148,,,,,,,0.1207,
node_1_wind_at_Lat_32.500_Lon_-90.625,fixed_generator,,node_1,Wind_time_series_by_year/Wind_time_series_2016_at_Lat_32.500_Lon_-90.625.csv,,,0.0160,,,,,,,0.0241,
node_1_solar_at_Lat_32.500_Lon_-90.000,fixed_generator,,node_1,Solar_time_series_by_year/Solar_time_series_2016_at_Lat_32.500_Lon_-90.000.csv,,,0.0148,,,,,,,0.1207,
node_1_wind_at_Lat_32.500_Lon_-90.000,fixed_generator,,node_1,Wind_time_series_by_year/Wind_time_series_2016_at_Lat_32.500_Lon_-90.000.csv,,,0.0160,,,,,,,0.0241,
node_1_solar_at_Lat_32.500_Lon_-89.375,fixed_generator,,node_1,Solar_time_series_by_year/Solar_time_series_2016_at_Lat_32.500_Lon_-89.375.csv,,,0.0148,,,,,,,0.1207,
node_1_wind_at_Lat_32.500_Lon_-89.375,fixed_generator,,node_1,Wind_time_series_by_year/Wind_time_series_2016_at_Lat_32.500_Lon_-89.375.csv,,,0.0160,,,,,,,0.0241,
node_1_solar_at_Lat_32.500_Lon_-88.750,fixed_generator,,node_1,Solar_time_series_by_year/Solar_time_series_2016_at_Lat_32.500_Lon_-88.750.csv,,,0.0148,,,,,,,0.1207,
node_1_wind_at_Lat_32.500_Lon_-88.750,fixed_generator,,node_1,Wind_time_series_by_year/Wind_time_series_2016_at_Lat_32.500_Lon_-88.750.csv,,,0.0160,,,,,,,0.0241,
node_1_solar_at_Lat_32.500_Lon_-88.125,fixed_generator,,node_1,Solar_time_series_by_year/Solar_time_series_2016_at_Lat_32.500_Lon_-88.125.csv,,,0.0148,,,,,,,0.1207,
node_1_wind_at_Lat_32.500_Lon_-88.125,fixed_generator,,node_1,Wind_time_series_by_year/Wind_time_series_2016_at_Lat_32.500_Lon_-88.125.csv,,,0.0160,,,,,,,0.0241,
node_1_solar_at_Lat_32.500_Lon_-87.500,fixed_generator,,node_1,Solar_time_series_by_year/Solar_time_series_2016_at_Lat_32.500_Lon_-87.500.csv,,,0.0148,,,,,,,0.1207,
node_1_wind_at_Lat_32.500_Lon_-87.500,fixed_generator,,node_1,Wind_time_series_by_year/Wind_time_series_2016_at_Lat_32.500_Lon_-87.500.csv,,,0.0160,,,,,,,0.0241,
node_1_solar_at_Lat_32.500_Lon_-86.875,fixed_generator,,node_1,Solar_time_series_by_year/Solar_time_series_2016_at_Lat_32.500_Lon_-86.875.csv,,,0.0148,,,,,,,0.1207,
node_1_wind_at_Lat_32.500_Lon_-86.875,fixed_generator,,node_1,Wind_time_series_by_year/Wind_time_series_2016_at_Lat_32.500_Lon_-86.875.csv,,,0.0160,,,,,,,0.0241,
node_1_solar_at_Lat_32.500_Lon_-86.250,fixed_generator,,node_1,Solar_time_series_by_year/Solar_time_series_2016_at_Lat_32.500_Lon_-86.250.csv,,,0.0148,,,,,,,0.1207,
node_1_wind_at_Lat_32.500_Lon_-86.250,fixed_generator,,node_1,Wind_time_series_by_year/Wind_time_series_2016_at_Lat_32.500_Lon_-86.250.csv,,,0.0160,,,,,,,0.0241,
node_1_solar_at_Lat_32.500_Lon_-85.625,fixed_generator,,node_1,Solar_time_series_by_year/Solar_time_series_2016_at_Lat_32.500_Lon_-85.625.csv,,,0.0148,,,,,,,0.1207,
node_1_wind_at_Lat_32.500_Lon_-85.625,fixed_generator,,node_1,Wind_time_series_by_year/Wind_time_series_2016_at_Lat_32.500_Lon_-85.625.csv,,,0.0160,,,,,,,0.0241,
node_1_solar_at_Lat_32.500_Lon_-85.000,fixed_generator,,node_1,Solar_time_series_by_year/Solar_time_series_2016_at_Lat_32.500_Lon_-85.000.csv,,,0.0148,,,,,,,0.1207,
node_1_wind_at_Lat_32.500_Lon_-85.000,fixed_generator,,node_1,Wind_time_series_by_year/Wind_time_series_2016_at_Lat_32.500_Lon_-85.000.csv,,,0.0160,,,,,,,0.0241,
node_1_solar_at_Lat_32.500_Lon_-84.375,fixed_generator,,node_1,Solar_time_series_by_year/Solar_time_series_2016_at_Lat_32.500_Lon_-84.375.csv,,,0.0148,,,,,,,0.1207,
node_1_wind_at_Lat_32.500_Lon_-84.375,fixed_generator,,node_1,Wind_time_series_by_year/Wind_time_series_2016_at_Lat_32.500_Lon_-84.375.csv,,,0.0160,,,,,,,0.0241,
node_1_solar_at_Lat_32.500_Lon_-83.750,fixed_generator,,node_1,Solar_time_series_by_year/Solar_time_series_2016_at_Lat_32.500_Lon_-83.750.csv,,,0.0148,,,,,,,0.1207,
node_1_wind_at_Lat_32.500_Lon_-83.750,fixed_generator,,node_1,Wind_time_series_by_year/Wind_time_series_2016_at_Lat_32.500_Lon_-83.750.csv,,,0.0160,,,,,,,0.0241,
node_1_solar_at_Lat_32.500_Lon_-83.125,fixed_generator,,node_1,Solar_time_series_by_year/Solar_time_series_2016_at_Lat_32.500_Lon_-83.125.csv,,,0.0148,,,,,,,0.1207,
node_1_wind_at_Lat_32.500_Lon_-83.125,fixed_generator,,node_1,Wind_time_series_by_year/Wind_time_series_2016_at_Lat_32.500_Lon_-83.125.csv,,,0.0160,,,,,,,0.0241,
node_1_solar_at_Lat_32.500_Lon_-82.500,fixed_generator,,node_1,Solar_time_series_by_year/Solar_time_series_2016_at_Lat_32.500_Lon_-82.500.csv,,,0.0148,,,,,,,0.1207,
node_1_wind_at_Lat_32.500_Lon_-82.500,fixed_generator,,node_1,Wind_time_series_by_year/Wind_time_series_2016_at_Lat_32.500_Lon_-82.500.csv,,,0.0160,,,,,,,0.0241,
node_1_solar_at_Lat_32.500_Lon_-81.875,fixed_generator,,node_1,Solar_time_series_by_year/Solar_time_series_2016_at_Lat_32.500_Lon_-81.875.csv,,,0.0148,,,,,,,0.1207,
node_1_wind_at_Lat_32.500_Lon_-81.875,fixed_generator,,node_1,Wind_time_series_by_year/Wind_time_series_2016_at_Lat_32.500_Lon_-81.875.csv,,,0.0160,,,,,,,0.0241,
node_1_solar_at_Lat_32.500_Lon_-81.250,fixed_generator,,node_1,Solar_time_series_by_year/Solar_time_series_2016_at_Lat_32.500_Lon_-81.250.csv,,,0.0148,,,,,,,0.1207,
node_1_wind_at_Lat_32.500_Lon_-81.250,fixed_generator,,node_1,Wind_time_series_by_year/Wind_time_series_2016_at_Lat_32.500_Lon_-81.250.csv,,,0.0160,,,,,,,0.0241,
node_1_solar_at_Lat_32.500_Lon_-80.625,fixed_generator,,node_1,Solar_time_series_by_year/Solar_time_series_2016_at_Lat_32.500_Lon_-80.625.csv,,,0.0148,,,,,,,0.1207,
node_1_wind_at_Lat_32.500_Lon_-80.625,fixed_generator,,node_1,Wind_time_series_by_year/Wind_time_series_2016_at_Lat_32.500_Lon_-80.625.csv,,,0.0160,,,,,,,0.0241,
node_1_solar_at_Lat_33.000_Lon_-116.875,fixed_generator,,node_1,Solar_time_series_by_year/Solar_time_series_2016_at_Lat_33.000_Lon_-116.875.csv,,,0.0148,,,,,,,0.1200,
node_1_wind_at_Lat_33.000_Lon_-116.875,fixed_generator,,node_1,Wind_time_series_by_year/Wind_time_series_2016_at_Lat_33.000_Lon_-116.875.csv,,,0.0160,,,,,,,0.0240,
node_1_solar_at_Lat_33.000_Lon_-116.250,fixed_generator,,node_1,Solar_time_series_by_year/Solar_time_series_2016_at_Lat_33.000_Lon_-116.250.csv,,,0.0148,,,,,,,0.1200,
node_1_wind_at_Lat_33.000_Lon_-116.250,fixed_generator,,node_1,Wind_time_series_by_year/Wind_time_series_2016_at_Lat_33.000_Lon_-116.250.csv,,,0.0160,,,,,,,0.0240,
node_1_solar_at_Lat_33.000_Lon_-115.625,fixed_generator,,node_1,Solar_time_series_by_year/Solar_time_series_2016_at_Lat_33.000_Lon_-115.625.csv,,,0.0148,,,,,,,0.1200,
node_1_wind_at_Lat_33.000_Lon_-115.625,fixed_generator,,node_1,Wind_time_series_by_year/Wind_time_series_2016_at_Lat_33.000_Lon_-115.625.csv,,,0.0160,,,,,,,0.0240,
node_1_solar_at_Lat_33.000_Lon_-115.000,fixed_generator,,node_1,Solar_time_series_by_year/Solar_time_series_2016_at_Lat_33.000_Lon_-115.000.csv,,,0.0148,,,,,,,0.1200,
node_1_wind_at_Lat_33.000_Lon_-115.000,fixed_generator,,node_1,Wind_time_series_by_year/Wind_time_series_2016_at_Lat_33.000_Lon_-115.000.csv,,,0.0160,,,,,,,0.0240,
node_1_solar_at_Lat_33.000_Lon_-114.375,fixed_generator,,node_1,Solar_time_series_by_year/Solar_time_series_2016_at_Lat_33.000_Lon_-114.375.csv,,,0.0148,,,,,,,0.1200,
node_1_wind_at_Lat_33.000_Lon_-114.375,fixed_generator,,node_1,Wind_time_series_by_year/Wind_time_series_2016_at_Lat_33.000_Lon_-114.375.csv,,,0.0160,,,,,,,0.0240,
node_1_solar_at_Lat_33.000_Lon_-113.750,fixed_generator,,node_1,Solar_time_series_by_year/Solar_time_series_2016_at_Lat_33.000_Lon_-113.750.csv,,,0.0148,,,,,,,0.1200,
node_1_wind_at_Lat_33.000_Lon_-113.750,fixed_generator,,node_1,Wind_time_series_by_year/Wind_time_series_2016_at_Lat_33.000_Lon_-113.750.csv,,,0.0160,,,,,,,0.0240,
node_1_solar_at_Lat_33.000_Lon_-113.125,fixed_generator,,node_1,Solar_time_series_by_year/Solar_time_series_2016_at_Lat_33.000_Lon_-113.125.csv,,,0.0148,,,,,,,0.1200,
node_1_wind_at_Lat_33.000_Lon_-113.125,fixed_generator,,node_1,Wind_time_series_by_year/Wind_time_series_2016_at_Lat_33.000_Lon_-113.125.csv,,,0.0160,,,,,,,0.0240,
node_1_solar_at_Lat_33.000_Lon_-112.500,fixed_generator,,node_1,Solar_time_series_by_year/Solar_time_series_2016_at_Lat_33.000_Lon_-112.500.csv,,,0.0148,,,,,,,0.1200,
node_1_wind_at_Lat_33.000_Lon_-112.500,fixed_generator,,node_1,Wind_time_series_by_year/Wind_time_series_2016_at_Lat_33.000_Lon_-112.500.csv,,,0.0160,,,,,,,0.0240,
node_1_solar_at_Lat_33.000_Lon_-111.875,fixed_generator,,node_1,Solar_time_series_by_year/Solar_time_series_2016_at_Lat_33.000_Lon_-111.875.csv,,,0.0148,,,,,,,0.1200,
node_1_wind_at_Lat_33.000_Lon_-111.875,fixed_generator,,node_1,Wind_time_series_by_year/Wind_time_series_2016_at_Lat_33.000_Lon_-111.875.csv,,,0.0160,,,,,,,0.0240,
node_1_solar_at_Lat_33.000_Lon_-111.250,fixed_generator,,node_1,Solar_time_series_by_year/Solar_time_series_2016_at_Lat_33.000_Lon_-111.250.csv,,,0.0148,,,,,,,0.1200,
node_1_wind_at_Lat_33.000_Lon_-111.250,fixed_generator,,node_1,Wind_time_series_by_year/Wind_time_series_2016_at_Lat_33.000_Lon_-111.250.csv,,,0.0160,,,,,,,0.0240,
node_1_solar_at_Lat_33.000_Lon_-110.625,fixed_generator,,node_1,Solar_time_series_by_year/Solar_time_series_2016_at_Lat_33.000_Lon_-110.625.csv,,,0.0148,,,,,,,0.1200,
node_1_wind_at_Lat_33.000_Lon_-110.625,fixed_generator,,node_1,Wind_time_series_by_year/Wind_time_series_2016_at_Lat_33.000_Lon_-110.625.csv,,,0.0160,,,,,,,0.0240,
node_1_solar_at_Lat_33.000_Lon_-110.000,fixed_generator,,node_1,Solar_time_series_by_year/Solar_time_series_2016_at_Lat_33.000_Lon_-110.000.csv,,,0.0148,,,,,,,0.1200,
node_1_wind_at_Lat_33.000_Lon_-110.000,fixed_generator,,node_1,Wind_time_series_by_year/Wind_time_series_2016_at_Lat_33.000_Lon_-110.000.csv,,,0.0160,,,,,,,0.0240,
node_1_solar_at_Lat_33.000_Lon_-109.375,fixed_generator,,node_1,Solar_time_series_by_year/Solar_time_series_2016_at_Lat_33.000_Lon_-109.375.csv,,,0.0148,,,,,,,0.1200,
node_1_wind_at_Lat_33.000_Lon_-109.375,fixed_generator,,node_1,Wind_time_series_by_year/Wind_time_series_2016_at_Lat_33.000_Lon_-109.375.csv,,,0.0160,,,,,,,0.0240,
node_1_solar_at_Lat_33.000_Lon_-108.750,fixed_generator,,node_1,Solar_time_series_by_year/Solar_time_series_2016_at_Lat_33.000_Lon_-108.750.csv,,,0.0148,,,,,,,0.1200,
node_1_wind_at_Lat_33.000_Lon_-108.750,fixed_generator,,node_1,Wind_time_series_by_year/Wind_time_series_2016_at_Lat_33.000_Lon_-108.750.csv,,,0.0160,,,,,,,0.0240,
node_1_solar_at_Lat_33.000_Lon_-108.125,fixed_generator,,node_1,Solar_time_series_by_year/Solar_time_series_2016_at_Lat_33.000_Lon_-108.125.csv,,,0.0148,,,,,,,0.1200,
node_1_wind_at_Lat_33.000_Lon_-108.125,fixed_generator,,node_1,Wind_time_series_by_year/Wind_time_series_2016_at_Lat_33.000_Lon_-108.125.csv,,,0.0160,,,,,,,0.0240,
node_1_solar_at_Lat_33.000_Lon_-107.500,fixed_generator,,node_1,Solar_time_series_by_year/Solar_time_series_2016_at_Lat_33.000_Lon_-107.500.csv,,,0.0148,,,,,,,0.1200,
node_1_wind_at_Lat_33.000_Lon_-107.500,fixed_generator,,node_1,Wind_time_series_by_year/Wind_time_series_2016_at_Lat_33.000_Lon_-107.500.csv,,,0.0160,,,,,,,0.0240,
node_1_solar_at_Lat_33.000_Lon_-106.875,fixed_generator,,node_1,Solar_time_series_by_year/Solar_time_series_2016_at_Lat_33.000_Lon_-106.875.csv,,,0.0148,,,,,,,0.1200,
node_1_wind_at_Lat_33.000_Lon_-106.875,fixed_generator,,node_1,Wind_time_series_by_year/Wind_time_series_2016_at_Lat_33.000_Lon_-106.875.csv,,,0.0160,,,,,,,0.0240,
node_1_solar_at_Lat_33.000_Lon_-106.250,fixed_generator,,node_1,Solar_time_series_by_year/Solar_time_series_2016_at_Lat_33.000_Lon_-106.250.csv,,,0.0148,,,,,,,0.1200,
node_1_wind_at_Lat_33.000_Lon_-106.250,fixed_generator,,node_1,Wind_time_series_by_year/Wind_time_series_2016_at_Lat_33.000_Lon_-106.250.csv,,,0.0160,,,,,,,0.0240,
node_1_solar_at_Lat_33.000_Lon_-105.625,fixed_generator,,node_1,Solar_time_series_by_year/Solar_time_series_2016_at_Lat_33.000_Lon_-105.625.csv,,,0.0148,,,,,,,0.1200,
node_1_wind_at_Lat_33.000_Lon_-105.625,fixed_generator,,node_1,Wind_time_series_by_year/Wind_time_series_2016_at_Lat_33.000_Lon_-105.625.csv,,,0.0160,,,,,,,0.0240,
node_1_solar_at_Lat_33.000_Lon_-105.000,fixed_generator,,node_1,Solar_time_series_by_year/Solar_time_series_2016_at_Lat_33.000_Lon_-105.000.csv,,,0.0148,,,,,,,0.1200,
node_1_wind_at_Lat_33.000_Lon_-105.000,fixed_generator,,node_1,Wind_time_series_by_year/Wind_time_series_2016_at_Lat_33.000_Lon_-105.000.csv,,,0.0160,,,,,,,0.0240,
node_1_solar_at_Lat_33.000_Lon_-104.375,fixed_generator,,node_1,Solar_time_series_by_year/Solar_time_series_2016_at_Lat_33.000_Lon_-104.375.csv,,,0.0148,,,,,,,0.1200,
node_1_wind_at_Lat_33.000_Lon_-104.375,fixed_generator,,node_1,Wind_time_series_by_year/Wind_time_series_2016_at_Lat_33.000_Lon_-104.375.csv,,,0.0160,,,,,,,0.0240,
node_1_solar_at_Lat_33.000_Lon_-103.750,fixed_generator,,node_1,Solar_time_series_by_year/Solar_time_series_2016_at_Lat_33.000_Lon_-103.750.csv,,,0.0148,,,,,,,0.1200,
node_1_wind_at_Lat_33.000_Lon_-103.750,fixed_generator,,node_1,Wind_time_series_by_year/Wind_time_series_2016_at_Lat_33.000_Lon_-103.750.csv,,,0.0160,,,,,,,0.0240,
node_1_solar_at_Lat_33.000_Lon_-103.125,fixed_generator,,node_1,Solar_time_series_by_year/Solar_time_series_2016_at_Lat_33.000_Lon_-103.125.csv,,,0.0148,,,,,,,0.1200,
node_1_wind_at_Lat_33.000_Lon_-103.125,fixed_generator,,node_1,Wind_time_series_by_year/Wind_time_series_2016_at_Lat_33.000_Lon_-103.125.csv,,,0.0160,,,,,,,0.0240,
node_1_solar_at_Lat_33.000_Lon_-102.500,fixed_generator,,node_1,Solar_time_series_by_year/Solar_time_series_2016_at_Lat_33.000_Lon_-102.500.csv,,,0.0148,,,,,,,0.1200,
node_1_wind_at_Lat_33.000_Lon_-102.500,fixed_generator,,node_1,Wind_time_series_by_year/Wind_time_series_2016_at_Lat_33.000_Lon_-102.500.csv,,,0.0160,,,,,,,0.0240,
node_1_solar_at_Lat_33.000_Lon_-101.875,fixed_generator,,node_1,Solar_time_series_by_year/Solar_time_series_2016_at_Lat_33.000_Lon_-101.875.csv,,,0.0148,,,,,,,0.1200,
node_1_wind_at_Lat_33.000_Lon_-101.875,fixed_generator,,node_1,Wind_time_series_by_year/Wind_time_series_2016_at_Lat_33.000_Lon_-101.875.csv,,,0.0160,,,,,,,0.0240,
node_1_solar_at_Lat_33.000_Lon_-101.250,fixed_generator,,node_1,Solar_time_series_by_year/Solar_time_series_2016_at_Lat_33.000_Lon_-101.250.csv,,,0.0148,,,,,,,0.1200,
node_1_wind_at_Lat_33.000_Lon_-101.250,fixed_generator,,node_1,Wind_time_series_by_year/Wind_time_series_2016_at_Lat_33.000_Lon_-101.250.csv,,,0.0160,,,,,,,0.0240,
node_1_solar_at_Lat_33.000_Lon_-100.625,fixed_generator,,node_1,Solar_time_series_by_year/Solar_time_series_2016_at_Lat_33.000_Lon_-100.625.csv,,,0.0148,,,,,,,0.1200,
node_1_wind_at_Lat_33.000_Lon_-100.625,fixed_generator,,node_1,Wind_time_series_by_year/Wind_time_series_2016_at_Lat_33.000_Lon_-100.625.csv,,,0.0160,,,,,,,0.0240,
node_1_solar_at_Lat_33.000_Lon_-100.000,fixed_generator,,node_1,Solar_time_series_by_year/Solar_time_series_2016_at_Lat_33.000_Lon_-100.000.csv,,,0.0148,,,,,,,0.1200,
node_1_wind_at_Lat_33.000_Lon_-100.000,fixed_generator,,node_1,Wind_time_series_by_year/Wind_time_series_2016_at_Lat_33.000_Lon_-100.000.csv,,,0.0160,,,,,,,0.0240,
node_1_solar_at_Lat_33.000_Lon_-99.375,fixed_generator,,node_1,Solar_time_series_by_year/Solar_time_series_2016_at_Lat_33.000_Lon_-99.375.csv,,,0.0148,,,,,,,0.1200,
node_1_wind_at_Lat_33.000_Lon_-99.375,fixed_generator,,node_1,Wind_time_series_by_year/Wind_time_series_2016_at_Lat_33.000_Lon_-99.375.csv,,,0.0160,,,,,,,0.0240,
node_1_solar_at_Lat_33.000_Lon_-98.750,fixed_generator,,node_1,Solar_time_series_by_year/Solar_time_series_2016_at_Lat_33.000_Lon_-98.750.csv,,,0.0148,,,,,,,0.1200,
node_1_wind_at_Lat_33.000_Lon_-98.750,fixed_generator,,node_1,Wind_time_series_by_year/Wind_time_series_2016_at_Lat_33.000_Lon_-98.750.csv,,,0.0160,,,,,,,0.0240,
node_1_solar_at_Lat_33.000_Lon_-98.125,fixed_generator,,node_1,Solar_time_series_by_year/Solar_time_series_2016_at_Lat_33.000_Lon_-98.125.csv,,,0.0148,,,,,,,0.1200,
node_1_wind_at_Lat_33.000_Lon_-98.125,fixed_generator,,node_1,Wind_time_series_by_year/Wind_time_series_2016_at_Lat_33.000_Lon_-98.125.csv,,,0.0160,,,,,,,0.0240,
node_1_solar_at_Lat_33.000_Lon_-97.500,fixed_generator,,node_1,Solar_time_series_by_year/Solar_time_series_2016_at_Lat_33.000_Lon_-97.500.csv,,,0.0148,,,,,,,0.1200,
node_1_wind_at_Lat_33.000_Lon_-97.500,fixed_generator,,node_1,Wind_time_series_by_year/Wind_time_series_2016_at_Lat_33.000_Lon_-97.500.csv,,,0.0160,,,,,,,0.0240,
node_1_solar_at_Lat_33.000_Lon_-96.875,fixed_generator,,node_1,Solar_time_series_by_year/Solar_time_series_2016_at_Lat_33.000_Lon_-96.875.csv,,,0.0148,,,,,,,0.1200,
node_1_wind_at_Lat_33.000_Lon_-96.875,fixed_generator,,node_1,Wind_time_series_by_year/Wind_time_series_2016_at_Lat_33.000_Lon_-96.875.csv,,,0.0160,,,,,,,0.0240,
node_1_solar_at_Lat_33.000_Lon_-96.250,fixed_generator,,node_1,Solar_time_series_by_year/Solar_time_series_2016_at_Lat_33.000_Lon_-96.250.csv,,,0.0148,,,,,,,0.1200,
node_1_wind_at_Lat_33.000_Lon_-96.250,fixed_generator,,node_1,Wind_time_series_by_year/Wind_time_series_2016_at_Lat_33.000_Lon_-96.250.csv,,,0.0160,,,,,,,0.0240,
node_1_solar_at_Lat_33.000_Lon_-95.625,fixed_generator,,node_1,Solar_time_series_by_year/Solar_time_series_2016_at_Lat_33.000_Lon_-95.625.csv,,,0.0148,,,,,,,0.1200,
node_1_wind_at_Lat_33.000_Lon_-95.625,fixed_generator,,node_1,Wind_time_series_by_year/Wind_time_series_2016_at_Lat_33.000_Lon_-95.625.csv,,,0.0160,,,,,,,0.0240,
node_1_solar_at_Lat_33.000_Lon_-95.000,fixed_generator,,node_1,Solar_time_series_by_year/Solar_time_series_2016_at_Lat_33.000_Lon_-95.000.csv,,,0.0148,,,,,,,0.1200,
node_1_wind_at_Lat_33.000_Lon_-95.000,fixed_generator,,node_1,Wind_time_series_by_year/Wind_time_series_2016_at_Lat_33.000_Lon_-95.000.csv,,,0.0160,,,,,,,0.0240,
node_1_solar_at_Lat_33.000_Lon_-94.375,fixed_generator,,node_1,Solar_time_series_by_year/Solar_time_series_2016_at_Lat_33.000_Lon_-94.375.csv,,,0.0148,,,,,,,0.1200,
node_1_wind_at_Lat_33.000_Lon_-94.375,fixed_generator,,node_1,Wind_time_series_by_year/Wind_time_series_2016_at_Lat_33.000_Lon_-94.375.csv,,,0.0160,,,,,,,0.0240,
node_1_solar_at_Lat_33.000_Lon_-93.750,fixed_generator,,node_1,Solar_time_series_by_year/Solar_time_series_2016_at_Lat_33.000_Lon_-93.750.csv,,,0.0148,,,,,,,0.1200,
node_1_wind_at_Lat_33.000_Lon_-93.750,fixed_generator,,node_1,Wind_time_series_by_year/Wind_time_series_2016_at_Lat_33.000_Lon_-93.750.csv,,,0.0160,,,,,,,0.0240,
node_1_solar_at_Lat_33.000_Lon_-93.125,fixed_generator,,node_1,Solar_time_series_by_year/Solar_time_series_2016_at_Lat_33.000_Lon_-93.125.csv,,,0.0148,,,,,,,0.1200,
node_1_wind_at_Lat_33.000_Lon_-93.125,fixed_generator,,node_1,Wind_time_series_by_year/Wind_time_series_2016_at_Lat_33.000_Lon_-93.125.csv,,,0.0160,,,,,,,0.0240,
node_1_solar_at_Lat_33.000_Lon_-92.500,fixed_generator,,node_1,Solar_time_series_by_year/Solar_time_series_2016_at_Lat_33.000_Lon_-92.500.csv,,,0.0148,,,,,,,0.1200,
node_1_wind_at_Lat_33.000_Lon_-92.500,fixed_generator,,node_1,Wind_time_series_by_year/Wind_time_series_2016_at_Lat_33.000_Lon_-92.500.csv,,,0.0160,,,,,,,0.0240,
node_1_solar_at_Lat_33.000_Lon_-91.875,fixed_generator,,node_1,Solar_time_series_by_year/Solar_time_series_2016_at_Lat_33.000_Lon_-91.875.csv,,,0.0148,,,,,,,0.1200,
node_1_wind_at_Lat_33.000_Lon_-91.875,fixed_generator,,node_1,Wind_time_series_by_year/Wind_time_series_2016_at_Lat_33.000_Lon_-91.875.csv,,,0.0160,,,,,,,0.0240,
node_1_solar_at_Lat_33.000_Lon_-91.250,fixed_generator,,node_1,Solar_time_series_by_year/Solar_time_series_2016_at_Lat_33.000_Lon_-91.250.csv,,,0.0148,,,,,,,0.1200,
node_1_wind_at_Lat_33.000_Lon_-91.250,fixed_generator,,node_1,Wind_time_series_by_year/Wind_time_series_2016_at_Lat_33.000_Lon_-91.250.csv,,,0.0160,,,,,,,0.0240,
node_1_solar_at_Lat_33.000_Lon_-90.625,fixed_generator,,node_1,Solar_time_series_by_year/Solar_time_series_2016_at_Lat_33.000_Lon_-90.625.csv,,,0.0148,,,,,,,0.1200,
node_1_wind_at_Lat_33.000_Lon_-90.625,fixed_generator,,node_1,Wind_time_series_by_year/Wind_time_series_2016_at_Lat_33.000_Lon_-90.625.csv,,,0.0160,,,,,,,0.0240,
node_1_solar_at_Lat_33.000_Lon_-90.000,fixed_generator,,node_1,Solar_time_series_by_year/Solar_time_series_2016_at_Lat_33.000_Lon_-90.000.csv,,,0.0148,,,,,,,0.1200,
node_1_wind_at_Lat_33.000_Lon_-90.000,fixed_generator,,node_1,Wind_time_series_by_year/Wind_time_series_2016_at_Lat_33.000_Lon_-90.000.csv,,,0.0160,,,,,,,0.0240,
node_1_solar_at_Lat_33.000_Lon_-89.375,fixed_generator,,node_1,Solar_time_series_by_year/Solar_time_series_2016_at_Lat_33.000_Lon_-89.375.csv,,,0.0148,,,,,,,0.1200,
node_1_wind_at_Lat_33.000_Lon_-89.375,fixed_generator,,node_1,Wind_time_series_by_year/Wind_time_series_2016_at_Lat_33.000_Lon_-89.375.csv,,,0.0160,,,,,,,0.0240,
node_1_solar_at_Lat_33.000_Lon_-88.750,fixed_generator,,node_1,Solar_time_series_by_year/Solar_time_series_2016_at_Lat_33.000_Lon_-88.750.csv,,,0.0148,,,,,,,0.1200,
node_1_wind_at_Lat_33.000_Lon_-88.750,fixed_generator,,node_1,Wind_time_series_by_year/Wind_time_series_2016_at_Lat_33.000_Lon_-88.750.csv,,,0.0160,,,,,,,0.0240,
node_1_solar_at_Lat_33.000_Lon_-88.125,fixed_generator,,node_1,Solar_time_series_by_year/Solar_time_series_2016_at_Lat_33.000_Lon_-88.125.csv,,,0.0148,,,,,,,0.1200,
node_1_wind_at_Lat_33.000_Lon_-88.125,fixed_generator,,node_1,Wind_time_series_by_year/Wind_time_series_2016_at_Lat_33.000_Lon_-88.125.csv,,,0.0160,,,,,,,0.0240,
node_1_solar_at_Lat_33.000_Lon_-87.500,fixed_generator,,node_1,Solar_time_series_by_year/Solar_time_series_2016_at_Lat_33.000_Lon_-87.500.csv,,,0.0148,,,,,,,0.1200,
node_1_wind_at_Lat_33.000_Lon_-87.500,fixed_generator,,node_1,Wind_time_series_by_year/Wind_time_series_2016_at_Lat_33.000_Lon_-87.500.csv,,,0.0160,,,,,,,0.0240,
node_1_solar_at_Lat_33.000_Lon_-86.875,fixed_generator,,node_1,Solar_time_series_by_year/Solar_time_series_2016_at_Lat_33.000_Lon_-86.875.csv,,,0.0148,,,,,,,0.1200,
node_1_wind_at_Lat_33.000_Lon_-86.875,fixed_generator,,node_1,Wind_time_series_by_year/Wind_time_series_2016_at_Lat_33.000_Lon_-86.875.csv,,,0.0160,,,,,,,0.0240,
node_1_solar_at_Lat_33.000_Lon_-86.250,fixed_generator,,node_1,Solar_time_series_by_year/Solar_time_series_2016_at_Lat_33.000_Lon_-86.250.csv,,,0.0148,,,,,,,0.1200,
node_1_wind_at_Lat_33.000_Lon_-86.250,fixed_generator,,node_1,Wind_time_series_by_year/Wind_time_series_2016_at_Lat_33.000_Lon_-86.250.csv,,,0.0160,,,,,,,0.0240,
node_1_solar_at_Lat_33.000_Lon_-85.625,fixed_generator,,node_1,Solar_time_series_by_year/Solar_time_series_2016_at_Lat_33.000_Lon_-85.625.csv,,,0.0148,,,,,,,0.1200,
node_1_wind_at_Lat_33.000_Lon_-85.625,fixed_generator,,node_1,Wind_time_series_by_year/Wind_time_series_2016_at_Lat_33.000_Lon_-85.625.csv,,,0.0160,,,,,,,0.0240,
node_1_solar_at_Lat_33.000_Lon_-85.000,fixed_generator,,node_1,Solar_time_series_by_year/Solar_time_series_2016_at_Lat_33.000_Lon_-85.000.csv,,,0.0148,,,,,,,0.1200,
node_1_wind_at_Lat_33.000_Lon_-85.000,fixed_generator,,node_1,Wind_time_series_by_year/Wind_time_series_2016_at_Lat_33.000_Lon_-85.000.csv,,,0.0160,,,,,,,0.0240,
node_1_solar_at_Lat_33.000_Lon_-84.375,fixed_generator,,node_1,Solar_time_series_by_year/Solar_time_series_2016_at_Lat_33.000_Lon_-84.375.csv,,,0.0148,,,,,,,0.1200,
node_1_wind_at_Lat_33.000_Lon_-84.375,fixed_generator,,node_1,Wind_time_series_by_year/Wind_time_series_2016_at_Lat_33.000_Lon_-84.375.csv,,,0.0160,,,,,,,0.0240,
node_1_solar_at_Lat_33.000_Lon_-83.750,fixed_generator,,node_1,Solar_time_series_by_year/Solar_time_series_2016_at_Lat_33.000_Lon_-83.750.csv,,,0.0148,,,,,,,0.1200,
node_1_wind_at_Lat_33.000_Lon_-83.750,fixed_generator,,node_1,Wind_time_series_by_year/Wind_time_series_2016_at_Lat_33.000_Lon_-83.750.csv,,,0.0160,,,,,,,0.0240,
node_1_solar_at_Lat_33.000_Lon_-83.125,fixed_generator,,node_1,Solar_time_series_by_year/Solar_time_series_2016_at_Lat_33.000_Lon_-83.125.csv,,,0.0148,,,,,,,0.1200,
node_1_wind_at_Lat_33.000_Lon_-83.125,fixed_generator,,node_1,Wind_time_series_by_year/Wind_time_series_2016_at_Lat_33.000_Lon_-83.125.csv,,,0.0160,,,,,,,0.0240,
node_1_solar_at_Lat_33.000_Lon_-82.500,fixed_generator,,node_1,Solar_time_series_by_year/Solar_time_series_2016_at_Lat_33.000_Lon_-82.500.csv,,,0.0148,,,,,,,0.1200,
node_1_wind_at_Lat_33.000_Lon_-82.500,fixed_generator,,node_1,Wind_time_series_by_year/Wind_time_series_2016_at_Lat_33.000_Lon_-82.500.csv,,,0.0160,,,,,,,0.0240,
node_1_solar_at_Lat_33.000_Lon_-81.875,fixed_generator,,node_1,Solar_time_series_by_year/Solar_time_series_2016_at_Lat_33.000_Lon_-81.875.csv,,,0.0148,,,,,,,0.1200,
node_1_wind_at_Lat_33.000_Lon_-81.875,fixed_generator,,node_1,Wind_time_series_by_year/Wind_time_series_2016_at_Lat_33.000_Lon_-81.875.csv,,,0.0160,,,,,,,0.0240,
node_1_solar_at_Lat_33.000_Lon_-81.250,fixed_generator,,node_1,Solar_time_series_by_year/Solar_time_series_2016_at_Lat_33.000_Lon_-81.250.csv,,,0.0148,,,,,,,0.1200,
node_1_wind_at_Lat_33.000_Lon_-81.250,fixed_generator,,node_1,Wind_time_series_by_year/Wind_time_series_2016_at_Lat_33.000_Lon_-81.250.csv,,,0.0160,,,,,,,0.0240,
node_1_solar_at_Lat_33.000_Lon_-80.625,fixed_generator,,node_1,Solar_time_series_by_year/Solar_time_series_2016_at_Lat_33.000_Lon_-80.625.csv,,,0.0148,,,,,,,0.1200,
node_1_wind_at_Lat_33.000_Lon_-80.625,fixed_generator,,node_1,Wind_time_series_by_year/Wind_time_series_2016_at_Lat_33.000_Lon_-80.625.csv,,,0.0160,,,,,,,0.0240,
node_1_solar_at_Lat_33.000_Lon_-80.000,fixed_generator,,node_1,Solar_time_series_by_year/Solar_time_series_2016_at_Lat_33.000_Lon_-80.000.csv,,,0.0148,,,,,,,0.1200,
node_1_wind_at_Lat_33.000_Lon_-80.000,fixed_generator,,node_1,Wind_time_series_by_year/Wind_time_series_2016_at_Lat_33.000_Lon_-80.000.csv,,,0.0160,,,,,,,0.0240,
node_1_solar_at_Lat_33.500_Lon_-117.500,fixed_generator,,node_1,Solar_time_series_by_year/Solar_time_series_2016_at_Lat_33.500_Lon_-117.500.csv,,,0.0148,,,,,,,0.1193,
node_1_wind_at_Lat_33.500_Lon_-117.500,fixed_generator,,node_1,Wind_time_series_by_year/Wind_time_series_2016_at_Lat_33.500_Lon_-117.500.csv,,,0.0160,,,,,,,0.0239,
node_1_solar_at_Lat_33.500_Lon_-116.875,fixed_generator,,node_1,Solar_time_series_by_year/Solar_time_series_2016_at_Lat_33.500_Lon_-116.875.csv,,,0.0148,,,,,,,0.1193,
node_1_wind_at_Lat_33.500_Lon_-116.875,fixed_generator,,node_1,Wind_time_series_by_year/Wind_time_series_2016_at_Lat_33.500_Lon_-116.875.csv,,,0.0160,,,,,,,0.0239,
node_1_solar_at_Lat_33.500_Lon_-116.250,fixed_generator,,node_1,Solar_time_series_by_year/Solar_time_series_2016_at_Lat_33.500_Lon_-116.250.csv,,,0.0148,,,,,,,0.1193,
node_1_wind_at_Lat_33.500_Lon_-116.250,fixed_generator,,node_1,Wind_time_series_by_year/Wind_time_series_2016_at_Lat_33.500_Lon_-116.250.csv,,,0.0160,,,,,,,0.0239,
node_1_solar_at_Lat_33.500_Lon_-115.625,fixed_generator,,node_1,Solar_time_series_by_year/Solar_time_series_2016_at_Lat_33.500_Lon_-115.625.csv,,,0.0148,,,,,,,0.1193,
node_1_wind_at_Lat_33.500_Lon_-115.625,fixed_generator,,node_1,Wind_time_series_by_year/Wind_time_series_2016_at_Lat_33.500_Lon_-115.625.csv,,,0.0160,,,,,,,0.0239,
node_1_solar_at_Lat_33.500_Lon_-115.000,fixed_generator,,node_1,Solar_time_series_by_year/Solar_time_series_2016_at_Lat_33.500_Lon_-115.000.csv,,,0.0148,,,,,,,0.1193,
node_1_wind_at_Lat_33.500_Lon_-115.000,fixed_generator,,node_1,Wind_time_series_by_year/Wind_time_series_2016_at_Lat_33.500_Lon_-115.000.csv,,,0.0160,,,,,,,0.0239,
node_1_solar_at_Lat_33.500_Lon_-114.375,fixed_generator,,node_1,Solar_time_series_by_year/Solar_time_series_2016_at_Lat_33.500_Lon_-114.375.csv,,,0.0148,,,,,,,0.1193,
node_1_wind_at_Lat_33.500_Lon_-114.375,fixed_generator,,node_1,Wind_time_series_by_year/Wind_time_series_2016_at_Lat_33.500_Lon_-114.375.csv,,,0.0160,,,,,,,0.0239,
node_1_solar_at_Lat_33.500_Lon_-113.750,fixed_generator,,node_1,Solar_time_series_by_year/Solar_time_series_2016_at_Lat_33.500_Lon_-113.750.csv,,,0.0148,,,,,,,0.1193,
node_1_wind_at_Lat_33.500_Lon_-113.750,fixed_generator,,node_1,Wind_time_series_by_year/Wind_time_series_2016_at_Lat_33.500_Lon_-113.750.csv,,,0.0160,,,,,,,0.0239,
node_1_solar_at_Lat_33.500_Lon_-113.125,fixed_generator,,node_1,Solar_time_series_by_year/Solar_time_series_2016_at_Lat_33.500_Lon_-113.125.csv,,,0.0148,,,,,,,0.1193,
node_1_wind_at_Lat_33.500_Lon_-113.125,fixed_generator,,node_1,Wind_time_series_by_year/Wind_time_series_2016_at_Lat_33.500_Lon_-113.125.csv,,,0.0160,,,,,,,0.0239,
node_1_solar_at_Lat_33.500_Lon_-112.500,fixed_generator,,node_1,Solar_time_series_by_year/Solar_time_series_2016_at_Lat_33.500_Lon_-112.500.csv,,,0.0148,,,,,,,0.1193,
node_1_wind_at_Lat_33.500_Lon_-112.500,fixed_generator,,node_1,Wind_time_series_by_year/Wind_time_series_2016_at_Lat_33.500_Lon_-112.500.csv,,,0.0160,,,,,,,0.0239,
node_1_solar_at_Lat_33.500_Lon_-111.875,fixed_generator,,node_1,Solar_time_series_by_year/Solar_time_series_2016_at_Lat_33.500_Lon_-111.875.csv,,,0.0148,,,,,,,0.1193,
node_1_wind_at_Lat_33.500_Lon_-111.875,fixed_generator,,node_1,Wind_time_series_by_year/Wind_time_series_2016_at_Lat_33.500_Lon_-111.875.csv,,,0.0160,,,,,,,0.0239,
node_1_solar_at_Lat_33.500_Lon_-111.250,fixed_generator,,node_1,Solar_time_series_by_year/Solar_time_series_2016_at_Lat_33.500_Lon_-111.250.csv,,,0.0148,,,,,,,0.1193,
node_1_wind_at_Lat_33.500_Lon_-111.250,fixed_generator,,node_1,Wind_time_series_by_year/Wind_time_series_2016_at_Lat_33.500_Lon_-111.250.csv,,,0.0160,,,,,,,0.0239,
node_1_solar_at_Lat_33.500_Lon_-110.625,fixed_generator,,node_1,Solar_time_series_by_year/Solar_time_series_2016_at_Lat_33.500_Lon_-110.625.csv,,,0.0148,,,,,,,0.1193,
node_1_wind_at_Lat_33.500_Lon_-110.625,fixed_generator,,node_1,Wind_time_series_by_year/Wind_time_series_2016_at_Lat_33.500_Lon_-110.625.csv,,,0.0160,,,,,,,0.0239,
node_1_solar_at_Lat_33.500_Lon_-110.000,fixed_generator,,node_1,Solar_time_series_by_year/Solar_time_series_2016_at_Lat_33.500_Lon_-110.000.csv,,,0.0148,,,,,,,0.1193,
node_1_wind_at_Lat_33.500_Lon_-110.000,fixed_generator,,node_1,Wind_time_series_by_year/Wind_time_series_2016_at_Lat_33.500_Lon_-110.000.csv,,,0.0160,,,,,,,0.0239,
node_1_solar_at_Lat_33.500_Lon_-109.375,fixed_generator,,node_1,Solar_time_series_by_year/Solar_time_series_2016_at_Lat_33.500_Lon_-109.375.csv,,,0.0148,,,,,,,0.1193,
node_1_wind_at_Lat_33.500_Lon_-109.375,fixed_generator,,node_1,Wind_time_series_by_year/Wind_time_series_2016_at_Lat_33.500_Lon_-109.375.csv,,,0.0160,,,,,,,0.0239,
node_1_solar_at_Lat_33.500_Lon_-108.750,fixed_generator,,node_1,Solar_time_series_by_year/Solar_time_series_2016_at_Lat_33.500_Lon_-108.750.csv,,,0.0148,,,,,,,0.1193,
node_1_wind_at_Lat_33.500_Lon_-108.750,fixed_generator,,node_1,Wind_time_series_by_year/Wind_time_series_2016_at_Lat_33.500_Lon_-108.750.csv,,,0.0160,,,,,,,0.0239,
node_1_solar_at_Lat_33.500_Lon_-108.125,fixed_generator,,node_1,Solar_time_series_by_year/Solar_time_series_2016_at_Lat_33.500_Lon_-108.125.csv,,,0.0148,,,,,,,0.1193,
node_1_wind_at_Lat_33.500_Lon_-108.125,fixed_generator,,node_1,Wind_time_series_by_year/Wind_time_series_2016_at_Lat_33.500_Lon_-108.125.csv,,,0.0160,,,,,,,0.0239,
node_1_solar_at_Lat_33.500_Lon_-107.500,fixed_generator,,node_1,Solar_time_series_by_year/Solar_time_series_2016_at_Lat_33.500_Lon_-107.500.csv,,,0.0148,,,,,,,0.1193,
node_1_wind_at_Lat_33.500_Lon_-107.500,fixed_generator,,node_1,Wind_time_series_by_year/Wind_time_series_2016_at_Lat_33.500_Lon_-107.500.csv,,,0.0160,,,,,,,0.0239,
node_1_solar_at_Lat_33.500_Lon_-106.875,fixed_generator,,node_1,Solar_time_series_by_year/Solar_time_series_2016_at_Lat_33.500_Lon_-106.875.csv,,,0.0148,,,,,,,0.1193,
node_1_wind_at_Lat_33.500_Lon_-106.875,fixed_generator,,node_1,Wind_time_series_by_year/Wind_time_series_2016_at_Lat_33.500_Lon_-106.875.csv,,,0.0160,,,,,,,0.0239,
node_1_solar_at_Lat_33.500_Lon_-106.250,fixed_generator,,node_1,Solar_time_series_by_year/Solar_time_series_2016_at_Lat_33.500_Lon_-106.250.csv,,,0.0148,,,,,,,0.1193,
node_1_wind_at_Lat_33.500_Lon_-106.250,fixed_generator,,node_1,Wind_time_series_by_year/Wind_time_series_2016_at_Lat_33.500_Lon_-106.250.csv,,,0.0160,,,,,,,0.0239,
node_1_solar_at_Lat_33.500_Lon_-105.625,fixed_generator,,node_1,Solar_time_series_by_year/Solar_time_series_2016_at_Lat_33.500_Lon_-105.625.csv,,,0.0148,,,,,,,0.1193,
node_1_wind_at_Lat_33.500_Lon_-105.625,fixed_generator,,node_1,Wind_time_series_by_year/Wind_time_series_2016_at_Lat_33.500_Lon_-105.625.csv,,,0.0160,,,,,,,0.0239,
node_1_solar_at_Lat_33.500_Lon_-105.000,fixed_generator,,node_1,Solar_time_series_by_year/Solar_time_series_2016_at_Lat_33.500_Lon_-105.000.csv,,,0.0148,,,,,,,0.1193,
node_1_wind_at_Lat_33.500_Lon_-105.000,fixed_generator,,node_1,Wind_time_series_by_year/Wind_time_series_2016_at_Lat_33.500_Lon_-105.000.csv,,,0.0160,,,,,,,0.0239,
node_1_solar_at_Lat_33.500_Lon_-104.375,fixed_generator,,node_1,Solar_time_series_by_year/Solar_time_series_2016_at_Lat_33.500_Lon_-104.375.csv,,,0.0148,,,,,,,0.1193,
node_1_wind_at_Lat_33.500_Lon_-104.375,fixed_generator,,node_1,Wind_time_series_by_year/Wind_time_series_2016_at_Lat_33.500_Lon_-104.375.csv,,,0.0160,,,,,,,0.0239,
node_1_solar_at_Lat_33.500_Lon_-103.750,fixed_generator,,node_1,Solar_time_series_by_year/Solar_time_series_2016_at_Lat_33.500_Lon_-103.750.csv,,,0.0148,,,,,,,0.1193,
node_1_wind_at_Lat_33.500_Lon_-103.750,fixed_generator,,node_1,Wind_time_series_by_year/Wind_time_series_2016_at_Lat_33.500_Lon_-103.750.csv,,,0.0160,,,,,,,0.0239,
node_1_solar_at_Lat_33.500_Lon_-103.125,fixed_generator,,node_1,Solar_time_series_by_year/Solar_time_series_2016_at_Lat_33.500_Lon_-103.125.csv,,,0.0148,,,,,,,0.1193,
node_1_wind_at_Lat_33.500_Lon_-103.125,fixed_generator,,node_1,Wind_time_series_by_year/Wind_time_series_2016_at_Lat_33.500_Lon_-103.125.csv,,,0.0160,,,,,,,0.0239,
node_1_solar_at_Lat_33.500_Lon_-102.500,fixed_generator,,node_1,Solar_time_series_by_year/Solar_time_series_2016_at_Lat_33.500_Lon_-102.500.csv,,,0.0148,,,,,,,0.1193,
node_1_wind_at_Lat_33.500_Lon_-102.500,fixed_generator,,node_1,Wind_time_series_by_year/Wind_time_series_2016_at_Lat_33.500_Lon_-102.500.csv,,,0.0160,,,,,,,0.0239,
node_1_solar_at_Lat_33.500_Lon_-101.875,fixed_generator,,node_1,Solar_time_series_by_year/Solar_time_series_2016_at_Lat_33.500_Lon_-101.875.csv,,,0.0148,,,,,,,0.1193,
node_1_wind_at_Lat_33.500_Lon_-101.875,fixed_generator,,node_1,Wind_time_series_by_year/Wind_time_series_2016_at_Lat_33.500_Lon_-101.875.csv,,,0.0160,,,,,,,0.0239,
node_1_solar_at_Lat_33.500_Lon_-101.250,fixed_generator,,node_1,Solar_time_series_by_year/Solar_time_series_2016_at_Lat_33.500_Lon_-101.250.csv,,,0.0148,,,,,,,0.1193,
node_1_wind_at_Lat_33.500_Lon_-101.250,fixed_generator,,node_1,Wind_time_series_by_year/Wind_time_series_2016_at_Lat_33.500_Lon_-101.250.csv,,,0.0160,,,,,,,0.0239,
node_1_solar_at_Lat_33.500_Lon_-100.625,fixed_generator,,node_1,Solar_time_series_by_year/Solar_time_series_2016_at_Lat_33.500_Lon_-100.625.csv,,,0.0148,,,,,,,0.1193,
node_1_wind_at_Lat_33.500_Lon_-100.625,fixed_generator,,node_1,Wind_time_series_by_year/Wind_time_series_2016_at_Lat_33.500_Lon_-100.625.csv,,,0.0160,,,,,,,0.0239,
node_1_solar_at_Lat_33.500_Lon_-100.000,fixed_generator,,node_1,Solar_time_series_by_year/Solar_time_series_2016_at_Lat_33.500_Lon_-100.000.csv,,,0.0148,,,,,,,0.1193,
node_1_wind_at_Lat_33.500_Lon_-100.000,fixed_generator,,node_1,Wind_time_series_by_year/Wind_time_series_2016_at_Lat_33.500_Lon_-100.000.csv,,,0.0160,,,,,,,0.0239,
node_1_solar_at_Lat_33.500_Lon_-99.375,fixed_generator,,node_1,Solar_time_series_by_year/Solar_time_series_2016_at_Lat_33.500_Lon_-99.375.csv,,,0.0148,,,,,,,0.1193,
node_1_wind_at_Lat_33.500_Lon_-99.375,fixed_generator,,node_1,Wind_time_series_by_year/Wind_time_series_2016_at_Lat_33.500_Lon_-99.375.csv,,,0.0160,,,,,,,0.0239,
node_1_solar_at_Lat_33.500_Lon_-98.750,fixed_generator,,node_1,Solar_time_series_by_year/Solar_time_series_2016_at_Lat_33.500_Lon_-98.750.csv,,,0.0148,,,,,,,0.1193,
node_1_wind_at_Lat_33.500_Lon_-98.750,fixed_generator,,node_1,Wind_time_series_by_year/Wind_time_series_2016_at_Lat_33.500_Lon_-98.750.csv,,,0.0160,,,,,,,0.0239,
node_1_solar_at_Lat_33.500_Lon_-98.125,fixed_generator,,node_1,Solar_time_series_by_year/Solar_time_series_2016_at_Lat_33.500_Lon_-98.125.csv,,,0.0148,,,,,,,0.1193,
node_1_wind_at_Lat_33.500_Lon_-98.125,fixed_generator,,node_1,Wind_time_series_by_year/Wind_time_series_2016_at_Lat_33.500_Lon_-98.125.csv,,,0.0160,,,,,,,0.0239,
node_1_solar_at_Lat_33.500_Lon_-97.500,fixed_generator,,node_1,Solar_time_series_by_year/Solar_time_series_2016_at_Lat_33.500_Lon_-97.500.csv,,,0.0148,,,,,,,0.1193,
node_1_wind_at_Lat_33.500_Lon_-97.500,fixed_generator,,node_1,Wind_time_series_by_year/Wind_time_series_2016_at_Lat_33.500_Lon_-97.500.csv,,,0.0160,,,,,,,0.0239,
node_1_solar_at_Lat_33.500_Lon_-96.875,fixed_generator,,node_1,Solar_time_series_by_year/Solar_time_series_2016_at_Lat_33.500_Lon_-96.875.csv,,,0.0148,,,,,,,0.1193,
node_1_wind_at_Lat_33.500_Lon_-96.875,fixed_generator,,node_1,Wind_time_series_by_year/Wind_time_series_2016_at_Lat_33.500_Lon_-96.875.csv,,,0.0160,,,,,,,0.0239,
node_1_solar_at_Lat_33.500_Lon_-96.250,fixed_generator,,node_1,Solar_time_series_by_year/Solar_time_series_2016_at_Lat_33.500_Lon_-96.250.csv,,,0.0148,,,,,,,0.1193,
node_1_wind_at_Lat_33.500_Lon_-96.250,fixed_generator,,node_1,Wind_time_series_by_year/Wind_time_series_2016_at_Lat_33.500_Lon_-96.250.csv,,,0.0160,,,,,,,0.0239,
node_1_solar_at_Lat_33.500_Lon_-95.625,fixed_generator,,node_1,Solar_time_series_by_year/Solar_time_series_2016_at_Lat_33.500_Lon_-95.625.csv,,,0.0148,,,,,,,0.1193,
node_1_wind_at_Lat_33.500_Lon_-95.625,fixed_generator,,node_1,Wind_time_series_by_year/Wind_time_series_2016_at_Lat_33.500_Lon_-95.625.csv,,,0.0160,,,,,,,0.0239,
node_1_solar_at_Lat_33.500_Lon_-95.000,fixed_generator,,node_1,Solar_time_series_by_year/Solar_time_series_2016_at_Lat_33.500_Lon_-95.000.csv,,,0.0148,,,,,,,0.1193,
node_1_wind_at_Lat_33.500_Lon_-95.000,fixed_generator,,node_1,Wind_time_series_by_year/Wind_time_series_2016_at_Lat_33.500_Lon_-95.000.csv,,,0.0160,,,,,,,0.0239,
node_1_solar_at_Lat_33.500_Lon_-94.375,fixed_generator,,node_1,Solar_time_series_by_year/Solar_time_series_2016_at_Lat_33.500_Lon_-94.375.csv,,,0.0148,,,,,,,0.1193,
node_1_wind_at_Lat_33.500_Lon_-94.375,fixed_generator,,node_1,Wind_time_series_by_year/Wind_time_series_2016_at_Lat_33.500_Lon_-94.375.csv,,,0.0160,,,,,,,0.0239,
node_1_solar_at_Lat_33.500_Lon_-93.750,fixed_generator,,node_1,Solar_time_series_by_year/Solar_time_series_2016_at_Lat_33.500_Lon_-93.750.csv,,,0.0148,,,,,,,0.1193,
node_1_wind_at_Lat_33.500_Lon_-93.750,fixed_generator,,node_1,Wind_time_series_by_year/Wind_time_series_2016_at_Lat_33.500_Lon_-93.750.csv,,,0.0160,,,,,,,0.0239,
node_1_solar_at_Lat_33.500_Lon_-93.125,fixed_generator,,node_1,Solar_time_series_by_year/Solar_time_series_2016_at_Lat_33.500_Lon_-93.125.csv,,,0.0148,,,,,,,0.1193,
node_1_wind_at_Lat_33.500_Lon_-93.125,fixed_generator,,node_1,Wind_time_series_by_year/Wind_time_series_2016_at_Lat_33.500_Lon_-93.125.csv,,,0.0160,,,,,,,0.0239,
node_1_solar_at_Lat_33.500_Lon_-92.500,fixed_generator,,node_1,Solar_time_series_by_year/Solar_time_series_2016_at_Lat_33.500_Lon_-92.500.csv,,,0.0148,,,,,,,0.1193,
node_1_wind_at_Lat_33.500_Lon_-92.500,fixed_generator,,node_1,Wind_time_series_by_year/Wind_time_series_2016_at_Lat_33.500_Lon_-92.500.csv,,,0.0160,,,,,,,0.0239,
node_1_solar_at_Lat_33.500_Lon_-91.875,fixed_generator,,node_1,Solar_time_series_by_year/Solar_time_series_2016_at_Lat_33.500_Lon_-91.875.csv,,,0.0148,,,,,,,0.1193,
node_1_wind_at_Lat_33.500_Lon_-91.875,fixed_generator,,node_1,Wind_time_series_by_year/Wind_time_series_2016_at_Lat_33.500_Lon_-91.875.csv,,,0.0160,,,,,,,0.0239,
node_1_solar_at_Lat_33.500_Lon_-91.250,fixed_generator,,node_1,Solar_time_series_by_year/Solar_time_series_2016_at_Lat_33.500_Lon_-91.250.csv,,,0.0148,,,,,,,0.1193,
node_1_wind_at_Lat_33.500_Lon_-91.250,fixed_generator,,node_1,Wind_time_series_by_year/Wind_time_series_2016_at_Lat_33.500_Lon_-91.250.csv,,,0.0160,,,,,,,0.0239,
node_1_solar_at_Lat_33.500_Lon_-90.625,fixed_generator,,node_1,Solar_time_series_by_year/Solar_time_series_2016_at_Lat_33.500_Lon_-90.625.csv,,,0.0148,,,,,,,0.1193,
node_1_wind_at_Lat_33.500_Lon_-90.625,fixed_generator,,node_1,Wind_time_series_by_year/Wind_time_series_2016_at_Lat_33.500_Lon_-90.625.csv,,,0.0160,,,,,,,0.0239,
node_1_solar_at_Lat_33.500_Lon_-90.000,fixed_generator,,node_1,Solar_time_series_by_year/Solar_time_series_2016_at_Lat_33.500_Lon_-90.000.csv,,,0.0148,,,,,,,0.1193,
node_1_wind_at_Lat_33.500_Lon_-90.000,fixed_generator,,node_1,Wind_time_series_by_year/Wind_time_series_2016_at_Lat_33.500_Lon_-90.000.csv,,,0.0160,,,,,,,0.0239,
node_1_solar_at_Lat_33.500_Lon_-89.375,fixed_generator,,node_1,Solar_time_series_by_year/Solar_time_series_2016_at_Lat_33.500_Lon_-89.375.csv,,,0.0148,,,,,,,0.1193,
node_1_wind_at_Lat_33.500_Lon_-89.375,fixed_generator,,node_1,Wind_time_series_by_year/Wind_time_series_2016_at_Lat_33.500_Lon_-89.375.csv,,,0.0160,,,,,,,0.0239,
node_1_solar_at_Lat_33.500_Lon_-88.750,fixed_generator,,node_1,Solar_time_series_by_year/Solar_time_series_2016_at_Lat_33.500_Lon_-88.750.csv,,,0.0148,,,,,,,0.1193,
node_1_wind_at_Lat_33.500_Lon_-88.750,fixed_generator,,node_1,Wind_time_series_by_year/Wind_time_series_2016_at_Lat_33.500_Lon_-88.750.csv,,,0.0160,,,,,,,0.0239,
node_1_solar_at_Lat_33.500_Lon_-88.125,fixed_generator,,node_1,Solar_time_series_by_year/Solar_time_series_2016_at_Lat_33.500_Lon_-88.125.csv,,,0.0148,,,,,,,0.1193,
node_1_wind_at_Lat_33.500_Lon_-88.125,fixed_generator,,node_1,Wind_time_series_by_year/Wind_time_series_2016_at_Lat_33.500_Lon_-88.125.csv,,,0.0160,,,,,,,0.0239,
node_1_solar_at_Lat_33.500_Lon_-87.500,fixed_generator,,node_1,Solar_time_series_by_year/Solar_time_series_2016_at_Lat_33.500_Lon_-87.500.csv,,,0.0148,,,,,,,0.1193,
node_1_wind_at_Lat_33.500_Lon_-87.500,fixed_generator,,node_1,Wind_time_series_by_year/Wind_time_series_2016_at_Lat_33.500_Lon_-87.500.csv,,,0.0160,,,,,,,0.0239,
node_1_solar_at_Lat_33.500_Lon_-86.875,fixed_generator,,node_1,Solar_time_series_by_year/Solar_time_series_2016_at_Lat_33.500_Lon_-86.875.csv,,,0.0148,,,,,,,0.1193,
node_1_wind_at_Lat_33.500_Lon_-86.875,fixed_generator,,node_1,Wind_time_series_by_year/Wind_time_series_2016_at_Lat_33.500_Lon_-86.875.csv,,,0.0160,,,,,,,0.0239,
node_1_solar_at_Lat_33.500_Lon_-86.250,fixed_generator,,node_1,Solar_time_series_by_year/Solar_time_series_2016_at_Lat_33.500_Lon_-86.250.csv,,,0.0148,,,,,,,0.1193,
node_1_wind_at_Lat_33.500_Lon_-86.250,fixed_generator,,node_1,Wind_time_series_by_year/Wind_time_series_2016_at_Lat_33.500_Lon_-86.250.csv,,,0.0160,,,,,,,0.0239,
node_1_solar_at_Lat_33.500_Lon_-85.625,fixed_generator,,node_1,Solar_time_series_by_year/Solar_time_series_2016_at_Lat_33.500_Lon_-85.625.csv,,,0.0148,,,,,,,0.1193,
node_1_wind_at_Lat_33.500_Lon_-85.625,fixed_generator,,node_1,Wind_time_series_by_year/Wind_time_series_2016_at_Lat_33.500_Lon_-85.625.csv,,,0.0160,,,,,,,0.0239,
node_1_solar_at_Lat_33.500_Lon_-85.000,fixed_generator,,node_1,Solar_time_series_by_year/Solar_time_series_2016_at_Lat_33.500_Lon_-85.000.csv,,,0.0148,,,,,,,0.1193,
node_1_wind_at_Lat_33.500_Lon_-85.000,fixed_generator,,node_1,Wind_time_series_by_year/Wind_time_series_2016_at_Lat_33.500_Lon_-85.000.csv,,,0.0160,,,,,,,0.0239,
node_1_solar_at_Lat_33.500_Lon_-84.375,fixed_generator,,node_1,Solar_time_series_by_year/Solar_time_series_2016_at_Lat_33.500_Lon_-84.375.csv,,,0.0148,,,,,,,0.1193,
node_1_wind_at_Lat_33.500_Lon_-84.375,fixed_generator,,node_1,Wind_time_series_by_year/Wind_time_series_2016_at_Lat_33.500_Lon_-84.375.csv,,,0.0160,,,,,,,0.0239,
node_1_solar_at_Lat_33.500_Lon_-83.750,fixed_generator,,node_1,Solar_time_series_by_year/Solar_time_series_2016_at_Lat_33.500_Lon_-83.750.csv,,,0.0148,,,,,,,0.1193,
node_1_wind_at_Lat_33.500_Lon_-83.750,fixed_generator,,node_1,Wind_time_series_by_year/Wind_time_series_2016_at_Lat_33.500_Lon_-83.750.csv,,,0.0160,,,,,,,0.0239,
node_1_solar_at_Lat_33.500_Lon_-83.125,fixed_generator,,node_1,Solar_time_series_by_year/Solar_time_series_2016_at_Lat_33.500_Lon_-83.125.csv,,,0.0148,,,,,,,0.1193,
node_1_wind_at_Lat_33.500_Lon_-83.125,fixed_generator,,node_1,Wind_time_series_by_year/Wind_time_series_2016_at_Lat_33.500_Lon_-83.125.csv,,,0.0160,,,,,,,0.0239,
node_1_solar_at_Lat_33.500_Lon_-82.500,fixed_generator,,node_1,Solar_time_series_by_year/Solar_time_series_2016_at_Lat_33.500_Lon_-82.500.csv,,,0.0148,,,,,,,0.1193,
node_1_wind_at_Lat_33.500_Lon_-82.500,fixed_generator,,node_1,Wind_time_series_by_year/Wind_time_series_2016_at_Lat_33.500_Lon_-82.500.csv,,,0.0160,,,,,,,0.0239,
node_1_solar_at_Lat_33.500_Lon_-81.875,fixed_generator,,node_1,Solar_time_series_by_year/Solar_time_series_2016_at_Lat_33.500_Lon_-81.875.csv,,,0.0148,,,,,,,0.1193,
node_1_wind_at_Lat_33.500_Lon_-81.875,fixed_generator,,node_1,Wind_time_series_by_year/Wind_time_series_2016_at_Lat_33.500_Lon_-81.875.csv,,,0.0160,,,,,,,0.0239,
node_1_solar_at_Lat_33.500_Lon_-81.250,fixed_generator,,node_1,Solar_time_series_by_year/Solar_time_series_2016_at_Lat_33.500_Lon_-81.250.csv,,,0.0148,,,,,,,0.1193,
node_1_wind_at_Lat_33.500_Lon_-81.250,fixed_generator,,node_1,Wind_time_series_by_year/Wind_time_series_2016_at_Lat_33.500_Lon_-81.250.csv,,,0.0160,,,,,,,0.0239,
node_1_solar_at_Lat_33.500_Lon_-80.625,fixed_generator,,node_1,Solar_time_series_by_year/Solar_time_series_2016_at_Lat_33.500_Lon_-80.625.csv,,,0.0148,,,,,,,0.1193,
node_1_wind_at_Lat_33.500_Lon_-80.625,fixed_generator,,node_1,Wind_time_series_by_year/Wind_time_series_2016_at_Lat_33.500_Lon_-80.625.csv,,,0.0160,,,,,,,0.0239,
node_1_solar_at_Lat_33.500_Lon_-80.000,fixed_generator,,node_1,Solar_time_series_by_year/Solar_time_series_2016_at_Lat_33.500_Lon_-80.000.csv,,,0.0148,,,,,,,0.1193,
node_1_wind_at_Lat_33.500_Lon_-80.000,fixed_generator,,node_1,Wind_time_series_by_year/Wind_time_series_2016_at_Lat_33.500_Lon_-80.000.csv,,,0.0160,,,,,,,0.0239,
node_1_solar_at_Lat_33.500_Lon_-79.375,fixed_generator,,node_1,Solar_time_series_by_year/Solar_time_series_2016_at_Lat_33.500_Lon_-79.375.csv,,,0.0148,,,,,,,0.1193,
node_1_wind_at_Lat_33.500_Lon_-79.375,fixed_generator,,node_1,Wind_time_series_by_year/Wind_time_series_2016_at_Lat_33.500_Lon_-79.375.csv,,,0.0160,,,,,,,0.0239,
node_1_solar_at_Lat_34.000_Lon_-118.125,fixed_generator,,node_1,Solar_time_series_by_year/Solar_time_series_2016_at_Lat_34.000_Lon_-118.125.csv,,,0.0148,,,,,,,0.1186,
node_1_wind_at_Lat_34.000_Lon_-118.125,fixed_generator,,node_1,Wind_time_series_by_year/Wind_time_series_2016_at_Lat_34.000_Lon_-118.125.csv,,,0.0160,,,,,,,0.0237,
node_1_solar_at_Lat_34.000_Lon_-117.500,fixed_generator,,node_1,Solar_time_series_by_year/Solar_time_series_2016_at_Lat_34.000_Lon_-117.500.csv,,,0.0148,,,,,,,0.1186,
node_1_wind_at_Lat_34.000_Lon_-117.500,fixed_generator,,node_1,Wind_time_series_by_year/Wind_time_series_2016_at_Lat_34.000_Lon_-117.500.csv,,,0.0160,,,,,,,0.0237,
node_1_solar_at_Lat_34.000_Lon_-116.875,fixed_generator,,node_1,Solar_time_series_by_year/Solar_time_series_2016_at_Lat_34.000_Lon_-116.875.csv,,,0.0148,,,,,,,0.1186,
node_1_wind_at_Lat_34.000_Lon_-116.875,fixed_generator,,node_1,Wind_time_series_by_year/Wind_time_series_2016_at_Lat_34.000_Lon_-116.875.csv,,,0.0160,,,,,,,0.0237,
node_1_solar_at_Lat_34.000_Lon_-116.250,fixed_generator,,node_1,Solar_time_series_by_year/Solar_time_series_2016_at_Lat_34.000_Lon_-116.250.csv,,,0.0148,,,,,,,0.1186,
node_1_wind_at_Lat_34.000_Lon_-116.250,fixed_generator,,node_1,Wind_time_series_by_year/Wind_time_series_2016_at_Lat_34.000_Lon_-116.250.csv,,,0.0160,,,,,,,0.0237,
node_1_solar_at_Lat_34.000_Lon_-115.625,fixed_generator,,node_1,Solar_time_series_by_year/Solar_time_series_2016_at_Lat_34.000_Lon_-115.625.csv,,,0.0148,,,,,,,0.1186,
node_1_wind_at_Lat_34.000_Lon_-115.625,fixed_generator,,node_1,Wind_time_series_by_year/Wind_time_series_2016_at_Lat_34.000_Lon_-115.625.csv,,,0.0160,,,,,,,0.0237,
node_1_solar_at_Lat_34.000_Lon_-115.000,fixed_generator,,node_1,Solar_time_series_by_year/Solar_time_series_2016_at_Lat_34.000_Lon_-115.000.csv,,,0.0148,,,,,,,0.1186,
node_1_wind_at_Lat_34.000_Lon_-115.000,fixed_generator,,node_1,Wind_time_series_by_year/Wind_time_series_2016_at_Lat_34.000_Lon_-115.000.csv,,,0.0160,,,,,,,0.0237,
node_1_solar_at_Lat_34.000_Lon_-114.375,fixed_generator,,node_1,Solar_time_series_by_year/Solar_time_series_2016_at_Lat_34.000_Lon_-114.375.csv,,,0.0148,,,,,,,0.1186,
node_1_wind_at_Lat_34.000_Lon_-114.375,fixed_generator,,node_1,Wind_time_series_by_year/Wind_time_series_2016_at_Lat_34.000_Lon_-114.375.csv,,,0.0160,,,,,,,0.0237,
node_1_solar_at_Lat_34.000_Lon_-113.750,fixed_generator,,node_1,Solar_time_series_by_year/Solar_time_series_2016_at_Lat_34.000_Lon_-113.750.csv,,,0.0148,,,,,,,0.1186,
node_1_wind_at_Lat_34.000_Lon_-113.750,fixed_generator,,node_1,Wind_time_series_by_year/Wind_time_series_2016_at_Lat_34.000_Lon_-113.750.csv,,,0.0160,,,,,,,0.0237,
node_1_solar_at_Lat_34.000_Lon_-113.125,fixed_generator,,node_1,Solar_time_series_by_year/Solar_time_series_2016_at_Lat_34.000_Lon_-113.125.csv,,,0.0148,,,,,,,0.1186,
node_1_wind_at_Lat_34.000_Lon_-113.125,fixed_generator,,node_1,Wind_time_series_by_year/Wind_time_series_2016_at_Lat_34.000_Lon_-113.125.csv,,,0.0160,,,,,,,0.0237,
node_1_solar_at_Lat_34.000_Lon_-112.500,fixed_generator,,node_1,Solar_time_series_by_year/Solar_time_series_2016_at_Lat_34.000_Lon_-112.500.csv,,,0.0148,,,,,,,0.1186,
node_1_wind_at_Lat_34.000_Lon_-112.500,fixed_generator,,node_1,Wind_time_series_by_year/Wind_time_series_2016_at_Lat_34.000_Lon_-112.500.csv,,,0.0160,,,,,,,0.0237,
node_1_solar_at_Lat_34.000_Lon_-111.875,fixed_generator,,node_1,Solar_time_series_by_year/Solar_time_series_2016_at_Lat_34.000_Lon_-111.875.csv,,,0.0148,,,,,,,0.1186,
node_1_wind_at_Lat_34.000_Lon_-111.875,fixed_generator,,node_1,Wind_time_series_by_year/Wind_time_series_2016_at_Lat_34.000_Lon_-111.875.csv,,,0.0160,,,,,,,0.0237,
node_1_solar_at_Lat_34.000_Lon_-111.250,fixed_generator,,node_1,Solar_time_series_by_year/Solar_time_series_2016_at_Lat_34.000_Lon_-111.250.csv,,,0.0148,,,,,,,0.1186,
node_1_wind_at_Lat_34.000_Lon_-111.250,fixed_generator,,node_1,Wind_time_series_by_year/Wind_time_series_2016_at_Lat_34.000_Lon_-111.250.csv,,,0.0160,,,,,,,0.0237,
node_1_solar_at_Lat_34.000_Lon_-110.625,fixed_generator,,node_1,Solar_time_series_by_year/Solar_time_series_2016_at_Lat_34.000_Lon_-110.625.csv,,,0.0148,,,,,,,0.1186,
node_1_wind_at_Lat_34.000_Lon_-110.625,fixed_generator,,node_1,Wind_time_series_by_year/Wind_time_series_2016_at_Lat_34.000_Lon_-110.625.csv,,,0.0160,,,,,,,0.0237,
node_1_solar_at_Lat_34.000_Lon_-110.000,fixed_generator,,node_1,Solar_time_series_by_year/Solar_time_series_2016_at_Lat_34.000_Lon_-110.000.csv,,,0.0148,,,,,,,0.1186,
node_1_wind_at_Lat_34.000_Lon_-110.000,fixed_generator,,node_1,Wind_time_series_by_year/Wind_time_series_2016_at_Lat_34.000_Lon_-110.000.csv,,,0.0160,,,,,,,0.0237,
node_1_solar_at_Lat_34.000_Lon_-109.375,fixed_generator,,node_1,Solar_time_series_by_year/Solar_time_series_2016_at_Lat_34.000_Lon_-109.375.csv,,,0.0148,,,,,,,0.1186,
node_1_wind_at_Lat_34.000_Lon_-109.375,fixed_generator,,node_1,Wind_time_series_by_year/Wind_time_series_2016_at_Lat_34.000_Lon_-109.375.csv,,,0.0160,,,,,,,0.0237,
node_1_solar_at_Lat_34.000_Lon_-108.750,fixed_generator,,node_1,Solar_time_series_by_year/Solar_time_series_2016_at_Lat_34.000_Lon_-108.750.csv,,,0.0148,,,,,,,0.1186,
node_1_wind_at_Lat_34.000_Lon_-108.750,fixed_generator,,node_1,Wind_time_series_by_year/Wind_time_series_2016_at_Lat_34.000_Lon_-108.750.csv,,,0.0160,,,,,,,0.0237,
node_1_solar_at_Lat_34.000_Lon_-108.125,fixed_generator,,node_1,Solar_time_series_by_year/Solar_time_series_2016_at_Lat_34.000_Lon_-108.125.csv,,,0.0148,,,,,,,0.1186,
node_1_wind_at_Lat_34.000_Lon_-108.125,fixed_generator,,node_1,Wind_time_series_by_year/Wind_time_series_2016_at_Lat_34.000_Lon_-108.125.csv,,,0.0160,,,,,,,0.0237,
node_1_solar_at_Lat_34.000_Lon_-107.500,fixed_generator,,node_1,Solar_time_series_by_year/Solar_time_series_2016_at_Lat_34.000_Lon_-107.500.csv,,,0.0148,,,,,,,0.1186,
node_1_wind_at_Lat_34.000_Lon_-107.500,fixed_generator,,node_1,Wind_time_series_by_year/Wind_time_series_2016_at_Lat_34.000_Lon_-107.500.csv,,,0.0160,,,,,,,0.0237,
node_1_solar_at_Lat_34.000_Lon_-106.875,fixed_generator,,node_1,Solar_time_series_by_year/Solar_time_series_2016_at_Lat_34.000_Lon_-106.875.csv,,,0.0148,,,,,,,0.1186,
node_1_wind_at_Lat_34.000_Lon_-106.875,fixed_generator,,node_1,Wind_time_series_by_year/Wind_time_series_2016_at_Lat_34.000_Lon_-106.875.csv,,,0.0160,,,,,,,0.0237,
node_1_solar_at_Lat_34.000_Lon_-106.250,fixed_generator,,node_1,Solar_time_series_by_year/Solar_time_series_2016_at_Lat_34.000_Lon_-106.250.csv,,,0.0148,,,,,,,0.1186,
node_1_wind_at_Lat_34.000_Lon_-106.250,fixed_generator,,node_1,Wind_time_series_by_year/Wind_time_series_2016_at_Lat_34.000_Lon_-106.250.csv,,,0.0160,,,,,,,0.0237,
node_1_solar_at_Lat_34.000_Lon_-105.625,fixed_generator,,node_1,Solar_time_series_by_year/Solar_time_series_2016_at_Lat_34.000_Lon_-105.625.csv,,,0.0148,,,,,,,0.1186,
node_1_wind_at_Lat_34.000_Lon_-105.625,fixed_generator,,node_1,Wind_time_series_by_year/Wind_time_series_2016_at_Lat_34.000_Lon_-105.625.csv,,,0.0160,,,,,,,0.0237,
node_1_solar_at_Lat_34.000_Lon_-105.000,fixed_generator,,node_1,Solar_time_series_by_year/Solar_time_series_2016_at_Lat_34.000_Lon_-105.000.csv,,,0.0148,,,,,,,0.1186,
node_1_wind_at_Lat_34.000_Lon_-105.000,fixed_generator,,node_1,Wind_time_series_by_year/Wind_time_series_2016_at_Lat_34.000_Lon_-105.000.csv,,,0.0160,,,,,,,0.0237,
node_1_solar_at_Lat_34.000_Lon_-104.375,fixed_generator,,node_1,Solar_time_series_by_year/Solar_time_series_2016_at_Lat_34.000_Lon_-104.375.csv,,,0.0148,,,,,,,0.1186,
node_1_wind_at_Lat_34.000_Lon_-104.375,fixed_generator,,node_1,Wind_time_series_by_year/Wind_time_series_2016_at_Lat_34.000_Lon_-104.375.csv,,,0.0160,,,,,,,0.0237,
node_1_solar_at_Lat_34.000_Lon_-103.750,fixed_generator,,node_1,Solar_time_series_by_year/Solar_time_series_2016_at_Lat_34.000_Lon_-103.750.csv,,,0.0148,,,,,,,0.1186,
node_1_wind_at_Lat_34.000_Lon_-103.750,fixed_generator,,node_1,Wind_time_series_by_year/Wind_time_series_2016_at_Lat_34.000_Lon_-103.750.csv,,,0.0160,,,,,,,0.0237,
node_1_solar_at_Lat_34.000_Lon_-103.125,fixed_generator,,node_1,Solar_time_series_by_year/Solar_time_series_2016_at_Lat_34.000_Lon_-103.125.csv,,,0.0148,,,,,,,0.1186,
node_1_wind_at_Lat_34.000_Lon_-103.125,fixed_generator,,node_1,Wind_time_series_by_year/Wind_time_series_2016_at_Lat_34.000_Lon_-103.125.csv,,,0.0160,,,,,,,0.0237,
node_1_solar_at_Lat_34.000_Lon_-102.500,fixed_generator,,node_1,Solar_time_series_by_year/Solar_time_series_2016_at_Lat_34.000_Lon_-102.500.csv,,,0.0148,,,,,,,0.1186,
node_1_wind_at_Lat_34.000_Lon_-102.500,fixed_generator,,node_1,Wind_time_series_by_year/Wind_time_series_2016_at_Lat_34.000_Lon_-102.500.csv,,,0.0160,,,,,,,0.0237,
node_1_solar_at_Lat_34.000_Lon_-101.875,fixed_generator,,node_1,Solar_time_series_by_year/Solar_time_series_2016_at_Lat_34.000_Lon_-101.875.csv,,,0.0148,,,,,,,0.1186,
node_1_wind_at_Lat_34.000_Lon_-101.875,fixed_generator,,node_1,Wind_time_series_by_year/Wind_time_series_2016_at_Lat_34.000_Lon_-101.875.csv,,,0.0160,,,,,,,0.0237,
node_1_solar_at_Lat_34.000_Lon_-101.250,fixed_generator,,node_1,Solar_time_series_by_year/Solar_time_series_2016_at_Lat_34.000_Lon_-101.250.csv,,,0.0148,,,,,,,0.1186,
node_1_wind_at_Lat_34.000_Lon_-101.250,fixed_generator,,node_1,Wind_time_series_by_year/Wind_time_series_2016_at_Lat_34.000_Lon_-101.250.csv,,,0.0160,,,,,,,0.0237,
node_1_solar_at_Lat_34.000_Lon_-100.625,fixed_generator,,node_1,Solar_time_series_by_year/Solar_time_series_2016_at_Lat_34.000_Lon_-100.625.csv,,,0.0148,,,,,,,0.1186,
node_1_wind_at_Lat_34.000_Lon_-100.625,fixed_generator,,node_1,Wind_time_series_by_year/Wind_time_series_2016_at_Lat_34.000_Lon_-100.625.csv,,,0.0160,,,,,,,0.0237,
node_1_solar_at_Lat_34.000_Lon_-100.000,fixed_generator,,node_1,Solar_time_series_by_year/Solar_time_series_2016_at_Lat_34.000_Lon_-100.000.csv,,,0.0148,,,,,,,0.1186,
node_1_wind_at_Lat_34.000_Lon_-100.000,fixed_generator,,node_1,Wind_time_series_by_year/Wind_time_series_2016_at_Lat_34.000_Lon_-100.000.csv,,,0.0160,,,,,,,0.0237,
node_1_solar_at_Lat_34.000_Lon_-99.375,fixed_generator,,node_1,Solar_time_series_by_year/Solar_time_series_2016_at_Lat_34.000_Lon_-99.375.csv,,,0.0148,,,,,,,0.1186,
node_1_wind_at_Lat_34.000_Lon_-99.375,fixed_generator,,node_1,Wind_time_series_by_year/Wind_time_series_2016_at_Lat_34.000_Lon_-99.375.csv,,,0.0160,,,,,,,0.0237,
node_1_solar_at_Lat_34.000_Lon_-98.750,fixed_generator,,node_1,Solar_time_series_by_year/Solar_time_series_2016_at_Lat_34.000_Lon_-98.750.csv,,,0.0148,,,,,,,0.1186,
node_1_wind_at_Lat_34.000_Lon_-98.750,fixed_generator,,node_1,Wind_time_series_by_year/Wind_time_series_2016_at_Lat_34.000_Lon_-98.750.csv,,,0.0160,,,,,,,0.0237,
node_1_solar_at_Lat_34.000_Lon_-98.125,fixed_generator,,node_1,Solar_time_series_by_year/Solar_time_series_2016_at_Lat_34.000_Lon_-98.125.csv,,,0.0148,,,,,,,0.1186,
node_1_wind_at_Lat_34.000_Lon_-98.125,fixed_generator,,node_1,Wind_time_series_by_year/Wind_time_series_2016_at_Lat_34.000_Lon_-98.125.csv,,,0.0160,,,,,,,0.0237,
node_1_solar_at_Lat_34.000_Lon_-97.500,fixed_generator,,node_1,Solar_time_series_by_year/Solar_time_series_2016_at_Lat_34.000_Lon_-97.500.csv,,,0.0148,,,,,,,0.1186,
node_1_wind_at_Lat_34.000_Lon_-97.500,fixed_generator,,node_1,Wind_time_series_by_year/Wind_time_series_2016_at_Lat_34.000_Lon_-97.500.csv,,,0.0160,,,,,,,0.0237,
node_1_solar_at_Lat_34.000_Lon_-96.875,fixed_generator,,node_1,Solar_time_series_by_year/Solar_time_series_2016_at_Lat_34.000_Lon_-96.875.csv,,,0.0148,,,,,,,0.1186,
node_1_wind_at_Lat_34.000_Lon_-96.875,fixed_generator,,node_1,Wind_time_series_by_year/Wind_time_series_2016_at_Lat_34.000_Lon_-96.875.csv,,,0.0160,,,,,,,0.0237,
node_1_solar_at_Lat_34.000_Lon_-96.250,fixed_generator,,node_1,Solar_time_series_by_year/Solar_time_series_2016_at_Lat_34.000_Lon_-96.250.csv,,,0.0148,,,,,,,0.1186,
node_1_wind_at_Lat_34.000_Lon_-96.250,fixed_generator,,node_1,Wind_time_series_by_year/Wind_time_series_2016_at_Lat_34.000_Lon_-96.250.csv,,,0.0160,,,,,,,0.0237,
node_1_solar_at_Lat_34.000_Lon_-95.625,fixed_generator,,node_1,Solar_time_series_by_year/Solar_time_series_2016_at_Lat_34.000_Lon_-95.625.csv,,,0.0148,,,,,,,0.1186,
node_1_wind_at_Lat_34.000_Lon_-95.625,fixed_generator,,node_1,Wind_time_series_by_year/Wind_time_series_2016_at_Lat_34.000_Lon_-95.625.csv,,,0.0160,,,,,,,0.0237,
node_1_solar_at_Lat_34.000_Lon_-95.000,fixed_generator,,node_1,Solar_time_series_by_year/Solar_time_series_2016_at_Lat_34.000_Lon_-95.000.csv,,,0.0148,,,,,,,0.1186,
node_1_wind_at_Lat_34.000_Lon_-95.000,fixed_generator,,node_1,Wind_time_series_by_year/Wind_time_series_2016_at_Lat_34.000_Lon_-95.000.csv,,,0.0160,,,,,,,0.0237,
node_1_solar_at_Lat_34.000_Lon_-94.375,fixed_generator,,node_1,Solar_time_series_by_year/Solar_time_series_2016_at_Lat_34.000_Lon_-94.375.csv,,,0.0148,,,,,,,0.1186,
node_1_wind_at_Lat_34.000_Lon_-94.375,fixed_generator,,node_1,Wind_time_series_by_year/Wind_time_series_2016_at_Lat_34.000_Lon_-94.375.csv,,,0.0160,,,,,,,0.0237,
node_1_solar_at_Lat_34.000_Lon_-93.750,fixed_generator,,node_1,Solar_time_series_by_year/Solar_time_series_2016_at_Lat_34.000_Lon_-93.750.csv,,,0.0148,,,,,,,0.1186,
node_1_wind_at_Lat_34.000_Lon_-93.750,fixed_generator,,node_1,Wind_time_series_by_year/Wind_time_series_2016_at_Lat_34.000_Lon_-93.750.csv,,,0.0160,,,,,,,0.0237,
node_1_solar_at_Lat_34.000_Lon_-93.125,fixed_generator,,node_1,Solar_time_series_by_year/Solar_time_series_2016_at_Lat_34.000_Lon_-93.125.csv,,,0.0148,,,,,,,0.1186,
node_1_wind_at_Lat_34.000_Lon_-93.125,fixed_generator,,node_1,Wind_time_series_by_year/Wind_time_series_2016_at_Lat_34.000_Lon_-93.125.csv,,,0.0160,,,,,,,0.0237,
node_1_solar_at_Lat_34.000_Lon_-92.500,fixed_generator,,node_1,Solar_time_series_by_year/Solar_time_series_2016_at_Lat_34.000_Lon_-92.500.csv,,,0.0148,,,,,,,0.1186,
node_1_wind_at_Lat_34.000_Lon_-92.500,fixed_generator,,node_1,Wind_time_series_by_year/Wind_time_series_2016_at_Lat_34.000_Lon_-92.500.csv,,,0.0160,,,,,,,0.0237,
node_1_solar_at_Lat_34.000_Lon_-91.875,fixed_generator,,node_1,Solar_time_series_by_year/Solar_time_series_2016_at_Lat_34.000_Lon_-91.875.csv,,,0.0148,,,,,,,0.1186,
node_1_wind_at_Lat_34.000_Lon_-91.875,fixed_generator,,node_1,Wind_time_series_by_year/Wind_time_series_2016_at_Lat_34.000_Lon_-91.875.csv,,,0.0160,,,,,,,0.0237,
node_1_solar_at_Lat_34.000_Lon_-91.250,fixed_generator,,node_1,Solar_time_series_by_year/Solar_time_series_2016_at_Lat_34.000_Lon_-91.250.csv,,,0.0148,,,,,,,0.1186,
node_1_wind_at_Lat_34.000_Lon_-91.250,fixed_generator,,node_1,Wind_time_series_by_year/Wind_time_series_2016_at_Lat_34.000_Lon_-91.250.csv,,,0.0160,,,,,,,0.0237,
node_1_solar_at_Lat_34.000_Lon_-90.625,fixed_generator,,node_1,Solar_time_series_by_year/Solar_time_series_2016_at_Lat_34.000_Lon_-90.625.csv,,,0.0148,,,,,,,0.1186,
node_1_wind_at_Lat_34.000_Lon_-90.625,fixed_generator,,node_1,Wind_time_series_by_year/Wind_time_series_2016_at_Lat_34.000_Lon_-90.625.csv,,,0.0160,,,,,,,0.0237,
node_1_solar_at_Lat_34.000_Lon_-90.000,fixed_generator,,node_1,Solar_time_series_by_year/Solar_time_series_2016_at_Lat_34.000_Lon_-90.000.csv,,,0.0148,,,,,,,0.1186,
node_1_wind_at_Lat_34.000_Lon_-90.000,fixed_generator,,node_1,Wind_time_series_by_year/Wind_time_series_2016_at_Lat_34.000_Lon_-90.000.csv,,,0.0160,,,,,,,0.0237,
node_1_solar_at_Lat_34.000_Lon_-89.375,fixed_generator,,node_1,Solar_time_series_by_year/Solar_time_series_2016_at_Lat_34.000_Lon_-89.375.csv,,,0.0148,,,,,,,0.1186,
node_1_wind_at_Lat_34.000_Lon_-89.375,fixed_generator,,node_1,Wind_time_series_by_year/Wind_time_series_2016_at_Lat_34.000_Lon_-89.375.csv,,,0.0160,,,,,,,0.0237,
node_1_solar_at_Lat_34.000_Lon_-88.750,fixed_generator,,node_1,Solar_time_series_by_year/Solar_time_series_2016_at_Lat_34.000_Lon_-88.750.csv,,,0.0148,,,,,,,0.1186,
node_1_wind_at_Lat_34.000_Lon_-88.750,fixed_generator,,node_1,Wind_time_series_by_year/Wind_time_series_2016_at_Lat_34.000_Lon_-88.750.csv,,,0.0160,,,,,,,0.0237,
node_1_solar_at_Lat_34.000_Lon_-88.125,fixed_generator,,node_1,Solar_time_series_by_year/Solar_time_series_2016_at_Lat_34.000_Lon_-88.125.csv,,,0.0148,,,,,,,0.1186,
node_1_wind_at_Lat_34.000_Lon_-88.125,fixed_generator,,node_1,Wind_time_series_by_year/Wind_time_series_2016_at_Lat_34.000_Lon_-88.125.csv,,,0.0160,,,,,,,0.0237,
node_1_solar_at_Lat_34.000_Lon_-87.500,fixed_generator,,node_1,Solar_time_series_by_year/Solar_time_series_2016_at_Lat_34.000_Lon_-87.500.csv,,,0.0148,,,,,,,0.1186,
node_1_wind_at_Lat_34.000_Lon_-87.500,fixed_generator,,node_1,Wind_time_series_by_year/Wind_time_series_2016_at_Lat_34.000_Lon_-87.500.csv,,,0.0160,,,,,,,0.0237,
node_1_solar_at_Lat_34.000_Lon_-86.875,fixed_generator,,node_1,Solar_time_series_by_year/Solar_time_series_2016_at_Lat_34.000_Lon_-86.875.csv,,,0.0148,,,,,,,0.1186,
node_1_wind_at_Lat_34.000_Lon_-86.875,fixed_generator,,node_1,Wind_time_series_by_year/Wind_time_series_2016_at_Lat_34.000_Lon_-86.875.csv,,,0.0160,,,,,,,0.0237,
node_1_solar_at_Lat_34.000_Lon_-86.250,fixed_generator,,node_1,Solar_time_series_by_year/Solar_time_series_2016_at_Lat_34.000_Lon_-86.250.csv,,,0.0148,,,,,,,0.1186,
node_1_wind_at_Lat_34.000_Lon_-86.250,fixed_generator,,node_1,Wind_time_series_by_year/Wind_time_series_2016_at_Lat_34.000_Lon_-86.250.csv,,,0.0160,,,,,,,0.0237,
node_1_solar_at_Lat_34.000_Lon_-85.625,fixed_generator,,node_1,Solar_time_series_by_year/Solar_time_series_2016_at_Lat_34.000_Lon_-85.625.csv,,,0.0148,,,,,,,0.1186,
node_1_wind_at_Lat_34.000_Lon_-85.625,fixed_generator,,node_1,Wind_time_series_by_year/Wind_time_series_2016_at_Lat_34.000_Lon_-85.625.csv,,,0.0160,,,,,,,0.0237,
node_1_solar_at_Lat_34.000_Lon_-85.000,fixed_generator,,node_1,Solar_time_series_by_year/Solar_time_series_2016_at_Lat_34.000_Lon_-85.000.csv,,,0.0148,,,,,,,0.1186,
node_1_wind_at_Lat_34.000_Lon_-85.000,fixed_generator,,node_1,Wind_time_series_by_year/Wind_time_series_2016_at_Lat_34.000_Lon_-85.000.csv,,,0.0160,,,,,,,0.0237,
node_1_solar_at_Lat_34.000_Lon_-84.375,fixed_generator,,node_1,Solar_time_series_by_year/Solar_time_series_2016_at_Lat_34.000_Lon_-84.375.csv,,,0.0148,,,,,,,0.1186,
node_1_wind_at_Lat_34.000_Lon_-84.375,fixed_generator,,node_1,Wind_time_series_by_year/Wind_time_series_2016_at_Lat_34.000_Lon_-84.375.csv,,,0.0160,,,,,,,0.0237,
node_1_solar_at_Lat_34.000_Lon_-83.750,fixed_generator,,node_1,Solar_time_series_by_year/Solar_time_series_2016_at_Lat_34.000_Lon_-83.750.csv,,,0.0148,,,,,,,0.1186,
node_1_wind_at_Lat_34.000_Lon_-83.750,fixed_generator,,node_1,Wind_time_series_by_year/Wind_time_series_2016_at_Lat_34.000_Lon_-83.750.csv,,,0.0160,,,,,,,0.0237,
node_1_solar_at_Lat_34.000_Lon_-83.125,fixed_generator,,node_1,Solar_time_series_by_year/Solar_time_series_2016_at_Lat_34.000_Lon_-83.125.csv,,,0.0148,,,,,,,0.1186,
node_1_wind_at_Lat_34.000_Lon_-83.125,fixed_generator,,node_1,Wind_time_series_by_year/Wind_time_series_2016_at_Lat_34.000_Lon_-83.125.csv,,,0.0160,,,,,,,0.0237,
node_1_solar_at_Lat_34.000_Lon_-82.500,fixed_generator,,node_1,Solar_time_series_by_year/Solar_time_series_2016_at_Lat_34.000_Lon_-82.500.csv,,,0.0148,,,,,,,0.1186,
node_1_wind_at_Lat_34.000_Lon_-82.500,fixed_generator,,node_1,Wind_time_series_by_year/Wind_time_series_2016_at_Lat_34.000_Lon_-82.500.csv,,,0.0160,,,,,,,0.0237,
node_1_solar_at_Lat_34.000_Lon_-81.875,fixed_generator,,node_1,Solar_time_series_by_year/Solar_time_series_2016_at_Lat_34.000_Lon_-81.875.csv,,,0.0148,,,,,,,0.1186,
node_1_wind_at_Lat_34.000_Lon_-81.875,fixed_generator,,node_1,Wind_time_series_by_year/Wind_time_series_2016_at_Lat_34.000_Lon_-81.875.csv,,,0.0160,,,,,,,0.0237,
node_1_solar_at_Lat_34.000_Lon_-81.250,fixed_generator,,node_1,Solar_time_series_by_year/Solar_time_series_2016_at_Lat_34.000_Lon_-81.250.csv,,,0.0148,,,,,,,0.1186,
node_1_wind_at_Lat_34.000_Lon_-81.250,fixed_generator,,node_1,Wind_time_series_by_year/Wind_time_series_2016_at_Lat_34.000_Lon_-81.250.csv,,,0.0160,,,,,,,0.0237,
node_1_solar_at_Lat_34.000_Lon_-80.625,fixed_generator,,node_1,Solar_time_series_by_year/Solar_time_series_2016_at_Lat_34.000_Lon_-80.625.csv,,,0.0148,,,,,,,0.1186,
node_1_wind_at_Lat_34.000_Lon_-80.625,fixed_generator,,node_1,Wind_time_series_by_year/Wind_time_series_2016_at_Lat_34.000_Lon_-80.625.csv,,,0.0160,,,,,,,0.0237,
node_1_solar_at_Lat_34.000_Lon_-80.000,fixed_generator,,node_1,Solar_time_series_by_year/Solar_time_series_2016_at_Lat_34.000_Lon_-80.000.csv,,,0.0148,,,,,,,0.1186,
node_1_wind_at_Lat_34.000_Lon_-80.000,fixed_generator,,node_1,Wind_time_series_by_year/Wind_time_series_2016_at_Lat_34.000_Lon_-80.000.csv,,,0.0160,,,,,,,0.0237,
node_1_solar_at_Lat_34.000_Lon_-79.375,fixed_generator,,node_1,Solar_time_series_by_year/Solar_time_series_2016_at_Lat_34.000_Lon_-79.375.csv,,,0.0148,,,,,,,0.1186,
node_1_wind_at_Lat_34.000_Lon_-79.375,fixed_generator,,node_1,Wind_time_series_by_year/Wind_time_series_2016_at_Lat_34.000_Lon_-79.375.csv,,,0.0160,,,,,,,0.0237,
node_1_solar_at_Lat_34.000_Lon_-78.750,fixed_generator,,node_1,Solar_time_series_by_year/Solar_time_series_2016_at_Lat_34.000_Lon_-78.750.csv,,,0.0148,,,,,,,0.1186,
node_1_wind_at_Lat_34.000_Lon_-78.750,fixed_generator,,node_1,Wind_time_series_by_year/Wind_time_series_2016_at_Lat_34.000_Lon_-78.750.csv,,,0.0160,,,,,,,0.0237,
node_1_solar_at_Lat_34.000_Lon_-78.125,fixed_generator,,node_1,Solar_time_series_by_year/Solar_time_series_2016_at_Lat_34.000_Lon_-78.125.csv,,,0.0148,,,,,,,0.1186,
node_1_wind_at_Lat_34.000_Lon_-78.125,fixed_generator,,node_1,Wind_time_series_by_year/Wind_time_series_2016_at_Lat_34.000_Lon_-78.125.csv,,,0.0160,,,,,,,0.0237,
node_1_solar_at_Lat_34.500_Lon_-120.000,fixed_generator,,node_1,Solar_time_series_by_year/Solar_time_series_2016_at_Lat_34.500_Lon_-120.000.csv,,,0.0148,,,,,,,0.1179,
node_1_wind_at_Lat_34.500_Lon_-120.000,fixed_generator,,node_1,Wind_time_series_by_year/Wind_time_series_2016_at_Lat_34.500_Lon_-120.000.csv,,,0.0160,,,,,,,0.0236,
node_1_solar_at_Lat_34.500_Lon_-119.375,fixed_generator,,node_1,Solar_time_series_by_year/Solar_time_series_2016_at_Lat_34.500_Lon_-119.375.csv,,,0.0148,,,,,,,0.1179,
node_1_wind_at_Lat_34.500_Lon_-119.375,fixed_generator,,node_1,Wind_time_series_by_year/Wind_time_series_2016_at_Lat_34.500_Lon_-119.375.csv,,,0.0160,,,,,,,0.0236,
node_1_solar_at_Lat_34.500_Lon_-118.750,fixed_generator,,node_1,Solar_time_series_by_year/Solar_time_series_2016_at_Lat_34.500_Lon_-118.750.csv,,,0.0148,,,,,,,0.1179,
node_1_wind_at_Lat_34.500_Lon_-118.750,fixed_generator,,node_1,Wind_time_series_by_year/Wind_time_series_2016_at_Lat_34.500_Lon_-118.750.csv,,,0.0160,,,,,,,0.0236,
node_1_solar_at_Lat_34.500_Lon_-118.125,fixed_generator,,node_1,Solar_time_series_by_year/Solar_time_series_2016_at_Lat_34.500_Lon_-118.125.csv,,,0.0148,,,,,,,0.1179,
node_1_wind_at_Lat_34.500_Lon_-118.125,fixed_generator,,node_1,Wind_time_series_by_year/Wind_time_series_2016_at_Lat_34.500_Lon_-118.125.csv,,,0.0160,,,,,,,0.0236,
node_1_solar_at_Lat_34.500_Lon_-117.500,fixed_generator,,node_1,Solar_time_series_by_year/Solar_time_series_2016_at_Lat_34.500_Lon_-117.500.csv,,,0.0148,,,,,,,0.1179,
node_1_wind_at_Lat_34.500_Lon_-117.500,fixed_generator,,node_1,Wind_time_series_by_year/Wind_time_series_2016_at_Lat_34.500_Lon_-117.500.csv,,,0.0160,,,,,,,0.0236,
node_1_solar_at_Lat_34.500_Lon_-116.875,fixed_generator,,node_1,Solar_time_series_by_year/Solar_time_series_2016_at_Lat_34.500_Lon_-116.875.csv,,,0.0148,,,,,,,0.1179,
node_1_wind_at_Lat_34.500_Lon_-116.875,fixed_generator,,node_1,Wind_time_series_by_year/Wind_time_series_2016_at_Lat_34.500_Lon_-116.875.csv,,,0.0160,,,,,,,0.0236,
node_1_solar_at_Lat_34.500_Lon_-116.250,fixed_generator,,node_1,Solar_time_series_by_year/Solar_time_series_2016_at_Lat_34.500_Lon_-116.250.csv,,,0.0148,,,,,,,0.1179,
node_1_wind_at_Lat_34.500_Lon_-116.250,fixed_generator,,node_1,Wind_time_series_by_year/Wind_time_series_2016_at_Lat_34.500_Lon_-116.250.csv,,,0.0160,,,,,,,0.0236,
node_1_solar_at_Lat_34.500_Lon_-115.625,fixed_generator,,node_1,Solar_time_series_by_year/Solar_time_series_2016_at_Lat_34.500_Lon_-115.625.csv,,,0.0148,,,,,,,0.1179,
node_1_wind_at_Lat_34.500_Lon_-115.625,fixed_generator,,node_1,Wind_time_series_by_year/Wind_time_series_2016_at_Lat_34.500_Lon_-115.625.csv,,,0.0160,,,,,,,0.0236,
node_1_solar_at_Lat_34.500_Lon_-115.000,fixed_generator,,node_1,Solar_time_series_by_year/Solar_time_series_2016_at_Lat_34.500_Lon_-115.000.csv,,,0.0148,,,,,,,0.1179,
node_1_wind_at_Lat_34.500_Lon_-115.000,fixed_generator,,node_1,Wind_time_series_by_year/Wind_time_series_2016_at_Lat_34.500_Lon_-115.000.csv,,,0.0160,,,,,,,0.0236,
node_1_solar_at_Lat_34.500_Lon_-114.375,fixed_generator,,node_1,Solar_time_series_by_year/Solar_time_series_2016_at_Lat_34.500_Lon_-114.375.csv,,,0.0148,,,,,,,0.1179,
node_1_wind_at_Lat_34.500_Lon_-114.375,fixed_generator,,node_1,Wind_time_series_by_year/Wind_time_series_2016_at_Lat_34.500_Lon_-114.375.csv,,,0.0160,,,,,,,0.0236,
node_1_solar_at_Lat_34.500_Lon_-113.750,fixed_generator,,node_1,Solar_time_series_by_year/Solar_time_series_2016_at_Lat_34.500_Lon_-113.750.csv,,,0.0148,,,,,,,0.1179,
node_1_wind_at_Lat_34.500_Lon_-113.750,fixed_generator,,node_1,Wind_time_series_by_year/Wind_time_series_2016_at_Lat_34.500_Lon_-113.750.csv,,,0.0160,,,,,,,0.0236,
node_1_solar_at_Lat_34.500_Lon_-113.125,fixed_generator,,node_1,Solar_time_series_by_year/Solar_time_series_2016_at_Lat_34.500_Lon_-113.125.csv,,,0.0148,,,,,,,0.1179,
node_1_wind_at_Lat_34.500_Lon_-113.125,fixed_generator,,node_1,Wind_time_series_by_year/Wind_time_series_2016_at_Lat_34.500_Lon_-113.125.csv,,,0.0160,,,,,,,0.0236,
node_1_solar_at_Lat_34.500_Lon_-112.500,fixed_generator,,node_1,Solar_time_series_by_year/Solar_time_series_2016_at_Lat_34.500_Lon_-112.500.csv,,,0.0148,,,,,,,0.1179,
node_1_wind_at_Lat_34.500_Lon_-112.500,fixed_generator,,node_1,Wind_time_series_by_year/Wind_time_series_2016_at_Lat_34.500_Lon_-112.500.csv,,,0.0160,,,,,,,0.0236,
node_1_solar_at_Lat_34.500_Lon_-111.875,fixed_generator,,node_1,Solar_time_series_by_year/Solar_time_series_2016_at_Lat_34.500_Lon_-111.875.csv,,,0.0148,,,,,,,0.1179,
node_1_wind_at_Lat_34.500_Lon_-111.875,fixed_generator,,node_1,Wind_time_series_by_year/Wind_time_series_2016_at_Lat_34.500_Lon_-111.875.csv,,,0.0160,,,,,,,0.0236,
node_1_solar_at_Lat_34.500_Lon_-111.250,fixed_generator,,node_1,Solar_time_series_by_year/Solar_time_series_2016_at_Lat_34.500_Lon_-111.250.csv,,,0.0148,,,,,,,0.1179,
node_1_wind_at_Lat_34.500_Lon_-111.250,fixed_generator,,node_1,Wind_time_series_by_year/Wind_time_series_2016_at_Lat_34.500_Lon_-111.250.csv,,,0.0160,,,,,,,0.0236,
node_1_solar_at_Lat_34.500_Lon_-110.625,fixed_generator,,node_1,Solar_time_series_by_year/Solar_time_series_2016_at_Lat_34.500_Lon_-110.625.csv,,,0.0148,,,,,,,0.1179,
node_1_wind_at_Lat_34.500_Lon_-110.625,fixed_generator,,node_1,Wind_time_series_by_year/Wind_time_series_2016_at_Lat_34.500_Lon_-110.625.csv,,,0.0160,,,,,,,0.0236,
node_1_solar_at_Lat_34.500_Lon_-110.000,fixed_generator,,node_1,Solar_time_series_by_year/Solar_time_series_2016_at_Lat_34.500_Lon_-110.000.csv,,,0.0148,,,,,,,0.1179,
node_1_wind_at_Lat_34.500_Lon_-110.000,fixed_generator,,node_1,Wind_time_series_by_year/Wind_time_series_2016_at_Lat_34.500_Lon_-110.000.csv,,,0.0160,,,,,,,0.0236,
node_1_solar_at_Lat_34.500_Lon_-109.375,fixed_generator,,node_1,Solar_time_series_by_year/Solar_time_series_2016_at_Lat_34.500_Lon_-109.375.csv,,,0.0148,,,,,,,0.1179,
node_1_wind_at_Lat_34.500_Lon_-109.375,fixed_generator,,node_1,Wind_time_series_by_year/Wind_time_series_2016_at_Lat_34.500_Lon_-109.375.csv,,,0.0160,,,,,,,0.0236,
node_1_solar_at_Lat_34.500_Lon_-108.750,fixed_generator,,node_1,Solar_time_series_by_year/Solar_time_series_2016_at_Lat_34.500_Lon_-108.750.csv,,,0.0148,,,,,,,0.1179,
node_1_wind_at_Lat_34.500_Lon_-108.750,fixed_generator,,node_1,Wind_time_series_by_year/Wind_time_series_2016_at_Lat_34.500_Lon_-108.750.csv,,,0.0160,,,,,,,0.0236,
node_1_solar_at_Lat_34.500_Lon_-108.125,fixed_generator,,node_1,Solar_time_series_by_year/Solar_time_series_2016_at_Lat_34.500_Lon_-108.125.csv,,,0.0148,,,,,,,0.1179,
node_1_wind_at_Lat_34.500_Lon_-108.125,fixed_generator,,node_1,Wind_time_series_by_year/Wind_time_series_2016_at_Lat_34.500_Lon_-108.125.csv,,,0.0160,,,,,,,0.0236,
node_1_solar_at_Lat_34.500_Lon_-107.500,fixed_generator,,node_1,Solar_time_series_by_year/Solar_time_series_2016_at_Lat_34.500_Lon_-107.500.csv,,,0.0148,,,,,,,0.1179,
node_1_wind_at_Lat_34.500_Lon_-107.500,fixed_generator,,node_1,Wind_time_series_by_year/Wind_time_series_2016_at_Lat_34.500_Lon_-107.500.csv,,,0.0160,,,,,,,0.0236,
node_1_solar_at_Lat_34.500_Lon_-106.875,fixed_generator,,node_1,Solar_time_series_by_year/Solar_time_series_2016_at_Lat_34.500_Lon_-106.875.csv,,,0.0148,,,,,,,0.1179,
node_1_wind_at_Lat_34.500_Lon_-106.875,fixed_generator,,node_1,Wind_time_series_by_year/Wind_time_series_2016_at_Lat_34.500_Lon_-106.875.csv,,,0.0160,,,,,,,0.0236,
node_1_solar_at_Lat_34.500_Lon_-106.250,fixed_generator,,node_1,Solar_time_series_by_year/Solar_time_series_2016_at_Lat_34.500_Lon_-106.250.csv,,,0.0148,,,,,,,0.1179,
node_1_wind_at_Lat_34.500_Lon_-106.250,fixed_generator,,node_1,Wind_time_series_by_year/Wind_time_series_2016_at_Lat_34.500_Lon_-106.250.csv,,,0.0160,,,,,,,0.0236,
node_1_solar_at_Lat_34.500_Lon_-105.625,fixed_generator,,node_1,Solar_time_series_by_year/Solar_time_series_2016_at_Lat_34.500_Lon_-105.625.csv,,,0.0148,,,,,,,0.1179,
node_1_wind_at_Lat_34.500_Lon_-105.625,fixed_generator,,node_1,Wind_time_series_by_year/Wind_time_series_2016_at_Lat_34.500_Lon_-105.625.csv,,,0.0160,,,,,,,0.0236,
node_1_solar_at_Lat_34.500_Lon_-105.000,fixed_generator,,node_1,Solar_time_series_by_year/Solar_time_series_2016_at_Lat_34.500_Lon_-105.000.csv,,,0.0148,,,,,,,0.1179,
node_1_wind_at_Lat_34.500_Lon_-105.000,fixed_generator,,node_1,Wind_time_series_by_year/Wind_time_series_2016_at_Lat_34.500_Lon_-105.000.csv,,,0.0160,,,,,,,0.0236,
node_1_solar_at_Lat_34.500_Lon_-104.375,fixed_generator,,node_1,Solar_time_series_by_year/Solar_time_series_2016_at_Lat_34.500_Lon_-104.375.csv,,,0.0148,,,,,,,0.1179,
node_1_wind_at_Lat_34.500_Lon_-104.375,fixed_generator,,node_1,Wind_time_series_by_year/Wind_time_series_2016_at_Lat_34.500_Lon_-104.375.csv,,,0.0160,,,,,,,0.0236,
node_1_solar_at_Lat_34.500_Lon_-103.750,fixed_generator,,node_1,Solar_time_series_by_year/Solar_time_series_2016_at_Lat_34.500_Lon_-103.750.csv,,,0.0148,,,,,,,0.1179,
node_1_wind_at_Lat_34.500_Lon_-103.750,fixed_generator,,node_1,Wind_time_series_by_year/Wind_time_series_2016_at_Lat_34.500_Lon_-103.750.csv,,,0.0160,,,,,,,0.0236,
node_1_solar_at_Lat_34.500_Lon_-103.125,fixed_generator,,node_1,Solar_time_series_by_year/Solar_time_series_2016_at_Lat_34.500_Lon_-103.125.csv,,,0.0148,,,,,,,0.1179,
node_1_wind_at_Lat_34.500_Lon_-103.125,fixed_generator,,node_1,Wind_time_series_by_year/Wind_time_series_2016_at_Lat_34.500_Lon_-103.125.csv,,,0.0160,,,,,,,0.0236,
node_1_solar_at_Lat_34.500_Lon_-102.500,fixed_generator,,node_1,Solar_time_series_by_year/Solar_time_series_2016_at_Lat_34.500_Lon_-102.500.csv,,,0.0148,,,,,,,0.1179,
node_1_wind_at_Lat_34.500_Lon_-102.500,fixed_generator,,node_1,Wind_time_series_by_year/Wind_time_series_2016_at_Lat_34.500_Lon_-102.500.csv,,,0.0160,,,,,,,0.0236,
node_1_solar_at_Lat_34.500_Lon_-101.875,fixed_generator,,node_1,Solar_time_series_by_year/Solar_time_series_2016_at_Lat_34.500_Lon_-101.875.csv,,,0.0148,,,,,,,0.1179,
node_1_wind_at_Lat_34.500_Lon_-101.875,fixed_generator,,node_1,Wind_time_series_by_year/Wind_time_series_2016_at_Lat_34.500_Lon_-101.875.csv,,,0.0160,,,,,,,0.0236,
node_1_solar_at_Lat_34.500_Lon_-101.250,fixed_generator,,node_1,Solar_time_series_by_year/Solar_time_series_2016_at_Lat_34.500_Lon_-101.250.csv,,,0.0148,,,,,,,0.1179,
node_1_wind_at_Lat_34.500_Lon_-101.250,fixed_generator,,node_1,Wind_time_series_by_year/Wind_time_series_2016_at_Lat_34.500_Lon_-101.250.csv,,,0.0160,,,,,,,0.0236,
node_1_solar_at_Lat_34.500_Lon_-100.625,fixed_generator,,node_1,Solar_time_series_by_year/Solar_time_series_2016_at_Lat_34.500_Lon_-100.625.csv,,,0.0148,,,,,,,0.1179,
node_1_wind_at_Lat_34.500_Lon_-100.625,fixed_generator,,node_1,Wind_time_series_by_year/Wind_time_series_2016_at_Lat_34.500_Lon_-100.625.csv,,,0.0160,,,,,,,0.0236,
node_1_solar_at_Lat_34.500_Lon_-100.000,fixed_generator,,node_1,Solar_time_series_by_year/Solar_time_series_2016_at_Lat_34.500_Lon_-100.000.csv,,,0.0148,,,,,,,0.1179,
node_1_wind_at_Lat_34.500_Lon_-100.000,fixed_generator,,node_1,Wind_time_series_by_year/Wind_time_series_2016_at_Lat_34.500_Lon_-100.000.csv,,,0.0160,,,,,,,0.0236,
node_1_solar_at_Lat_34.500_Lon_-99.375,fixed_generator,,node_1,Solar_time_series_by_year/Solar_time_series_2016_at_Lat_34.500_Lon_-99.375.csv,,,0.0148,,,,,,,0.1179,
node_1_wind_at_Lat_34.500_Lon_-99.375,fixed_generator,,node_1,Wind_time_series_by_year/Wind_time_series_2016_at_Lat_34.500_Lon_-99.375.csv,,,0.0160,,,,,,,0.0236,
node_1_solar_at_Lat_34.500_Lon_-98.750,fixed_generator,,node_1,Solar_time_series_by_year/Solar_time_series_2016_at_Lat_34.500_Lon_-98.750.csv,,,0.0148,,,,,,,0.1179,
node_1_wind_at_Lat_34.500_Lon_-98.750,fixed_generator,,node_1,Wind_time_series_by_year/Wind_time_series_2016_at_Lat_34.500_Lon_-98.750.csv,,,0.0160,,,,,,,0.0236,
node_1_solar_at_Lat_34.500_Lon_-98.125,fixed_generator,,node_1,Solar_time_series_by_year/Solar_time_series_2016_at_Lat_34.500_Lon_-98.125.csv,,,0.0148,,,,,,,0.1179,
node_1_wind_at_Lat_34.500_Lon_-98.125,fixed_generator,,node_1,Wind_time_series_by_year/Wind_time_series_2016_at_Lat_34.500_Lon_-98.125.csv,,,0.0160,,,,,,,0.0236,
node_1_solar_at_Lat_34.500_Lon_-97.500,fixed_generator,,node_1,Solar_time_series_by_year/Solar_time_series_2016_at_Lat_34.500_Lon_-97.500.csv,,,0.0148,,,,,,,0.1179,
node_1_wind_at_Lat_34.500_Lon_-97.500,fixed_generator,,node_1,Wind_time_series_by_year/Wind_time_series_2016_at_Lat_34.500_Lon_-97.500.csv,,,0.0160,,,,,,,0.0236,
node_1_solar_at_Lat_34.500_Lon_-96.875,fixed_generator,,node_1,Solar_time_series_by_year/Solar_time_series_2016_at_Lat_34.500_Lon_-96.875.csv,,,0.0148,,,,,,,0.1179,
node_1_wind_at_Lat_34.500_Lon_-96.875,fixed_generator,,node_1,Wind_time_series_by_year/Wind_time_series_2016_at_Lat_34.500_Lon_-96.875.csv,,,0.0160,,,,,,,0.0236,
node_1_solar_at_Lat_34.500_Lon_-96.250,fixed_generator,,node_1,Solar_time_series_by_year/Solar_time_series_2016_at_Lat_34.500_Lon_-96.250.csv,,,0.0148,,,,,,,0.1179,
node_1_wind_at_Lat_34.500_Lon_-96.250,fixed_generator,,node_1,Wind_time_series_by_year/Wind_time_series_2016_at_Lat_34.500_Lon_-96.250.csv,,,0.0160,,,,,,,0.0236,
node_1_solar_at_Lat_34.500_Lon_-95.625,fixed_generator,,node_1,Solar_time_series_by_year/Solar_time_series_2016_at_Lat_34.500_Lon_-95.625.csv,,,0.0148,,,,,,,0.1179,
node_1_wind_at_Lat_34.500_Lon_-95.625,fixed_generator,,node_1,Wind_time_series_by_year/Wind_time_series_2016_at_Lat_34.500_Lon_-95.625.csv,,,0.0160,,,,,,,0.0236,
node_1_solar_at_Lat_34.500_Lon_-95.000,fixed_generator,,node_1,Solar_time_series_by_year/Solar_time_series_2016_at_Lat_34.500_Lon_-95.000.csv,,,0.0148,,,,,,,0.1179,
node_1_wind_at_Lat_34.500_Lon_-95.000,fixed_generator,,node_1,Wind_time_series_by_year/Wind_time_series_2016_at_Lat_34.500_Lon_-95.000.csv,,,0.0160,,,,,,,0.0236,
node_1_solar_at_Lat_34.500_Lon_-94.375,fixed_generator,,node_1,Solar_time_series_by_year/Solar_time_series_2016_at_Lat_34.500_Lon_-94.375.csv,,,0.0148,,,,,,,0.1179,
node_1_wind_at_Lat_34.500_Lon_-94.375,fixed_generator,,node_1,Wind_time_series_by_year/Wind_time_series_2016_at_Lat_34.500_Lon_-94.375.csv,,,0.0160,,,,,,,0.0236,
node_1_solar_at_Lat_34.500_Lon_-93.750,fixed_generator,,node_1,Solar_time_series_by_year/Solar_time_series_2016_at_Lat_34.500_Lon_-93.750.csv,,,0.0148,,,,,,,0.1179,
node_1_wind_at_Lat_34.500_Lon_-93.750,fixed_generator,,node_1,Wind_time_series_by_year/Wind_time_series_2016_at_Lat_34.500_Lon_-93.750.csv,,,0.0160,,,,,,,0.0236,
node_1_solar_at_Lat_34.500_Lon_-93.125,fixed_generator,,node_1,Solar_time_series_by_year/Solar_time_series_2016_at_Lat_34.500_Lon_-93.125.csv,,,0.0148,,,,,,,0.1179,
node_1_wind_at_Lat_34.500_Lon_-93.125,fixed_generator,,node_1,Wind_time_series_by_year/Wind_time_series_2016_at_Lat_34.500_Lon_-93.125.csv,,,0.0160,,,,,,,0.0236,
node_1_solar_at_Lat_34.500_Lon_-92.500,fixed_generator,,node_1,Solar_time_series_by_year/Solar_time_series_2016_at_Lat_34.500_Lon_-92.500.csv,,,0.0148,,,,,,,0.1179,
node_1_wind_at_Lat_34.500_Lon_-92.500,fixed_generator,,node_1,Wind_time_series_by_year/Wind_time_series_2016_at_Lat_34.500_Lon_-92.500.csv,,,0.0160,,,,,,,0.0236,
node_1_solar_at_Lat_34.500_Lon_-91.875,fixed_generator,,node_1,Solar_time_series_by_year/Solar_time_series_2016_at_Lat_34.500_Lon_-91.875.csv,,,0.0148,,,,,,,0.1179,
node_1_wind_at_Lat_34.500_Lon_-91.875,fixed_generator,,node_1,Wind_time_series_by_year/Wind_time_series_2016_at_Lat_34.500_Lon_-91.875.csv,,,0.0160,,,,,,,0.0236,
node_1_solar_at_Lat_34.500_Lon_-91.250,fixed_generator,,node_1,Solar_time_series_by_year/Solar_time_series_2016_at_Lat_34.500_Lon_-91.250.csv,,,0.0148,,,,,,,0.1179,
node_1_wind_at_Lat_34.500_Lon_-91.250,fixed_generator,,node_1,Wind_time_series_by_year/Wind_time_series_2016_at_Lat_34.500_Lon_-91.250.csv,,,0.0160,,,,,,,0.0236,
node_1_solar_at_Lat_34.500_Lon_-90.625,fixed_generator,,node_1,Solar_time_series_by_year/Solar_time_series_2016_at_Lat_34.500_Lon_-90.625.csv,,,0.0148,,,,,,,0.1179,
node_1_wind_at_Lat_34.500_Lon_-90.625,fixed_generator,,node_1,Wind_time_series_by_year/Wind_time_series_2016_at_Lat_34.500_Lon_-90.625.csv,,,0.0160,,,,,,,0.0236,
node_1_solar_at_Lat_34.500_Lon_-90.000,fixed_generator,,node_1,Solar_time_series_by_year/Solar_time_series_2016_at_Lat_34.500_Lon_-90.000.csv,,,0.0148,,,,,,,0.1179,
node_1_wind_at_Lat_34.500_Lon_-90.000,fixed_generator,,node_1,Wind_time_series_by_year/Wind_time_series_2016_at_Lat_34.500_Lon_-90.000.csv,,,0.0160,,,,,,,0.0236,
node_1_solar_at_Lat_34.500_Lon_-89.375,fixed_generator,,node_1,Solar_time_series_by_year/Solar_time_series_2016_at_Lat_34.500_Lon_-89.375.csv,,,0.0148,,,,,,,0.1179,
node_1_wind_at_Lat_34.500_Lon_-89.375,fixed_generator,,node_1,Wind_time_series_by_year/Wind_time_series_2016_at_Lat_34.500_Lon_-89.375.csv,,,0.0160,,,,,,,0.0236,
node_1_solar_at_Lat_34.500_Lon_-88.750,fixed_generator,,node_1,Solar_time_series_by_year/Solar_time_series_2016_at_Lat_34.500_Lon_-88.750.csv,,,0.0148,,,,,,,0.1179,
node_1_wind_at_Lat_34.500_Lon_-88.750,fixed_generator,,node_1,Wind_time_series_by_year/Wind_time_series_2016_at_Lat_34.500_Lon_-88.750.csv,,,0.0160,,,,,,,0.0236,
node_1_solar_at_Lat_34.500_Lon_-88.125,fixed_generator,,node_1,Solar_time_series_by_year/Solar_time_series_2016_at_Lat_34.500_Lon_-88.125.csv,,,0.0148,,,,,,,0.1179,
node_1_wind_at_Lat_34.500_Lon_-88.125,fixed_generator,,node_1,Wind_time_series_by_year/Wind_time_series_2016_at_Lat_34.500_Lon_-88.125.csv,,,0.0160,,,,,,,0.0236,
node_1_solar_at_Lat_34.500_Lon_-87.500,fixed_generator,,node_1,Solar_time_series_by_year/Solar_time_series_2016_at_Lat_34.500_Lon_-87.500.csv,,,0.0148,,,,,,,0.1179,
node_1_wind_at_Lat_34.500_Lon_-87.500,fixed_generator,,node_1,Wind_time_series_by_year/Wind_time_series_2016_at_Lat_34.500_Lon_-87.500.csv,,,0.0160,,,,,,,0.0236,
node_1_solar_at_Lat_34.500_Lon_-86.875,fixed_generator,,node_1,Solar_time_series_by_year/Solar_time_series_2016_at_Lat_34.500_Lon_-86.875.csv,,,0.0148,,,,,,,0.1179,
node_1_wind_at_Lat_34.500_Lon_-86.875,fixed_generator,,node_1,Wind_time_series_by_year/Wind_time_series_2016_at_Lat_34.500_Lon_-86.875.csv,,,0.0160,,,,,,,0.0236,
node_1_solar_at_Lat_34.500_Lon_-86.250,fixed_generator,,node_1,Solar_time_series_by_year/Solar_time_series_2016_at_Lat_34.500_Lon_-86.250.csv,,,0.0148,,,,,,,0.1179,
node_1_wind_at_Lat_34.500_Lon_-86.250,fixed_generator,,node_1,Wind_time_series_by_year/Wind_time_series_2016_at_Lat_34.500_Lon_-86.250.csv,,,0.0160,,,,,,,0.0236,
node_1_solar_at_Lat_34.500_Lon_-85.625,fixed_generator,,node_1,Solar_time_series_by_year/Solar_time_series_2016_at_Lat_34.500_Lon_-85.625.csv,,,0.0148,,,,,,,0.1179,
node_1_wind_at_Lat_34.500_Lon_-85.625,fixed_generator,,node_1,Wind_time_series_by_year/Wind_time_series_2016_at_Lat_34.500_Lon_-85.625.csv,,,0.0160,,,,,,,0.0236,
node_1_solar_at_Lat_34.500_Lon_-85.000,fixed_generator,,node_1,Solar_time_series_by_year/Solar_time_series_2016_at_Lat_34.500_Lon_-85.000.csv,,,0.0148,,,,,,,0.1179,
node_1_wind_at_Lat_34.500_Lon_-85.000,fixed_generator,,node_1,Wind_time_series_by_year/Wind_time_series_2016_at_Lat_34.500_Lon_-85.000.csv,,,0.0160,,,,,,,0.0236,
node_1_solar_at_Lat_34.500_Lon_-84.375,fixed_generator,,node_1,Solar_time_series_by_year/Solar_time_series_2016_at_Lat_34.500_Lon_-84.375.csv,,,0.0148,,,,,,,0.1179,
node_1_wind_at_Lat_34.500_Lon_-84.375,fixed_generator,,node_1,Wind_time_series_by_year/Wind_time_series_2016_at_Lat_34.500_Lon_-84.375.csv,,,0.0160,,,,,,,0.0236,
node_1_solar_at_Lat_34.500_Lon_-83.750,fixed_generator,,node_1,Solar_time_series_by_year/Solar_time_series_2016_at_Lat_34.500_Lon_-83.750.csv,,,0.0148,,,,,,,0.1179,
node_1_wind_at_Lat_34.500_Lon_-83.750,fixed_generator,,node_1,Wind_time_series_by_year/Wind_time_series_2016_at_Lat_34.500_Lon_-83.750.csv,,,0.0160,,,,,,,0.0236,
node_1_solar_at_Lat_34.500_Lon_-83.125,fixed_generator,,node_1,Solar_time_series_by_year/Solar_time_series_2016_at_Lat_34.500_Lon_-83.125.csv,,,0.0148,,,,,,,0.1179,
node_1_wind_at_Lat_34.500_Lon_-83.125,fixed_generator,,node_1,Wind_time_series_by_year/Wind_time_series_2016_at_Lat_34.500_Lon_-83.125.csv,,,0.0160,,,,,,,0.0236,
node_1_solar_at_Lat_34.500_Lon_-82.500,fixed_generator,,node_1,Solar_time_series_by_year/Solar_time_series_2016_at_Lat_34.500_Lon_-82.500.csv,,,0.0148,,,,,,,0.1179,
node_1_wind_at_Lat_34.500_Lon_-82.500,fixed_generator,,node_1,Wind_time_series_by_year/Wind_time_series_2016_at_Lat_34.500_Lon_-82.500.csv,,,0.0160,,,,,,,0.0236,
node_1_solar_at_Lat_34.500_Lon_-81.875,fixed_generator,,node_1,Solar_time_series_by_year/Solar_time_series_2016_at_Lat_34.500_Lon_-81.875.csv,,,0.0148,,,,,,,0.1179,
node_1_wind_at_Lat_34.500_Lon_-81.875,fixed_generator,,node_1,Wind_time_series_by_year/Wind_time_series_2016_at_Lat_34.500_Lon_-81.875.csv,,,0.0160,,,,,,,0.0236,
node_1_solar_at_Lat_34.500_Lon_-81.250,fixed_generator,,node_1,Solar_time_series_by_year/Solar_time_series_2016_at_Lat_34.500_Lon_-81.250.csv,,,0.0148,,,,,,,0.1179,
node_1_wind_at_Lat_34.500_Lon_-81.250,fixed_generator,,node_1,Wind_time_series_by_year/Wind_time_series_2016_at_Lat_34.500_Lon_-81.250.csv,,,0.0160,,,,,,,0.0236,
node_1_solar_at_Lat_34.500_Lon_-80.625,fixed_generator,,node_1,Solar_time_series_by_year/Solar_time_series_2016_at_Lat_34.500_Lon_-80.625.csv,,,0.0148,,,,,,,0.1179,
node_1_wind_at_Lat_34.500_Lon_-80.625,fixed_generator,,node_1,Wind_time_series_by_year/Wind_time_series_2016_at_Lat_34.500_Lon_-80.625.csv,,,0.0160,,,,,,,0.0236,
node_1_solar_at_Lat_34.500_Lon_-80.000,fixed_generator,,node_1,Solar_time_series_by_year/Solar_time_series_2016_at_Lat_34.500_Lon_-80.000.csv,,,0.0148,,,,,,,0.1179,
node_1_wind_at_Lat_34.500_Lon_-80.000,fixed_generator,,node_1,Wind_time_series_by_year/Wind_time_series_2016_at_Lat_34.500_Lon_-80.000.csv,,,0.0160,,,,,,,0.0236,
node_1_solar_at_Lat_34.500_Lon_-79.375,fixed_generator,,node_1,Solar_time_series_by_year/Solar_time_series_2016_at_Lat_34.500_Lon_-79.375.csv,,,0.0148,,,,,,,0.1179,
node_1_wind_at_Lat_34.500_Lon_-79.375,fixed_generator,,node_1,Wind_time_series_by_year/Wind_time_series_2016_at_Lat_34.500_Lon_-79.375.csv,,,0.0160,,,,,,,0.0236,
node_1_solar_at_Lat_34.500_Lon_-78.750,fixed_generator,,node_1,Solar_time_series_by_year/Solar_time_series_2016_at_Lat_34.500_Lon_-78.750.csv,,,0.0148,,,,,,,0.1179,
node_1_wind_at_Lat_34.500_Lon_-78.750,fixed_generator,,node_1,Wind_time_series_by_year/Wind_time_series_2016_at_Lat_34.500_Lon_-78.750.csv,,,0.0160,,,,,,,0.0236,
node_1_solar_at_Lat_34.500_Lon_-78.125,fixed_generator,,node_1,Solar_time_series_by_year/Solar_time_series_2016_at_Lat_34.500_Lon_-78.125.csv,,,0.0148,,,,,,,0.1179,
node_1_wind_at_Lat_34.500_Lon_-78.125,fixed_generator,,node_1,Wind_time_series_by_year/Wind_time_series_2016_at_Lat_34.500_Lon_-78.125.csv,,,0.0160,,,,,,,0.0236,
node_1_solar_at_Lat_34.500_Lon_-77.500,fixed_generator,,node_1,Solar_time_series_by_year/Solar_time_series_2016_at_Lat_34.500_Lon_-77.500.csv,,,0.0148,,,,,,,0.1179,
node_1_wind_at_Lat_34.500_Lon_-77.500,fixed_generator,,node_1,Wind_time_series_by_year/Wind_time_series_2016_at_Lat_34.500_Lon_-77.500.csv,,,0.0160,,,,,,,0.0236,
node_1_solar_at_Lat_35.000_Lon_-120.625,fixed_generator,,node_1,Solar_time_series_by_year/Solar_time_series_2016_at_Lat_35.000_Lon_-120.625.csv,,,0.0148,,,,,,,0.1172,
node_1_wind_at_Lat_35.000_Lon_-120.625,fixed_generator,,node_1,Wind_time_series_by_year/Wind_time_series_2016_at_Lat_35.000_Lon_-120.625.csv,,,0.0160,,,,,,,0.0234,
node_1_solar_at_Lat_35.000_Lon_-120.000,fixed_generator,,node_1,Solar_time_series_by_year/Solar_time_series_2016_at_Lat_35.000_Lon_-120.000.csv,,,0.0148,,,,,,,0.1172,
node_1_wind_at_Lat_35.000_Lon_-120.000,fixed_generator,,node_1,Wind_time_series_by_year/Wind_time_series_2016_at_Lat_35.000_Lon_-120.000.csv,,,0.0160,,,,,,,0.0234,
node_1_solar_at_Lat_35.000_Lon_-119.375,fixed_generator,,node_1,Solar_time_series_by_year/Solar_time_series_2016_at_Lat_35.000_Lon_-119.375.csv,,,0.0148,,,,,,,0.1172,
node_1_wind_at_Lat_35.000_Lon_-119.375,fixed_generator,,node_1,Wind_time_series_by_year/Wind_time_series_2016_at_Lat_35.000_Lon_-119.375.csv,,,0.0160,,,,,,,0.0234,
node_1_solar_at_Lat_35.000_Lon_-118.750,fixed_generator,,node_1,Solar_time_series_by_year/Solar_time_series_2016_at_Lat_35.000_Lon_-118.750.csv,,,0.0148,,,,,,,0.1172,
node_1_wind_at_Lat_35.000_Lon_-118.750,fixed_generator,,node_1,Wind_time_series_by_year/Wind_time_series_2016_at_Lat_35.000_Lon_-118.750.csv,,,0.0160,,,,,,,0.0234,
node_1_solar_at_Lat_35.000_Lon_-118.125,fixed_generator,,node_1,Solar_time_series_by_year/Solar_time_series_2016_at_Lat_35.000_Lon_-118.125.csv,,,0.0148,,,,,,,0.1172,
node_1_wind_at_Lat_35.000_Lon_-118.125,fixed_generator,,node_1,Wind_time_series_by_year/Wind_time_series_2016_at_Lat_35.000_Lon_-118.125.csv,,,0.0160,,,,,,,0.0234,
node_1_solar_at_Lat_35.000_Lon_-117.500,fixed_generator,,node_1,Solar_time_series_by_year/Solar_time_series_2016_at_Lat_35.000_Lon_-117.500.csv,,,0.0148,,,,,,,0.1172,
node_1_wind_at_Lat_35.000_Lon_-117.500,fixed_generator,,node_1,Wind_time_series_by_year/Wind_time_series_2016_at_Lat_35.000_Lon_-117.500.csv,,,0.0160,,,,,,,0.0234,
node_1_solar_at_Lat_35.000_Lon_-116.875,fixed_generator,,node_1,Solar_time_series_by_year/Solar_time_series_2016_at_Lat_35.000_Lon_-116.875.csv,,,0.0148,,,,,,,0.1172,
node_1_wind_at_Lat_35.000_Lon_-116.875,fixed_generator,,node_1,Wind_time_series_by_year/Wind_time_series_2016_at_Lat_35.000_Lon_-116.875.csv,,,0.0160,,,,,,,0.0234,
node_1_solar_at_Lat_35.000_Lon_-116.250,fixed_generator,,node_1,Solar_time_series_by_year/Solar_time_series_2016_at_Lat_35.000_Lon_-116.250.csv,,,0.0148,,,,,,,0.1172,
node_1_wind_at_Lat_35.000_Lon_-116.250,fixed_generator,,node_1,Wind_time_series_by_year/Wind_time_series_2016_at_Lat_35.000_Lon_-116.250.csv,,,0.0160,,,,,,,0.0234,
node_1_solar_at_Lat_35.000_Lon_-115.625,fixed_generator,,node_1,Solar_time_series_by_year/Solar_time_series_2016_at_Lat_35.000_Lon_-115.625.csv,,,0.0148,,,,,,,0.1172,
node_1_wind_at_Lat_35.000_Lon_-115.625,fixed_generator,,node_1,Wind_time_series_by_year/Wind_time_series_2016_at_Lat_35.000_Lon_-115.625.csv,,,0.0160,,,,,,,0.0234,
node_1_solar_at_Lat_35.000_Lon_-115.000,fixed_generator,,node_1,Solar_time_series_by_year/Solar_time_series_2016_at_Lat_35.000_Lon_-115.000.csv,,,0.0148,,,,,,,0.1172,
node_1_wind_at_Lat_35.000_Lon_-115.000,fixed_generator,,node_1,Wind_time_series_by_year/Wind_time_series_2016_at_Lat_35.000_Lon_-115.000.csv,,,0.0160,,,,,,,0.0234,
node_1_solar_at_Lat_35.000_Lon_-114.375,fixed_generator,,node_1,Solar_time_series_by_year/Solar_time_series_2016_at_Lat_35.000_Lon_-114.375.csv,,,0.0148,,,,,,,0.1172,
node_1_wind_at_Lat_35.000_Lon_-114.375,fixed_generator,,node_1,Wind_time_series_by_year/Wind_time_series_2016_at_Lat_35.000_Lon_-114.375.csv,,,0.0160,,,,,,,0.0234,
node_1_solar_at_Lat_35.000_Lon_-113.750,fixed_generator,,node_1,Solar_time_series_by_year/Solar_time_series_2016_at_Lat_35.000_Lon_-113.750.csv,,,0.0148,,,,,,,0.1172,
node_1_wind_at_Lat_35.000_Lon_-113.750,fixed_generator,,node_1,Wind_time_series_by_year/Wind_time_series_2016_at_Lat_35.000_Lon_-113.750.csv,,,0.0160,,,,,,,0.0234,
node_1_solar_at_Lat_35.000_Lon_-113.125,fixed_generator,,node_1,Solar_time_series_by_year/Solar_time_series_2016_at_Lat_35.000_Lon_-113.125.csv,,,0.0148,,,,,,,0.1172,
node_1_wind_at_Lat_35.000_Lon_-113.125,fixed_generator,,node_1,Wind_time_series_by_year/Wind_time_series_2016_at_Lat_35.000_Lon_-113.125.csv,,,0.0160,,,,,,,0.0234,
node_1_solar_at_Lat_35.000_Lon_-112.500,fixed_generator,,node_1,Solar_time_series_by_year/Solar_time_series_2016_at_Lat_35.000_Lon_-112.500.csv,,,0.0148,,,,,,,0.1172,
node_1_wind_at_Lat_35.000_Lon_-112.500,fixed_generator,,node_1,Wind_time_series_by_year/Wind_time_series_2016_at_Lat_35.000_Lon_-112.500.csv,,,0.0160,,,,,,,0.0234,
node_1_solar_at_Lat_35.000_Lon_-111.875,fixed_generator,,node_1,Solar_time_series_by_year/Solar_time_series_2016_at_Lat_35.000_Lon_-111.875.csv,,,0.0148,,,,,,,0.1172,
node_1_wind_at_Lat_35.000_Lon_-111.875,fixed_generator,,node_1,Wind_time_series_by_year/Wind_time_series_2016_at_Lat_35.000_Lon_-111.875.csv,,,0.0160,,,,,,,0.0234,
node_1_solar_at_Lat_35.000_Lon_-111.250,fixed_generator,,node_1,Solar_time_series_by_year/Solar_time_series_2016_at_Lat_35.000_Lon_-111.250.csv,,,0.0148,,,,,,,0.1172,
node_1_wind_at_Lat_35.000_Lon_-111.250,fixed_generator,,node_1,Wind_time_series_by_year/Wind_time_series_2016_at_Lat_35.000_Lon_-111.250.csv,,,0.0160,,,,,,,0.0234,
node_1_solar_at_Lat_35.000_Lon_-110.625,fixed_generator,,node_1,Solar_time_series_by_year/Solar_time_series_2016_at_Lat_35.000_Lon_-110.625.csv,,,0.0148,,,,,,,0.1172,
node_1_wind_at_Lat_35.000_Lon_-110.625,fixed_generator,,node_1,Wind_time_series_by_year/Wind_time_series_2016_at_Lat_35.000_Lon_-110.625.csv,,,0.0160,,,,,,,0.0234,
node_1_solar_at_Lat_35.000_Lon_-110.000,fixed_generator,,node_1,Solar_time_series_by_year/Solar_time_series_2016_at_Lat_35.000_Lon_-110.000.csv,,,0.0148,,,,,,,0.1172,
node_1_wind_at_Lat_35.000_Lon_-110.000,fixed_generator,,node_1,Wind_time_series_by_year/Wind_time_series_2016_at_Lat_35.000_Lon_-110.000.csv,,,0.0160,,,,,,,0.0234,
node_1_solar_at_Lat_35.000_Lon_-109.375,fixed_generator,,node_1,Solar_time_series_by_year/Solar_time_series_2016_at_Lat_35.000_Lon_-109.375.csv,,,0.0148,,,,,,,0.1172,
node_1_wind_at_Lat_35.000_Lon_-109.375,fixed_generator,,node_1,Wind_time_series_by_year/Wind_time_series_2016_at_Lat_35.000_Lon_-109.375.csv,,,0.0160,,,,,,,0.0234,
node_1_solar_at_Lat_35.000_Lon_-108.750,fixed_generator,,node_1,Solar_time_series_by_year/Solar_time_series_2016_at_Lat_35.000_Lon_-108.750.csv,,,0.0148,,,,,,,0.1172,
node_1_wind_at_Lat_35.000_Lon_-108.750,fixed_generator,,node_1,Wind_time_series_by_year/Wind_time_series_2016_at_Lat_35.000_Lon_-108.750.csv,,,0.0160,,,,,,,0.0234,
node_1_solar_at_Lat_35.000_Lon_-108.125,fixed_generator,,node_1,Solar_time_series_by_year/Solar_time_series_2016_at_Lat_35.000_Lon_-108.125.csv,,,0.0148,,,,,,,0.1172,
node_1_wind_at_Lat_35.000_Lon_-108.125,fixed_generator,,node_1,Wind_time_series_by_year/Wind_time_series_2016_at_Lat_35.000_Lon_-108.125.csv,,,0.0160,,,,,,,0.0234,
node_1_solar_at_Lat_35.000_Lon_-107.500,fixed_generator,,node_1,Solar_time_series_by_year/Solar_time_series_2016_at_Lat_35.000_Lon_-107.500.csv,,,0.0148,,,,,,,0.1172,
node_1_wind_at_Lat_35.000_Lon_-107.500,fixed_generator,,node_1,Wind_time_series_by_year/Wind_time_series_2016_at_Lat_35.000_Lon_-107.500.csv,,,0.0160,,,,,,,0.0234,
node_1_solar_at_Lat_35.000_Lon_-106.875,fixed_generator,,node_1,Solar_time_series_by_year/Solar_time_series_2016_at_Lat_35.000_Lon_-106.875.csv,,,0.0148,,,,,,,0.1172,
node_1_wind_at_Lat_35.000_Lon_-106.875,fixed_generator,,node_1,Wind_time_series_by_year/Wind_time_series_2016_at_Lat_35.000_Lon_-106.875.csv,,,0.0160,,,,,,,0.0234,
node_1_solar_at_Lat_35.000_Lon_-106.250,fixed_generator,,node_1,Solar_time_series_by_year/Solar_time_series_2016_at_Lat_35.000_Lon_-106.250.csv,,,0.0148,,,,,,,0.1172,
node_1_wind_at_Lat_35.000_Lon_-106.250,fixed_generator,,node_1,Wind_time_series_by_year/Wind_time_series_2016_at_Lat_35.000_Lon_-106.250.csv,,,0.0160,,,,,,,0.0234,
node_1_solar_at_Lat_35.000_Lon_-105.625,fixed_generator,,node_1,Solar_time_series_by_year/Solar_time_series_2016_at_Lat_35.000_Lon_-105.625.csv,,,0.0148,,,,,,,0.1172,
node_1_wind_at_Lat_35.000_Lon_-105.625,fixed_generator,,node_1,Wind_time_series_by_year/Wind_time_series_2016_at_Lat_35.000_Lon_-105.625.csv,,,0.0160,,,,,,,0.0234,
node_1_solar_at_Lat_35.000_Lon_-105.000,fixed_generator,,node_1,Solar_time_series_by_year/Solar_time_series_2016_at_Lat_35.000_Lon_-105.000.csv,,,0.0148,,,,,,,0.1172,
node_1_wind_at_Lat_35.000_Lon_-105.000,fixed_generator,,node_1,Wind_time_series_by_year/Wind_time_series_2016_at_Lat_35.000_Lon_-105.000.csv,,,0.0160,,,,,,,0.0234,
node_1_solar_at_Lat_35.000_Lon_-104.375,fixed_generator,,node_1,Solar_time_series_by_year/Solar_time_series_2016_at_Lat_35.000_Lon_-104.375.csv,,,0.0148,,,,,,,0.1172,
node_1_wind_at_Lat_35.000_Lon_-104.375,fixed_generator,,node_1,Wind_time_series_by_year/Wind_time_series_2016_at_Lat_35.000_Lon_-104.375.csv,,,0.0160,,,,,,,0.0234,
node_1_solar_at_Lat_35.000_Lon_-103.750,fixed_generator,,node_1,Solar_time_series_by_year/Solar_time_series_2016_at_Lat_35.000_Lon_-103.750.csv,,,0.0148,,,,,,,0.1172,
node_1_wind_at_Lat_35.000_Lon_-103.750,fixed_generator,,node_1,Wind_time_series_by_year/Wind_time_series_2016_at_Lat_35.000_Lon_-103.750.csv,,,0.0160,,,,,,,0.0234,
node_1_solar_at_Lat_35.000_Lon_-103.125,fixed_generator,,node_1,Solar_time_series_by_year/Solar_time_series_2016_at_Lat_35.000_Lon_-103.125.csv,,,0.0148,,,,,,,0.1172,
node_1_wind_at_Lat_35.000_Lon_-103.125,fixed_generator,,node_1,Wind_time_series_by_year/Wind_time_series_2016_at_Lat_35.000_Lon_-103.125.csv,,,0.0160,,,,,,,0.0234,
node_1_solar_at_Lat_35.000_Lon_-102.500,fixed_generator,,node_1,Solar_time_series_by_year/Solar_time_series_2016_at_Lat_35.000_Lon_-102.500.csv,,,0.0148,,,,,,,0.1172,
node_1_wind_at_Lat_35.000_Lon_-102.500,fixed_generator,,node_1,Wind_time_series_by_year/Wind_time_series_2016_at_Lat_35.000_Lon_-102.500.csv,,,0.0160,,,,,,,0.0234,
node_1_solar_at_Lat_35.000_Lon_-101.875,fixed_generator,,node_1,Solar_time_series_by_year/Solar_time_series_2016_at_Lat_35.000_Lon_-101.875.csv,,,0.0148,,,,,,,0.1172,
node_1_wind_at_Lat_35.000_Lon_-101.875,fixed_generator,,node_1,Wind_time_series_by_year/Wind_time_series_2016_at_Lat_35.000_Lon_-101.875.csv,,,0.0160,,,,,,,0.0234,
node_1_solar_at_Lat_35.000_Lon_-101.250,fixed_generator,,node_1,Solar_time_series_by_year/Solar_time_series_2016_at_Lat_35.000_Lon_-101.250.csv,,,0.0148,,,,,,,0.1172,
node_1_wind_at_Lat_35.000_Lon_-101.250,fixed_generator,,node_1,Wind_time_series_by_year/Wind_time_series_2016_at_Lat_35.000_Lon_-101.250.csv,,,0.0160,,,,,,,0.0234,
node_1_solar_at_Lat_35.000_Lon_-100.625,fixed_generator,,node_1,Solar_time_series_by_year/Solar_time_series_2016_at_Lat_35.000_Lon_-100.625.csv,,,0.0148,,,,,,,0.1172,
node_1_wind_at_Lat_35.000_Lon_-100.625,fixed_generator,,node_1,Wind_time_series_by_year/Wind_time_series_2016_at_Lat_35.000_Lon_-100.625.csv,,,0.0160,,,,,,,0.0234,
node_1_solar_at_Lat_35.000_Lon_-100.000,fixed_generator,,node_1,Solar_time_series_by_year/Solar_time_series_2016_at_Lat_35.000_Lon_-100.000.csv,,,0.0148,,,,,,,0.1172,
node_1_wind_at_Lat_35.000_Lon_-100.000,fixed_generator,,node_1,Wind_time_series_by_year/Wind_time_series_2016_at_Lat_35.000_Lon_-100.000.csv,,,0.0160,,,,,,,0.0234,
node_1_solar_at_Lat_35.000_Lon_-99.375,fixed_generator,,node_1,Solar_time_series_by_year/Solar_time_series_2016_at_Lat_35.000_Lon_-99.375.csv,,,0.0148,,,,,,,0.1172,
node_1_wind_at_Lat_35.000_Lon_-99.375,fixed_generator,,node_1,Wind_time_series_by_year/Wind_time_series_2016_at_Lat_35.000_Lon_-99.375.csv,,,0.0160,,,,,,,0.0234,
node_1_solar_at_Lat_35.000_Lon_-98.750,fixed_generator,,node_1,Solar_time_series_by_year/Solar_time_series_2016_at_Lat_35.000_Lon_-98.750.csv,,,0.0148,,,,,,,0.1172,
node_1_wind_at_Lat_35.000_Lon_-98.750,fixed_generator,,node_1,Wind_time_series_by_year/Wind_time_series_2016_at_Lat_35.000_Lon_-98.750.csv,,,0.0160,,,,,,,0.0234,
node_1_solar_at_Lat_35.000_Lon_-98.125,fixed_generator,,node_1,Solar_time_series_by_year/Solar_time_series_2016_at_Lat_35.000_Lon_-98.125.csv,,,0.0148,,,,,,,0.1172,
node_1_wind_at_Lat_35.000_Lon_-98.125,fixed_generator,,node_1,Wind_time_series_by_year/Wind_time_series_2016_at_Lat_35.000_Lon_-98.125.csv,,,0.0160,,,,,,,0.0234,
node_1_solar_at_Lat_35.000_Lon_-97.500,fixed_generator,,node_1,Solar_time_series_by_year/Solar_time_series_2016_at_Lat_35.000_Lon_-97.500.csv,,,0.0148,,,,,,,0.1172,
node_1_wind_at_Lat_35.000_Lon_-97.500,fixed_generator,,node_1,Wind_time_series_by_year/Wind_time_series_2016_at_Lat_35.000_Lon_-97.500.csv,,,0.0160,,,,,,,0.0234,
node_1_solar_at_Lat_35.000_Lon_-96.875,fixed_generator,,node_1,Solar_time_series_by_year/Solar_time_series_2016_at_Lat_35.000_Lon_-96.875.csv,,,0.0148,,,,,,,0.1172,
node_1_wind_at_Lat_35.000_Lon_-96.875,fixed_generator,,node_1,Wind_time_series_by_year/Wind_time_series_2016_at_Lat_35.000_Lon_-96.875.csv,,,0.0160,,,,,,,0.0234,
node_1_solar_at_Lat_35.000_Lon_-96.250,fixed_generator,,node_1,Solar_time_series_by_year/Solar_time_series_2016_at_Lat_35.000_Lon_-96.250.csv,,,0.0148,,,,,,,0.1172,
node_1_wind_at_Lat_35.000_Lon_-96.250,fixed_generator,,node_1,Wind_time_series_by_year/Wind_time_series_2016_at_Lat_35.000_Lon_-96.250.csv,,,0.0160,,,,,,,0.0234,
node_1_solar_at_Lat_35.000_Lon_-95.625,fixed_generator,,node_1,Solar_time_series_by_year/Solar_time_series_2016_at_Lat_35.000_Lon_-95.625.csv,,,0.0148,,,,,,,0.1172,
node_1_wind_at_Lat_35.000_Lon_-95.625,fixed_generator,,node_1,Wind_time_series_by_year/Wind_time_series_2016_at_Lat_35.000_Lon_-95.625.csv,,,0.0160,,,,,,,0.0234,
node_1_solar_at_Lat_35.000_Lon_-95.000,fixed_generator,,node_1,Solar_time_series_by_year/Solar_time_series_2016_at_Lat_35.000_Lon_-95.000.csv,,,0.0148,,,,,,,0.1172,
node_1_wind_at_Lat_35.000_Lon_-95.000,fixed_generator,,node_1,Wind_time_series_by_year/Wind_time_series_2016_at_Lat_35.000_Lon_-95.000.csv,,,0.0160,,,,,,,0.0234,
node_1_solar_at_Lat_35.000_Lon_-94.375,fixed_generator,,node_1,Solar_time_series_by_year/Solar_time_series_2016_at_Lat_35.000_Lon_-94.375.csv,,,0.0148,,,,,,,0.1172,
node_1_wind_at_Lat_35.000_Lon_-94.375,fixed_generator,,node_1,Wind_time_series_by_year/Wind_time_series_2016_at_Lat_35.000_Lon_-94.375.csv,,,0.0160,,,,,,,0.0234,
node_1_solar_at_Lat_35.000_Lon_-93.750,fixed_generator,,node_1,Solar_time_series_by_year/Solar_time_series_2016_at_Lat_35.000_Lon_-93.750.csv,,,0.0148,,,,,,,0.1172,
node_1_wind_at_Lat_35.000_Lon_-93.750,fixed_generator,,node_1,Wind_time_series_by_year/Wind_time_series_2016_at_Lat_35.000_Lon_-93.750.csv,,,0.0160,,,,,,,0.0234,
node_1_solar_at_Lat_35.000_Lon_-93.125,fixed_generator,,node_1,Solar_time_series_by_year/Solar_time_series_2016_at_Lat_35.000_Lon_-93.125.csv,,,0.0148,,,,,,,0.1172,
node_1_wind_at_Lat_35.000_Lon_-93.125,fixed_generator,,node_1,Wind_time_series_by_year/Wind_time_series_2016_at_Lat_35.000_Lon_-93.125.csv,,,0.0160,,,,,,,0.0234,
node_1_solar_at_Lat_35.000_Lon_-92.500,fixed_generator,,node_1,Solar_time_series_by_year/Solar_time_series_2016_at_Lat_35.000_Lon_-92.500.csv,,,0.0148,,,,,,,0.1172,
node_1_wind_at_Lat_35.000_Lon_-92.500,fixed_generator,,node_1,Wind_time_series_by_year/Wind_time_series_2016_at_Lat_35.000_Lon_-92.500.csv,,,0.0160,,,,,,,0.0234,
node_1_solar_at_Lat_35.000_Lon_-91.875,fixed_generator,,node_1,Solar_time_series_by_year/Solar_time_series_2016_at_Lat_35.000_Lon_-91.875.csv,,,0.0148,,,,,,,0.1172,
node_1_wind_at_Lat_35.000_Lon_-91.875,fixed_generator,,node_1,Wind_time_series_by_year/Wind_time_series_2016_at_Lat_35.000_Lon_-91.875.csv,,,0.0160,,,,,,,0.0234,
node_1_solar_at_Lat_35.000_Lon_-91.250,fixed_generator,,node_1,Solar_time_series_by_year/Solar_time_series_2016_at_Lat_35.000_Lon_-91.250.csv,,,0.0148,,,,,,,0.1172,
node_1_wind_at_Lat_35.000_Lon_-91.250,fixed_generator,,node_1,Wind_time_series_by_year/Wind_time_series_2016_at_Lat_35.000_Lon_-91.250.csv,,,0.0160,,,,,,,0.0234,
node_1_solar_at_Lat_35.000_Lon_-90.625,fixed_generator,,node_1,Solar_time_series_by_year/Solar_time_series_2016_at_Lat_35.000_Lon_-90.625.csv,,,0.0148,,,,,,,0.1172,
node_1_wind_at_Lat_35.000_Lon_-90.625,fixed_generator,,node_1,Wind_time_series_by_year/Wind_time_series_2016_at_Lat_35.000_Lon_-90.625.csv,,,0.0160,,,,,,,0.0234,
node_1_solar_at_Lat_35.000_Lon_-90.000,fixed_generator,,node_1,Solar_time_series_by_year/Solar_time_series_2016_at_Lat_35.000_Lon_-90.000.csv,,,0.0148,,,,,,,0.1172,
node_1_wind_at_Lat_35.000_Lon_-90.000,fixed_generator,,node_1,Wind_time_series_by_year/Wind_time_series_2016_at_Lat_35.000_Lon_-90.000.csv,,,0.0160,,,,,,,0.0234,
node_1_solar_at_Lat_35.000_Lon_-89.375,fixed_generator,,node_1,Solar_time_series_by_year/Solar_time_series_2016_at_Lat_35.000_Lon_-89.375.csv,,,0.0148,,,,,,,0.1172,
node_1_wind_at_Lat_35.000_Lon_-89.375,fixed_generator,,node_1,Wind_time_series_by_year/Wind_time_series_2016_at_Lat_35.000_Lon_-89.375.csv,,,0.0160,,,,,,,0.0234,
node_1_solar_at_Lat_35.000_Lon_-88.750,fixed_generator,,node_1,Solar_time_series_by_year/Solar_time_series_2016_at_Lat_35.000_Lon_-88.750.csv,,,0.0148,,,,,,,0.1172,
node_1_wind_at_Lat_35.000_Lon_-88.750,fixed_generator,,node_1,Wind_time_series_by_year/Wind_time_series_2016_at_Lat_35.000_Lon_-88.750.csv,,,0.0160,,,,,,,0.0234,
node_1_solar_at_Lat_35.000_Lon_-88.125,fixed_generator,,node_1,Solar_time_series_by_year/Solar_time_series_2016_at_Lat_35.000_Lon_-88.125.csv,,,0.0148,,,,,,,0.1172,
node_1_wind_at_Lat_35.000_Lon_-88.125,fixed_generator,,node_1,Wind_time_series_by_year/Wind_time_series_2016_at_Lat_35.000_Lon_-88.125.csv,,,0.0160,,,,,,,0.0234,
node_1_solar_at_Lat_35.000_Lon_-87.500,fixed_generator,,node_1,Solar_time_series_by_year/Solar_time_series_2016_at_Lat_35.000_Lon_-87.500.csv,,,0.0148,,,,,,,0.1172,
node_1_wind_at_Lat_35.000_Lon_-87.500,fixed_generator,,node_1,Wind_time_series_by_year/Wind_time_series_2016_at_Lat_35.000_Lon_-87.500.csv,,,0.0160,,,,,,,0.0234,
node_1_solar_at_Lat_35.000_Lon_-86.875,fixed_generator,,node_1,Solar_time_series_by_year/Solar_time_series_2016_at_Lat_35.000_Lon_-86.875.csv,,,0.0148,,,,,,,0.1172,
node_1_wind_at_Lat_35.000_Lon_-86.875,fixed_generator,,node_1,Wind_time_series_by_year/Wind_time_series_2016_at_Lat_35.000_Lon_-86.875.csv,,,0.0160,,,,,,,0.0234,
node_1_solar_at_Lat_35.000_Lon_-86.250,fixed_generator,,node_1,Solar_time_series_by_year/Solar_time_series_2016_at_Lat_35.000_Lon_-86.250.csv,,,0.0148,,,,,,,0.1172,
node_1_wind_at_Lat_35.000_Lon_-86.250,fixed_generator,,node_1,Wind_time_series_by_year/Wind_time_series_2016_at_Lat_35.000_Lon_-86.250.csv,,,0.0160,,,,,,,0.0234,
node_1_solar_at_Lat_35.000_Lon_-85.625,fixed_generator,,node_1,Solar_time_series_by_year/Solar_time_series_2016_at_Lat_35.000_Lon_-85.625.csv,,,0.0148,,,,,,,0.1172,
node_1_wind_at_Lat_35.000_Lon_-85.625,fixed_generator,,node_1,Wind_time_series_by_year/Wind_time_series_2016_at_Lat_35.000_Lon_-85.625.csv,,,0.0160,,,,,,,0.0234,
node_1_solar_at_Lat_35.000_Lon_-85.000,fixed_generator,,node_1,Solar_time_series_by_year/Solar_time_series_2016_at_Lat_35.000_Lon_-85.000.csv,,,0.0148,,,,,,,0.1172,
node_1_wind_at_Lat_35.000_Lon_-85.000,fixed_generator,,node_1,Wind_time_series_by_year/Wind_time_series_2016_at_Lat_35.000_Lon_-85.000.csv,,,0.0160,,,,,,,0.0234,
node_1_solar_at_Lat_35.000_Lon_-84.375,fixed_generator,,node_1,Solar_time_series_by_year/Solar_time_series_2016_at_Lat_35.000_Lon_-84.375.csv,,,0.0148,,,,,,,0.1172,
node_1_wind_at_Lat_35.000_Lon_-84.375,fixed_generator,,node_1,Wind_time_series_by_year/Wind_time_series_2016_at_Lat_35.000_Lon_-84.375.csv,,,0.0160,,,,,,,0.0234,
node_1_solar_at_Lat_35.000_Lon_-83.750,fixed_generator,,node_1,Solar_time_series_by_year/Solar_time_series_2016_at_Lat_35.000_Lon_-83.750.csv,,,0.0148,,,,,,,0.1172,
node_1_wind_at_Lat_35.000_Lon_-83.750,fixed_generator,,node_1,Wind_time_series_by_year/Wind_time_series_2016_at_Lat_35.000_Lon_-83.750.csv,,,0.0160,,,,,,,0.0234,
node_1_solar_at_Lat_35.000_Lon_-83.125,fixed_generator,,node_1,Solar_time_series_by_year/Solar_time_series_2016_at_Lat_35.000_Lon_-83.125.csv,,,0.0148,,,,,,,0.1172,
node_1_wind_at_Lat_35.000_Lon_-83.125,fixed_generator,,node_1,Wind_time_series_by_year/Wind_time_series_2016_at_Lat_35.000_Lon_-83.125.csv,,,0.0160,,,,,,,0.0234,
node_1_solar_at_Lat_35.000_Lon_-82.500,fixed_generator,,node_1,Solar_time_series_by_year/Solar_time_series_2016_at_Lat_35.000_Lon_-82.500.csv,,,0.0148,,,,,,,0.1172,
node_1_wind_at_Lat_35.000_Lon_-82.500,fixed_generator,,node_1,Wind_time_series_by_year/Wind_time_series_2016_at_Lat_35.000_Lon_-82.500.csv,,,0.0160,,,,,,,0.0234,
node_1_solar_at_Lat_35.000_Lon_-81.875,fixed_generator,,node_1,Solar_time_series_by_year/Solar_time_series_2016_at_Lat_35.000_Lon_-81.875.csv,,,0.0148,,,,,,,0.1172,
node_1_wind_at_Lat_35.000_Lon_-81.875,fixed_generator,,node_1,Wind_time_series_by_year/Wind_time_series_2016_at_Lat_35.000_Lon_-81.875.csv,,,0.0160,,,,,,,0.0234,
node_1_solar_at_Lat_35.000_Lon_-81.250,fixed_generator,,node_1,Solar_time_series_by_year/Solar_time_series_2016_at_Lat_35.000_Lon_-81.250.csv,,,0.0148,,,,,,,0.1172,
node_1_wind_at_Lat_35.000_Lon_-81.250,fixed_generator,,node_1,Wind_time_series_by_year/Wind_time_series_2016_at_Lat_35.000_Lon_-81.250.csv,,,0.0160,,,,,,,0.0234,
node_1_solar_at_Lat_35.000_Lon_-80.625,fixed_generator,,node_1,Solar_time_series_by_year/Solar_time_series_2016_at_Lat_35.000_Lon_-80.625.csv,,,0.0148,,,,,,,0.1172,
node_1_wind_at_Lat_35.000_Lon_-80.625,fixed_generator,,node_1,Wind_time_series_by_year/Wind_time_series_2016_at_Lat_35.000_Lon_-80.625.csv,,,0.0160,,,,,,,0.0234,
node_1_solar_at_Lat_35.000_Lon_-80.000,fixed_generator,,node_1,Solar_time_series_by_year/Solar_time_series_2016_at_Lat_35.000_Lon_-80.000.csv,,,0.0148,,,,,,,0.1172,
node_1_wind_at_Lat_35.000_Lon_-80.000,fixed_generator,,node_1,Wind_time_series_by_year/Wind_time_series_2016_at_Lat_35.000_Lon_-80.000.csv,,,0.0160,,,,,,,0.0234,
node_1_solar_at_Lat_35.000_Lon_-79.375,fixed_generator,,node_1,Solar_time_series_by_year/Solar_time_series_2016_at_Lat_35.000_Lon_-79.375.csv,,,0.0148,,,,,,,0.1172,
node_1_wind_at_Lat_35.000_Lon_-79.375,fixed_generator,,node_1,Wind_time_series_by_year/Wind_time_series_2016_at_Lat_35.000_Lon_-79.375.csv,,,0.0160,,,,,,,0.0234,
node_1_solar_at_Lat_35.000_Lon_-78.750,fixed_generator,,node_1,Solar_time_series_by_year/Solar_time_series_2016_at_Lat_35.000_Lon_-78.750.csv,,,0.0148,,,,,,,0.1172,
node_1_wind_at_Lat_35.000_Lon_-78.750,fixed_generator,,node_1,Wind_time_series_by_year/Wind_time_series_2016_at_Lat_35.000_Lon_-78.750.csv,,,0.0160,,,,,,,0.0234,
node_1_solar_at_Lat_35.000_Lon_-78.125,fixed_generator,,node_1,Solar_time_series_by_year/Solar_time_series_2016_at_Lat_35.000_Lon_-78.125.csv,,,0.0148,,,,,,,0.1172,
node_1_wind_at_Lat_35.000_Lon_-78.125,fixed_generator,,node_1,Wind_time_series_by_year/Wind_time_series_2016_at_Lat_35.000_Lon_-78.125.csv,,,0.0160,,,,,,,0.0234,
node_1_solar_at_Lat_35.000_Lon_-77.500,fixed_generator,,node_1,Solar_time_series_by_year/Solar_time_series_2016_at_Lat_35.000_Lon_-77.500.csv,,,0.0148,,,,,,,0.1172,
node_1_wind_at_Lat_35.000_Lon_-77.500,fixed_generator,,node_1,Wind_time_series_by_year/Wind_time_series_2016_at_Lat_35.000_Lon_-77.500.csv,,,0.0160,,,,,,,0.0234,
node_1_solar_at_Lat_35.500_Lon_-120.625,fixed_generator,,node_1,Solar_time_series_by_year/Solar_time_series_2016_at_Lat_35.500_Lon_-120.625.csv,,,0.0148,,,,,,,0.1165,
node_1_wind_at_Lat_35.500_Lon_-120.625,fixed_generator,,node_1,Wind_time_series_by_year/Wind_time_series_2016_at_Lat_35.500_Lon_-120.625.csv,,,0.0160,,,,,,,0.0233,
node_1_solar_at_Lat_35.500_Lon_-120.000,fixed_generator,,node_1,Solar_time_series_by_year/Solar_time_series_2016_at_Lat_35.500_Lon_-120.000.csv,,,0.0148,,,,,,,0.1165,
node_1_wind_at_Lat_35.500_Lon_-120.000,fixed_generator,,node_1,Wind_time_series_by_year/Wind_time_series_2016_at_Lat_35.500_Lon_-120.000.csv,,,0.0160,,,,,,,0.0233,
node_1_solar_at_Lat_35.500_Lon_-119.375,fixed_generator,,node_1,Solar_time_series_by_year/Solar_time_series_2016_at_Lat_35.500_Lon_-119.375.csv,,,0.0148,,,,,,,0.1165,
node_1_wind_at_Lat_35.500_Lon_-119.375,fixed_generator,,node_1,Wind_time_series_by_year/Wind_time_series_2016_at_Lat_35.500_Lon_-119.375.csv,,,0.0160,,,,,,,0.0233,
node_1_solar_at_Lat_35.500_Lon_-118.750,fixed_generator,,node_1,Solar_time_series_by_year/Solar_time_series_2016_at_Lat_35.500_Lon_-118.750.csv,,,0.0148,,,,,,,0.1165,
node_1_wind_at_Lat_35.500_Lon_-118.750,fixed_generator,,node_1,Wind_time_series_by_year/Wind_time_series_2016_at_Lat_35.500_Lon_-118.750.csv,,,0.0160,,,,,,,0.0233,
node_1_solar_at_Lat_35.500_Lon_-118.125,fixed_generator,,node_1,Solar_time_series_by_year/Solar_time_series_2016_at_Lat_35.500_Lon_-118.125.csv,,,0.0148,,,,,,,0.1165,
node_1_wind_at_Lat_35.500_Lon_-118.125,fixed_generator,,node_1,Wind_time_series_by_year/Wind_time_series_2016_at_Lat_35.500_Lon_-118.125.csv,,,0.0160,,,,,,,0.0233,
node_1_solar_at_Lat_35.500_Lon_-117.500,fixed_generator,,node_1,Solar_time_series_by_year/Solar_time_series_2016_at_Lat_35.500_Lon_-117.500.csv,,,0.0148,,,,,,,0.1165,
node_1_wind_at_Lat_35.500_Lon_-117.500,fixed_generator,,node_1,Wind_time_series_by_year/Wind_time_series_2016_at_Lat_35.500_Lon_-117.500.csv,,,0.0160,,,,,,,0.0233,
node_1_solar_at_Lat_35.500_Lon_-116.875,fixed_generator,,node_1,Solar_time_series_by_year/Solar_time_series_2016_at_Lat_35.500_Lon_-116.875.csv,,,0.0148,,,,,,,0.1165,
node_1_wind_at_Lat_35.500_Lon_-116.875,fixed_generator,,node_1,Wind_time_series_by_year/Wind_time_series_2016_at_Lat_35.500_Lon_-116.875.csv,,,0.0160,,,,,,,0.0233,
node_1_solar_at_Lat_35.500_Lon_-116.250,fixed_generator,,node_1,Solar_time_series_by_year/Solar_time_series_2016_at_Lat_35.500_Lon_-116.250.csv,,,0.0148,,,,,,,0.1165,
node_1_wind_at_Lat_35.500_Lon_-116.250,fixed_generator,,node_1,Wind_time_series_by_year/Wind_time_series_2016_at_Lat_35.500_Lon_-116.250.csv,,,0.0160,,,,,,,0.0233,
node_1_solar_at_Lat_35.500_Lon_-115.625,fixed_generator,,node_1,Solar_time_series_by_year/Solar_time_series_2016_at_Lat_35.500_Lon_-115.625.csv,,,0.0148,,,,,,,0.1165,
node_1_wind_at_Lat_35.500_Lon_-115.625,fixed_generator,,node_1,Wind_time_series_by_year/Wind_time_series_2016_at_Lat_35.500_Lon_-115.625.csv,,,0.0160,,,,,,,0.0233,
node_1_solar_at_Lat_35.500_Lon_-115.000,fixed_generator,,node_1,Solar_time_series_by_year/Solar_time_series_2016_at_Lat_35.500_Lon_-115.000.csv,,,0.0148,,,,,,,0.1165,
node_1_wind_at_Lat_35.500_Lon_-115.000,fixed_generator,,node_1,Wind_time_series_by_year/Wind_time_series_2016_at_Lat_35.500_Lon_-115.000.csv,,,0.0160,,,,,,,0.0233,
node_1_solar_at_Lat_35.500_Lon_-114.375,fixed_generator,,node_1,Solar_time_series_by_year/Solar_time_series_2016_at_Lat_35.500_Lon_-114.375.csv,,,0.0148,,,,,,,0.1165,
node_1_wind_at_Lat_35.500_Lon_-114.375,fixed_generator,,node_1,Wind_time_series_by_year/Wind_time_series_2016_at_Lat_35.500_Lon_-114.375.csv,,,0.0160,,,,,,,0.0233,
node_1_solar_at_Lat_35.500_Lon_-113.750,fixed_generator,,node_1,Solar_time_series_by_year/Solar_time_series_2016_at_Lat_35.500_Lon_-113.750.csv,,,0.0148,,,,,,,0.1165,
node_1_wind_at_Lat_35.500_Lon_-113.750,fixed_generator,,node_1,Wind_time_series_by_year/Wind_time_series_2016_at_Lat_35.500_Lon_-113.750.csv,,,0.0160,,,,,,,0.0233,
node_1_solar_at_Lat_35.500_Lon_-113.125,fixed_generator,,node_1,Solar_time_series_by_year/Solar_time_series_2016_at_Lat_35.500_Lon_-113.125.csv,,,0.0148,,,,,,,0.1165,
node_1_wind_at_Lat_35.500_Lon_-113.125,fixed_generator,,node_1,Wind_time_series_by_year/Wind_time_series_2016_at_Lat_35.500_Lon_-113.125.csv,,,0.0160,,,,,,,0.0233,
node_1_solar_at_Lat_35.500_Lon_-112.500,fixed_generator,,node_1,Solar_time_series_by_year/Solar_time_series_2016_at_Lat_35.500_Lon_-112.500.csv,,,0.0148,,,,,,,0.1165,
node_1_wind_at_Lat_35.500_Lon_-112.500,fixed_generator,,node_1,Wind_time_series_by_year/Wind_time_series_2016_at_Lat_35.500_Lon_-112.500.csv,,,0.0160,,,,,,,0.0233,
node_1_solar_at_Lat_35.500_Lon_-111.875,fixed_generator,,node_1,Solar_time_series_by_year/Solar_time_series_2016_at_Lat_35.500_Lon_-111.875.csv,,,0.0148,,,,,,,0.1165,
node_1_wind_at_Lat_35.500_Lon_-111.875,fixed_generator,,node_1,Wind_time_series_by_year/Wind_time_series_2016_at_Lat_35.500_Lon_-111.875.csv,,,0.0160,,,,,,,0.0233,
node_1_solar_at_Lat_35.500_Lon_-111.250,fixed_generator,,node_1,Solar_time_series_by_year/Solar_time_series_2016_at_Lat_35.500_Lon_-111.250.csv,,,0.0148,,,,,,,0.1165,
node_1_wind_at_Lat_35.500_Lon_-111.250,fixed_generator,,node_1,Wind_time_series_by_year/Wind_time_series_2016_at_Lat_35.500_Lon_-111.250.csv,,,0.0160,,,,,,,0.0233,
node_1_solar_at_Lat_35.500_Lon_-110.625,fixed_generator,,node_1,Solar_time_series_by_year/Solar_time_series_2016_at_Lat_35.500_Lon_-110.625.csv,,,0.0148,,,,,,,0.1165,
node_1_wind_at_Lat_35.500_Lon_-110.625,fixed_generator,,node_1,Wind_time_series_by_year/Wind_time_series_2016_at_Lat_35.500_Lon_-110.625.csv,,,0.0160,,,,,,,0.0233,
node_1_solar_at_Lat_35.500_Lon_-110.000,fixed_generator,,node_1,Solar_time_series_by_year/Solar_time_series_2016_at_Lat_35.500_Lon_-110.000.csv,,,0.0148,,,,,,,0.1165,
node_1_wind_at_Lat_35.500_Lon_-110.000,fixed_generator,,node_1,Wind_time_series_by_year/Wind_time_series_2016_at_Lat_35.500_Lon_-110.000.csv,,,0.0160,,,,,,,0.0233,
node_1_solar_at_Lat_35.500_Lon_-109.375,fixed_generator,,node_1,Solar_time_series_by_year/Solar_time_series_2016_at_Lat_35.500_Lon_-109.375.csv,,,0.0148,,,,,,,0.1165,
node_1_wind_at_Lat_35.500_Lon_-109.375,fixed_generator,,node_1,Wind_time_series_by_year/Wind_time_series_2016_at_Lat_35.500_Lon_-109.375.csv,,,0.0160,,,,,,,0.0233,
node_1_solar_at_Lat_35.500_Lon_-108.750,fixed_generator,,node_1,Solar_time_series_by_year/Solar_time_series_2016_at_Lat_35.500_Lon_-108.750.csv,,,0.0148,,,,,,,0.1165,
node_1_wind_at_Lat_35.500_Lon_-108.750,fixed_generator,,node_1,Wind_time_series_by_year/Wind_time_series_2016_at_Lat_35.500_Lon_-108.750.csv,,,0.0160,,,,,,,0.0233,
node_1_solar_at_Lat_35.500_Lon_-108.125,fixed_generator,,node_1,Solar_time_series_by_year/Solar_time_series_2016_at_Lat_35.500_Lon_-108.125.csv,,,0.0148,,,,,,,0.1165,
node_1_wind_at_Lat_35.500_Lon_-108.125,fixed_generator,,node_1,Wind_time_series_by_year/Wind_time_series_2016_at_Lat_35.500_Lon_-108.125.csv,,,0.0160,,,,,,,0.0233,
node_1_solar_at_Lat_35.500_Lon_-107.500,fixed_generator,,node_1,Solar_time_series_by_year/Solar_time_series_2016_at_Lat_35.500_Lon_-107.500.csv,,,0.0148,,,,,,,0.1165,
node_1_wind_at_Lat_35.500_Lon_-107.500,fixed_generator,,node_1,Wind_time_series_by_year/Wind_time_series_2016_at_Lat_35.500_Lon_-107.500.csv,,,0.0160,,,,,,,0.0233,
node_1_solar_at_Lat_35.500_Lon_-106.875,fixed_generator,,node_1,Solar_time_series_by_year/Solar_time_series_2016_at_Lat_35.500_Lon_-106.875.csv,,,0.0148,,,,,,,0.1165,
node_1_wind_at_Lat_35.500_Lon_-106.875,fixed_generator,,node_1,Wind_time_series_by_year/Wind_time_series_2016_at_Lat_35.500_Lon_-106.875.csv,,,0.0160,,,,,,,0.0233,
node_1_solar_at_Lat_35.500_Lon_-106.250,fixed_generator,,node_1,Solar_time_series_by_year/Solar_time_series_2016_at_Lat_35.500_Lon_-106.250.csv,,,0.0148,,,,,,,0.1165,
node_1_wind_at_Lat_35.500_Lon_-106.250,fixed_generator,,node_1,Wind_time_series_by_year/Wind_time_series_2016_at_Lat_35.500_Lon_-106.250.csv,,,0.0160,,,,,,,0.0233,
node_1_solar_at_Lat_35.500_Lon_-105.625,fixed_generator,,node_1,Solar_time_series_by_year/Solar_time_series_2016_at_Lat_35.500_Lon_-105.625.csv,,,0.0148,,,,,,,0.1165,
node_1_wind_at_Lat_35.500_Lon_-105.625,fixed_generator,,node_1,Wind_time_series_by_year/Wind_time_series_2016_at_Lat_35.500_Lon_-105.625.csv,,,0.0160,,,,,,,0.0233,
node_1_solar_at_Lat_35.500_Lon_-105.000,fixed_generator,,node_1,Solar_time_series_by_year/Solar_time_series_2016_at_Lat_35.500_Lon_-105.000.csv,,,0.0148,,,,,,,0.1165,
node_1_wind_at_Lat_35.500_Lon_-105.000,fixed_generator,,node_1,Wind_time_series_by_year/Wind_time_series_2016_at_Lat_35.500_Lon_-105.000.csv,,,0.0160,,,,,,,0.0233,
node_1_solar_at_Lat_35.500_Lon_-104.375,fixed_generator,,node_1,Solar_time_series_by_year/Solar_time_series_2016_at_Lat_35.500_Lon_-104.375.csv,,,0.0148,,,,,,,0.1165,
node_1_wind_at_Lat_35.500_Lon_-104.375,fixed_generator,,node_1,Wind_time_series_by_year/Wind_time_series_2016_at_Lat_35.500_Lon_-104.375.csv,,,0.0160,,,,,,,0.0233,
node_1_solar_at_Lat_35.500_Lon_-103.750,fixed_generator,,node_1,Solar_time_series_by_year/Solar_time_series_2016_at_Lat_35.500_Lon_-103.750.csv,,,0.0148,,,,,,,0.1165,
node_1_wind_at_Lat_35.500_Lon_-103.750,fixed_generator,,node_1,Wind_time_series_by_year/Wind_time_series_2016_at_Lat_35.500_Lon_-103.750.csv,,,0.0160,,,,,,,0.0233,
node_1_solar_at_Lat_35.500_Lon_-103.125,fixed_generator,,node_1,Solar_time_series_by_year/Solar_time_series_2016_at_Lat_35.500_Lon_-103.125.csv,,,0.0148,,,,,,,0.1165,
node_1_wind_at_Lat_35.500_Lon_-103.125,fixed_generator,,node_1,Wind_time_series_by_year/Wind_time_series_2016_at_Lat_35.500_Lon_-103.125.csv,,,0.0160,,,,,,,0.0233,
node_1_solar_at_Lat_35.500_Lon_-102.500,fixed_generator,,node_1,Solar_time_series_by_year/Solar_time_series_2016_at_Lat_35.500_Lon_-102.500.csv,,,0.0148,,,,,,,0.1165,
node_1_wind_at_Lat_35.500_Lon_-102.500,fixed_generator,,node_1,Wind_time_series_by_year/Wind_time_series_2016_at_Lat_35.500_Lon_-102.500.csv,,,0.0160,,,,,,,0.0233,
node_1_solar_at_Lat_35.500_Lon_-101.875,fixed_generator,,node_1,Solar_time_series_by_year/Solar_time_series_2016_at_Lat_35.500_Lon_-101.875.csv,,,0.0148,,,,,,,0.1165,
node_1_wind_at_Lat_35.500_Lon_-101.875,fixed_generator,,node_1,Wind_time_series_by_year/Wind_time_series_2016_at_Lat_35.500_Lon_-101.875.csv,,,0.0160,,,,,,,0.0233,
node_1_solar_at_Lat_35.500_Lon_-101.250,fixed_generator,,node_1,Solar_time_series_by_year/Solar_time_series_2016_at_Lat_35.500_Lon_-101.250.csv,,,0.0148,,,,,,,0.1165,
node_1_wind_at_Lat_35.500_Lon_-101.250,fixed_generator,,node_1,Wind_time_series_by_year/Wind_time_series_2016_at_Lat_35.500_Lon_-101.250.csv,,,0.0160,,,,,,,0.0233,
node_1_solar_at_Lat_35.500_Lon_-100.625,fixed_generator,,node_1,Solar_time_series_by_year/Solar_time_series_2016_at_Lat_35.500_Lon_-100.625.csv,,,0.0148,,,,,,,0.1165,
node_1_wind_at_Lat_35.500_Lon_-100.625,fixed_generator,,node_1,Wind_time_series_by_year/Wind_time_series_2016_at_Lat_35.500_Lon_-100.625.csv,,,0.0160,,,,,,,0.0233,
node_1_solar_at_Lat_35.500_Lon_-100.000,fixed_generator,,node_1,Solar_time_series_by_year/Solar_time_series_2016_at_Lat_35.500_Lon_-100.000.csv,,,0.0148,,,,,,,0.1165,
node_1_wind_at_Lat_35.500_Lon_-100.000,fixed_generator,,node_1,Wind_time_series_by_year/Wind_time_series_2016_at_Lat_35.500_Lon_-100.000.csv,,,0.0160,,,,,,,0.0233,
node_1_solar_at_Lat_35.500_Lon_-99.375,fixed_generator,,node_1,Solar_time_series_by_year/Solar_time_series_2016_at_Lat_35.500_Lon_-99.375.csv,,,0.0148,,,,,,,0.1165,
node_1_wind_at_Lat_35.500_Lon_-99.375,fixed_generator,,node_1,Wind_time_series_by_year/Wind_time_series_2016_at_Lat_35.500_Lon_-99.375.csv,,,0.0160,,,,,,,0.0233,
node_1_solar_at_Lat_35.500_Lon_-98.750,fixed_generator,,node_1,Solar_time_series_by_year/Solar_time_series_2016_at_Lat_35.500_Lon_-98.750.csv,,,0.0148,,,,,,,0.1165,
node_1_wind_at_Lat_35.500_Lon_-98.750,fixed_generator,,node_1,Wind_time_series_by_year/Wind_time_series_2016_at_Lat_35.500_Lon_-98.750.csv,,,0.0160,,,,,,,0.0233,
node_1_solar_at_Lat_35.500_Lon_-98.125,fixed_generator,,node_1,Solar_time_series_by_year/Solar_time_series_2016_at_Lat_35.500_Lon_-98.125.csv,,,0.0148,,,,,,,0.1165,
node_1_wind_at_Lat_35.500_Lon_-98.125,fixed_generator,,node_1,Wind_time_series_by_year/Wind_time_series_2016_at_Lat_35.500_Lon_-98.125.csv,,,0.0160,,,,,,,0.0233,
node_1_solar_at_Lat_35.500_Lon_-97.500,fixed_generator,,node_1,Solar_time_series_by_year/Solar_time_series_2016_at_Lat_35.500_Lon_-97.500.csv,,,0.0148,,,,,,,0.1165,
node_1_wind_at_Lat_35.500_Lon_-97.500,fixed_generator,,node_1,Wind_time_series_by_year/Wind_time_series_2016_at_Lat_35.500_Lon_-97.500.csv,,,0.0160,,,,,,,0.0233,
node_1_solar_at_Lat_35.500_Lon_-96.875,fixed_generator,,node_1,Solar_time_series_by_year/Solar_time_series_2016_at_Lat_35.500_Lon_-96.875.csv,,,0.0148,,,,,,,0.1165,
node_1_wind_at_Lat_35.500_Lon_-96.875,fixed_generator,,node_1,Wind_time_series_by_year/Wind_time_series_2016_at_Lat_35.500_Lon_-96.875.csv,,,0.0160,,,,,,,0.0233,
node_1_solar_at_Lat_35.500_Lon_-96.250,fixed_generator,,node_1,Solar_time_series_by_year/Solar_time_series_2016_at_Lat_35.500_Lon_-96.250.csv,,,0.0148,,,,,,,0.1165,
node_1_wind_at_Lat_35.500_Lon_-96.250,fixed_generator,,node_1,Wind_time_series_by_year/Wind_time_series_2016_at_Lat_35.500_Lon_-96.250.csv,,,0.0160,,,,,,,0.0233,
node_1_solar_at_Lat_35.500_Lon_-95.625,fixed_generator,,node_1,Solar_time_series_by_year/Solar_time_series_2016_at_Lat_35.500_Lon_-95.625.csv,,,0.0148,,,,,,,0.1165,
node_1_wind_at_Lat_35.500_Lon_-95.625,fixed_generator,,node_1,Wind_time_series_by_year/Wind_time_series_2016_at_Lat_35.500_Lon_-95.625.csv,,,0.0160,,,,,,,0.0233,
node_1_solar_at_Lat_35.500_Lon_-95.000,fixed_generator,,node_1,Solar_time_series_by_year/Solar_time_series_2016_at_Lat_35.500_Lon_-95.000.csv,,,0.0148,,,,,,,0.1165,
node_1_wind_at_Lat_35.500_Lon_-95.000,fixed_generator,,node_1,Wind_time_series_by_year/Wind_time_series_2016_at_Lat_35.500_Lon_-95.000.csv,,,0.0160,,,,,,,0.0233,
node_1_solar_at_Lat_35.500_Lon_-94.375,fixed_generator,,node_1,Solar_time_series_by_year/Solar_time_series_2016_at_Lat_35.500_Lon_-94.375.csv,,,0.0148,,,,,,,0.1165,
node_1_wind_at_Lat_35.500_Lon_-94.375,fixed_generator,,node_1,Wind_time_series_by_year/Wind_time_series_2016_at_Lat_35.500_Lon_-94.375.csv,,,0.0160,,,,,,,0.0233,
node_1_solar_at_Lat_35.500_Lon_-93.750,fixed_generator,,node_1,Solar_time_series_by_year/Solar_time_series_2016_at_Lat_35.500_Lon_-93.750.csv,,,0.0148,,,,,,,0.1165,
node_1_wind_at_Lat_35.500_Lon_-93.750,fixed_generator,,node_1,Wind_time_series_by_year/Wind_time_series_2016_at_Lat_35.500_Lon_-93.750.csv,,,0.0160,,,,,,,0.0233,
node_1_solar_at_Lat_35.500_Lon_-93.125,fixed_generator,,node_1,Solar_time_series_by_year/Solar_time_series_2016_at_Lat_35.500_Lon_-93.125.csv,,,0.0148,,,,,,,0.1165,
node_1_wind_at_Lat_35.500_Lon_-93.125,fixed_generator,,node_1,Wind_time_series_by_year/Wind_time_series_2016_at_Lat_35.500_Lon_-93.125.csv,,,0.0160,,,,,,,0.0233,
node_1_solar_at_Lat_35.500_Lon_-92.500,fixed_generator,,node_1,Solar_time_series_by_year/Solar_time_series_2016_at_Lat_35.500_Lon_-92.500.csv,,,0.0148,,,,,,,0.1165,
node_1_wind_at_Lat_35.500_Lon_-92.500,fixed_generator,,node_1,Wind_time_series_by_year/Wind_time_series_2016_at_Lat_35.500_Lon_-92.500.csv,,,0.0160,,,,,,,0.0233,
node_1_solar_at_Lat_35.500_Lon_-91.875,fixed_generator,,node_1,Solar_time_series_by_year/Solar_time_series_2016_at_Lat_35.500_Lon_-91.875.csv,,,0.0148,,,,,,,0.1165,
node_1_wind_at_Lat_35.500_Lon_-91.875,fixed_generator,,node_1,Wind_time_series_by_year/Wind_time_series_2016_at_Lat_35.500_Lon_-91.875.csv,,,0.0160,,,,,,,0.0233,
node_1_solar_at_Lat_35.500_Lon_-91.250,fixed_generator,,node_1,Solar_time_series_by_year/Solar_time_series_2016_at_Lat_35.500_Lon_-91.250.csv,,,0.0148,,,,,,,0.1165,
node_1_wind_at_Lat_35.500_Lon_-91.250,fixed_generator,,node_1,Wind_time_series_by_year/Wind_time_series_2016_at_Lat_35.500_Lon_-91.250.csv,,,0.0160,,,,,,,0.0233,
node_1_solar_at_Lat_35.500_Lon_-90.625,fixed_generator,,node_1,Solar_time_series_by_year/Solar_time_series_2016_at_Lat_35.500_Lon_-90.625.csv,,,0.0148,,,,,,,0.1165,
node_1_wind_at_Lat_35.500_Lon_-90.625,fixed_generator,,node_1,Wind_time_series_by_year/Wind_time_series_2016_at_Lat_35.500_Lon_-90.625.csv,,,0.0160,,,,,,,0.0233,
node_1_solar_at_Lat_35.500_Lon_-90.000,fixed_generator,,node_1,Solar_time_series_by_year/Solar_time_series_2016_at_Lat_35.500_Lon_-90.000.csv,,,0.0148,,,,,,,0.1165,
node_1_wind_at_Lat_35.500_Lon_-90.000,fixed_generator,,node_1,Wind_time_series_by_year/Wind_time_series_2016_at_Lat_35.500_Lon_-90.000.csv,,,0.0160,,,,,,,0.0233,
node_1_solar_at_Lat_35.500_Lon_-89.375,fixed_generator,,node_1,Solar_time_series_by_year/Solar_time_series_2016_at_Lat_35.500_Lon_-89.375.csv,,,0.0148,,,,,,,0.1165,
node_1_wind_at_Lat_35.500_Lon_-89.375,fixed_generator,,node_1,Wind_time_series_by_year/Wind_time_series_2016_at_Lat_35.500_Lon_-89.375.csv,,,0.0160,,,,,,,0.0233,
node_1_solar_at_Lat_35.500_Lon_-88.750,fixed_generator,,node_1,Solar_time_series_by_year/Solar_time_series_2016_at_Lat_35.500_Lon_-88.750.csv,,,0.0148,,,,,,,0.1165,
node_1_wind_at_Lat_35.500_Lon_-88.750,fixed_generator,,node_1,Wind_time_series_by_year/Wind_time_series_2016_at_Lat_35.500_Lon_-88.750.csv,,,0.0160,,,,,,,0.0233,
node_1_solar_at_Lat_35.500_Lon_-88.125,fixed_generator,,node_1,Solar_time_series_by_year/Solar_time_series_2016_at_Lat_35.500_Lon_-88.125.csv,,,0.0148,,,,,,,0.1165,
node_1_wind_at_Lat_35.500_Lon_-88.125,fixed_generator,,node_1,Wind_time_series_by_year/Wind_time_series_2016_at_Lat_35.500_Lon_-88.125.csv,,,0.0160,,,,,,,0.0233,
node_1_solar_at_Lat_35.500_Lon_-87.500,fixed_generator,,node_1,Solar_time_series_by_year/Solar_time_series_2016_at_Lat_35.500_Lon_-87.500.csv,,,0.0148,,,,,,,0.1165,
node_1_wind_at_Lat_35.500_Lon_-87.500,fixed_generator,,node_1,Wind_time_series_by_year/Wind_time_series_2016_at_Lat_35.500_Lon_-87.500.csv,,,0.0160,,,,,,,0.0233,
node_1_solar_at_Lat_35.500_Lon_-86.875,fixed_generator,,node_1,Solar_time_series_by_year/Solar_time_series_2016_at_Lat_35.500_Lon_-86.875.csv,,,0.0148,,,,,,,0.1165,
node_1_wind_at_Lat_35.500_Lon_-86.875,fixed_generator,,node_1,Wind_time_series_by_year/Wind_time_series_2016_at_Lat_35.500_Lon_-86.875.csv,,,0.0160,,,,,,,0.0233,
node_1_solar_at_Lat_35.500_Lon_-86.250,fixed_generator,,node_1,Solar_time_series_by_year/Solar_time_series_2016_at_Lat_35.500_Lon_-86.250.csv,,,0.0148,,,,,,,0.1165,
node_1_wind_at_Lat_35.500_Lon_-86.250,fixed_generator,,node_1,Wind_time_series_by_year/Wind_time_series_2016_at_Lat_35.500_Lon_-86.250.csv,,,0.0160,,,,,,,0.0233,
node_1_solar_at_Lat_35.500_Lon_-85.625,fixed_generator,,node_1,Solar_time_series_by_year/Solar_time_series_2016_at_Lat_35.500_Lon_-85.625.csv,,,0.0148,,,,,,,0.1165,
node_1_wind_at_Lat_35.500_Lon_-85.625,fixed_generator,,node_1,Wind_time_series_by_year/Wind_time_series_2016_at_Lat_35.500_Lon_-85.625.csv,,,0.0160,,,,,,,0.0233,
node_1_solar_at_Lat_35.500_Lon_-85.000,fixed_generator,,node_1,Solar_time_series_by_year/Solar_time_series_2016_at_Lat_35.500_Lon_-85.000.csv,,,0.0148,,,,,,,0.1165,
node_1_wind_at_Lat_35.500_Lon_-85.000,fixed_generator,,node_1,Wind_time_series_by_year/Wind_time_series_2016_at_Lat_35.500_Lon_-85.000.csv,,,0.0160,,,,,,,0.0233,
node_1_solar_at_Lat_35.500_Lon_-84.375,fixed_generator,,node_1,Solar_time_series_by_year/Solar_time_series_2016_at_Lat_35.500_Lon_-84.375.csv,,,0.0148,,,,,,,0.1165,
node_1_wind_at_Lat_35.500_Lon_-84.375,fixed_generator,,node_1,Wind_time_series_by_year/Wind_time_series_2016_at_Lat_35.500_Lon_-84.375.csv,,,0.0160,,,,,,,0.0233,
node_1_solar_at_Lat_35.500_Lon_-83.750,fixed_generator,,node_1,Solar_time_series_by_year/Solar_time_series_2016_at_Lat_35.500_Lon_-83.750.csv,,,0.0148,,,,,,,0.1165,
node_1_wind_at_Lat_35.500_Lon_-83.750,fixed_generator,,node_1,Wind_time_series_by_year/Wind_time_series_2016_at_Lat_35.500_Lon_-83.750.csv,,,0.0160,,,,,,,0.0233,
node_1_solar_at_Lat_35.500_Lon_-83.125,fixed_generator,,node_1,Solar_time_series_by_year/Solar_time_series_2016_at_Lat_35.500_Lon_-83.125.csv,,,0.0148,,,,,,,0.1165,
node_1_wind_at_Lat_35.500_Lon_-83.125,fixed_generator,,node_1,Wind_time_series_by_year/Wind_time_series_2016_at_Lat_35.500_Lon_-83.125.csv,,,0.0160,,,,,,,0.0233,
node_1_solar_at_Lat_35.500_Lon_-82.500,fixed_generator,,node_1,Solar_time_series_by_year/Solar_time_series_2016_at_Lat_35.500_Lon_-82.500.csv,,,0.0148,,,,,,,0.1165,
node_1_wind_at_Lat_35.500_Lon_-82.500,fixed_generator,,node_1,Wind_time_series_by_year/Wind_time_series_2016_at_Lat_35.500_Lon_-82.500.csv,,,0.0160,,,,,,,0.0233,
node_1_solar_at_Lat_35.500_Lon_-81.875,fixed_generator,,node_1,Solar_time_series_by_year/Solar_time_series_2016_at_Lat_35.500_Lon_-81.875.csv,,,0.0148,,,,,,,0.1165,
node_1_wind_at_Lat_35.500_Lon_-81.875,fixed_generator,,node_1,Wind_time_series_by_year/Wind_time_series_2016_at_Lat_35.500_Lon_-81.875.csv,,,0.0160,,,,,,,0.0233,
node_1_solar_at_Lat_35.500_Lon_-81.250,fixed_generator,,node_1,Solar_time_series_by_year/Solar_time_series_2016_at_Lat_35.500_Lon_-81.250.csv,,,0.0148,,,,,,,0.1165,
node_1_wind_at_Lat_35.500_Lon_-81.250,fixed_generator,,node_1,Wind_time_series_by_year/Wind_time_series_2016_at_Lat_35.500_Lon_-81.250.csv,,,0.0160,,,,,,,0.0233,
node_1_solar_at_Lat_35.500_Lon_-80.625,fixed_generator,,node_1,Solar_time_series_by_year/Solar_time_series_2016_at_Lat_35.500_Lon_-80.625.csv,,,0.0148,,,,,,,0.1165,
node_1_wind_at_Lat_35.500_Lon_-80.625,fixed_generator,,node_1,Wind_time_series_by_year/Wind_time_series_2016_at_Lat_35.500_Lon_-80.625.csv,,,0.0160,,,,,,,0.0233,
node_1_solar_at_Lat_35.500_Lon_-80.000,fixed_generator,,node_1,Solar_time_series_by_year/Solar_time_series_2016_at_Lat_35.500_Lon_-80.000.csv,,,0.0148,,,,,,,0.1165,
node_1_wind_at_Lat_35.500_Lon_-80.000,fixed_generator,,node_1,Wind_time_series_by_year/Wind_time_series_2016_at_Lat_35.500_Lon_-80.000.csv,,,0.0160,,,,,,,0.0233,
node_1_solar_at_Lat_35.500_Lon_-79.375,fixed_generator,,node_1,Solar_time_series_by_year/Solar_time_series_2016_at_Lat_35.500_Lon_-79.375.csv,,,0.0148,,,,,,,0.1165,
node_1_wind_at_Lat_35.500_Lon_-79.375,fixed_generator,,node_1,Wind_time_series_by_year/Wind_time_series_2016_at_Lat_35.500_Lon_-79.375.csv,,,0.0160,,,,,,,0.0233,
node_1_solar_at_Lat_35.500_Lon_-78.750,fixed_generator,,node_1,Solar_time_series_by_year/Solar_time_series_2016_at_Lat_35.500_Lon_-78.750.csv,,,0.0148,,,,,,,0.1165,
node_1_wind_at_Lat_35.500_Lon_-78.750,fixed_generator,,node_1,Wind_time_series_by_year/Wind_time_series_2016_at_Lat_35.500_Lon_-78.750.csv,,,0.0160,,,,,,,0.0233,
node_1_solar_at_Lat_35.500_Lon_-78.125,fixed_generator,,node_1,Solar_time_series_by_year/Solar_time_series_2016_at_Lat_35.500_Lon_-78.125.csv,,,0.0148,,,,,,,0.1165,
node_1_wind_at_Lat_35.500_Lon_-78.125,fixed_generator,,node_1,Wind_time_series_by_year/Wind_time_series_2016_at_Lat_35.500_Lon_-78.125.csv,,,0.0160,,,,,,,0.0233,
node_1_solar_at_Lat_35.500_Lon_-77.500,fixed_generator,,node_1,Solar_time_series_by_year/Solar_time_series_2016_at_Lat_35.500_Lon_-77.500.csv,,,0.0148,,,,,,,0.1165,
node_1_wind_at_Lat_35.500_Lon_-77.500,fixed_generator,,node_1,Wind_time_series_by_year/Wind_time_series_2016_at_Lat_35.500_Lon_-77.500.csv,,,0.0160,,,,,,,0.0233,
node_1_solar_at_Lat_35.500_Lon_-76.875,fixed_generator,,node_1,Solar_time_series_by_year/Solar_time_series_2016_at_Lat_35.500_Lon_-76.875.csv,,,0.0148,,,,,,,0.1165,
node_1_wind_at_Lat_35.500_Lon_-76.875,fixed_generator,,node_1,Wind_time_series_by_year/Wind_time_series_2016_at_Lat_35.500_Lon_-76.875.csv,,,0.0160,,,,,,,0.0233,
node_1_solar_at_Lat_35.500_Lon_-76.250,fixed_generator,,node_1,Solar_time_series_by_year/Solar_time_series_2016_at_Lat_35.500_Lon_-76.250.csv,,,0.0148,,,,,,,0.1165,
node_1_wind_at_Lat_35.500_Lon_-76.250,fixed_generator,,node_1,Wind_time_series_by_year/Wind_time_series_2016_at_Lat_35.500_Lon_-76.250.csv,,,0.0160,,,,,,,0.0233,
node_1_solar_at_Lat_36.000_Lon_-121.250,fixed_generator,,node_1,Solar_time_series_by_year/Solar_time_series_2016_at_Lat_36.000_Lon_-121.250.csv,,,0.0148,,,,,,,0.1158,
node_1_wind_at_Lat_36.000_Lon_-121.250,fixed_generator,,node_1,Wind_time_series_by_year/Wind_time_series_2016_at_Lat_36.000_Lon_-121.250.csv,,,0.0160,,,,,,,0.0232,
node_1_solar_at_Lat_36.000_Lon_-120.625,fixed_generator,,node_1,Solar_time_series_by_year/Solar_time_series_2016_at_Lat_36.000_Lon_-120.625.csv,,,0.0148,,,,,,,0.1158,
node_1_wind_at_Lat_36.000_Lon_-120.625,fixed_generator,,node_1,Wind_time_series_by_year/Wind_time_series_2016_at_Lat_36.000_Lon_-120.625.csv,,,0.0160,,,,,,,0.0232,
node_1_solar_at_Lat_36.000_Lon_-120.000,fixed_generator,,node_1,Solar_time_series_by_year/Solar_time_series_2016_at_Lat_36.000_Lon_-120.000.csv,,,0.0148,,,,,,,0.1158,
node_1_wind_at_Lat_36.000_Lon_-120.000,fixed_generator,,node_1,Wind_time_series_by_year/Wind_time_series_2016_at_Lat_36.000_Lon_-120.000.csv,,,0.0160,,,,,,,0.0232,
node_1_solar_at_Lat_36.000_Lon_-119.375,fixed_generator,,node_1,Solar_time_series_by_year/Solar_time_series_2016_at_Lat_36.000_Lon_-119.375.csv,,,0.0148,,,,,,,0.1158,
node_1_wind_at_Lat_36.000_Lon_-119.375,fixed_generator,,node_1,Wind_time_series_by_year/Wind_time_series_2016_at_Lat_36.000_Lon_-119.375.csv,,,0.0160,,,,,,,0.0232,
node_1_solar_at_Lat_36.000_Lon_-118.750,fixed_generator,,node_1,Solar_time_series_by_year/Solar_time_series_2016_at_Lat_36.000_Lon_-118.750.csv,,,0.0148,,,,,,,0.1158,
node_1_wind_at_Lat_36.000_Lon_-118.750,fixed_generator,,node_1,Wind_time_series_by_year/Wind_time_series_2016_at_Lat_36.000_Lon_-118.750.csv,,,0.0160,,,,,,,0.0232,
node_1_solar_at_Lat_36.000_Lon_-118.125,fixed_generator,,node_1,Solar_time_series_by_year/Solar_time_series_2016_at_Lat_36.000_Lon_-118.125.csv,,,0.0148,,,,,,,0.1158,
node_1_wind_at_Lat_36.000_Lon_-118.125,fixed_generator,,node_1,Wind_time_series_by_year/Wind_time_series_2016_at_Lat_36.000_Lon_-118.125.csv,,,0.0160,,,,,,,0.0232,
node_1_solar_at_Lat_36.000_Lon_-117.500,fixed_generator,,node_1,Solar_time_series_by_year/Solar_time_series_2016_at_Lat_36.000_Lon_-117.500.csv,,,0.0148,,,,,,,0.1158,
node_1_wind_at_Lat_36.000_Lon_-117.500,fixed_generator,,node_1,Wind_time_series_by_year/Wind_time_series_2016_at_Lat_36.000_Lon_-117.500.csv,,,0.0160,,,,,,,0.0232,
node_1_solar_at_Lat_36.000_Lon_-116.875,fixed_generator,,node_1,Solar_time_series_by_year/Solar_time_series_2016_at_Lat_36.000_Lon_-116.875.csv,,,0.0148,,,,,,,0.1158,
node_1_wind_at_Lat_36.000_Lon_-116.875,fixed_generator,,node_1,Wind_time_series_by_year/Wind_time_series_2016_at_Lat_36.000_Lon_-116.875.csv,,,0.0160,,,,,,,0.0232,
node_1_solar_at_Lat_36.000_Lon_-116.250,fixed_generator,,node_1,Solar_time_series_by_year/Solar_time_series_2016_at_Lat_36.000_Lon_-116.250.csv,,,0.0148,,,,,,,0.1158,
node_1_wind_at_Lat_36.000_Lon_-116.250,fixed_generator,,node_1,Wind_time_series_by_year/Wind_time_series_2016_at_Lat_36.000_Lon_-116.250.csv,,,0.0160,,,,,,,0.0232,
node_1_solar_at_Lat_36.000_Lon_-115.625,fixed_generator,,node_1,Solar_time_series_by_year/Solar_time_series_2016_at_Lat_36.000_Lon_-115.625.csv,,,0.0148,,,,,,,0.1158,
node_1_wind_at_Lat_36.000_Lon_-115.625,fixed_generator,,node_1,Wind_time_series_by_year/Wind_time_series_2016_at_Lat_36.000_Lon_-115.625.csv,,,0.0160,,,,,,,0.0232,
node_1_solar_at_Lat_36.000_Lon_-115.000,fixed_generator,,node_1,Solar_time_series_by_year/Solar_time_series_2016_at_Lat_36.000_Lon_-115.000.csv,,,0.0148,,,,,,,0.1158,
node_1_wind_at_Lat_36.000_Lon_-115.000,fixed_generator,,node_1,Wind_time_series_by_year/Wind_time_series_2016_at_Lat_36.000_Lon_-115.000.csv,,,0.0160,,,,,,,0.0232,
node_1_solar_at_Lat_36.000_Lon_-114.375,fixed_generator,,node_1,Solar_time_series_by_year/Solar_time_series_2016_at_Lat_36.000_Lon_-114.375.csv,,,0.0148,,,,,,,0.1158,
node_1_wind_at_Lat_36.000_Lon_-114.375,fixed_generator,,node_1,Wind_time_series_by_year/Wind_time_series_2016_at_Lat_36.000_Lon_-114.375.csv,,,0.0160,,,,,,,0.0232,
node_1_solar_at_Lat_36.000_Lon_-113.750,fixed_generator,,node_1,Solar_time_series_by_year/Solar_time_series_2016_at_Lat_36.000_Lon_-113.750.csv,,,0.0148,,,,,,,0.1158,
node_1_wind_at_Lat_36.000_Lon_-113.750,fixed_generator,,node_1,Wind_time_series_by_year/Wind_time_series_2016_at_Lat_36.000_Lon_-113.750.csv,,,0.0160,,,,,,,0.0232,
node_1_solar_at_Lat_36.000_Lon_-113.125,fixed_generator,,node_1,Solar_time_series_by_year/Solar_time_series_2016_at_Lat_36.000_Lon_-113.125.csv,,,0.0148,,,,,,,0.1158,
node_1_wind_at_Lat_36.000_Lon_-113.125,fixed_generator,,node_1,Wind_time_series_by_year/Wind_time_series_2016_at_Lat_36.000_Lon_-113.125.csv,,,0.0160,,,,,,,0.0232,
node_1_solar_at_Lat_36.000_Lon_-112.500,fixed_generator,,node_1,Solar_time_series_by_year/Solar_time_series_2016_at_Lat_36.000_Lon_-112.500.csv,,,0.0148,,,,,,,0.1158,
node_1_wind_at_Lat_36.000_Lon_-112.500,fixed_generator,,node_1,Wind_time_series_by_year/Wind_time_series_2016_at_Lat_36.000_Lon_-112.500.csv,,,0.0160,,,,,,,0.0232,
node_1_solar_at_Lat_36.000_Lon_-111.875,fixed_generator,,node_1,Solar_time_series_by_year/Solar_time_series_2016_at_Lat_36.000_Lon_-111.875.csv,,,0.0148,,,,,,,0.1158,
node_1_wind_at_Lat_36.000_Lon_-111.875,fixed_generator,,node_1,Wind_time_series_by_year/Wind_time_series_2016_at_Lat_36.000_Lon_-111.875.csv,,,0.0160,,,,,,,0.0232,
node_1_solar_at_Lat_36.000_Lon_-111.250,fixed_generator,,node_1,Solar_time_series_by_year/Solar_time_series_2016_at_Lat_36.000_Lon_-111.250.csv,,,0.0148,,,,,,,0.1158,
node_1_wind_at_Lat_36.000_Lon_-111.250,fixed_generator,,node_1,Wind_time_series_by_year/Wind_time_series_2016_at_Lat_36.000_Lon_-111.250.csv,,,0.0160,,,,,,,0.0232,
node_1_solar_at_Lat_36.000_Lon_-110.625,fixed_generator,,node_1,Solar_time_series_by_year/Solar_time_series_2016_at_Lat_36.000_Lon_-110.625.csv,,,0.0148,,,,,,,0.1158,
node_1_wind_at_Lat_36.000_Lon_-110.625,fixed_generator,,node_1,Wind_time_series_by_year/Wind_time_series_2016_at_Lat_36.000_Lon_-110.625.csv,,,0.0160,,,,,,,0.0232,
node_1_solar_at_Lat_36.000_Lon_-110.000,fixed_generator,,node_1,Solar_time_series_by_year/Solar_time_series_2016_at_Lat_36.000_Lon_-110.000.csv,,,0.0148,,,,,,,0.1158,
node_1_wind_at_Lat_36.000_Lon_-110.000,fixed_generator,,node_1,Wind_time_series_by_year/Wind_time_series_2016_at_Lat_36.000_Lon_-110.000.csv,,,0.0160,,,,,,,0.0232,
node_1_solar_at_Lat_36.000_Lon_-109.375,fixed_generator,,node_1,Solar_time_series_by_year/Solar_time_series_2016_at_Lat_36.000_Lon_-109.375.csv,,,0.0148,,,,,,,0.1158,
node_1_wind_at_Lat_36.000_Lon_-109.375,fixed_generator,,node_1,Wind_time_series_by_year/Wind_time_series_2016_at_Lat_36.000_Lon_-109.375.csv,,,0.0160,,,,,,,0.0232,
node_1_solar_at_Lat_36.000_Lon_-108.750,fixed_generator,,node_1,Solar_time_series_by_year/Solar_time_series_2016_at_Lat_36.000_Lon_-108.750.csv,,,0.0148,,,,,,,0.1158,
node_1_wind_at_Lat_36.000_Lon_-108.750,fixed_generator,,node_1,Wind_time_series_by_year/Wind_time_series_2016_at_Lat_36.000_Lon_-108.750.csv,,,0.0160,,,,,,,0.0232,
node_1_solar_at_Lat_36.000_Lon_-108.125,fixed_generator,,node_1,Solar_time_series_by_year/Solar_time_series_2016_at_Lat_36.000_Lon_-108.125.csv,,,0.0148,,,,,,,0.1158,
node_1_wind_at_Lat_36.000_Lon_-108.125,fixed_generator,,node_1,Wind_time_series_by_year/Wind_time_series_2016_at_Lat_36.000_Lon_-108.125.csv,,,0.0160,,,,,,,0.0232,
node_1_solar_at_Lat_36.000_Lon_-107.500,fixed_generator,,node_1,Solar_time_series_by_year/Solar_time_series_2016_at_Lat_36.000_Lon_-107.500.csv,,,0.0148,,,,,,,0.1158,
node_1_wind_at_Lat_36.000_Lon_-107.500,fixed_generator,,node_1,Wind_time_series_by_year/Wind_time_series_2016_at_Lat_36.000_Lon_-107.500.csv,,,0.0160,,,,,,,0.0232,
node_1_solar_at_Lat_36.000_Lon_-106.875,fixed_generator,,node_1,Solar_time_series_by_year/Solar_time_series_2016_at_Lat_36.000_Lon_-106.875.csv,,,0.0148,,,,,,,0.1158,
node_1_wind_at_Lat_36.000_Lon_-106.875,fixed_generator,,node_1,Wind_time_series_by_year/Wind_time_series_2016_at_Lat_36.000_Lon_-106.875.csv,,,0.0160,,,,,,,0.0232,
node_1_solar_at_Lat_36.000_Lon_-106.250,fixed_generator,,node_1,Solar_time_series_by_year/Solar_time_series_2016_at_Lat_36.000_Lon_-106.250.csv,,,0.0148,,,,,,,0.1158,
node_1_wind_at_Lat_36.000_Lon_-106.250,fixed_generator,,node_1,Wind_time_series_by_year/Wind_time_series_2016_at_Lat_36.000_Lon_-106.250.csv,,,0.0160,,,,,,,0.0232,
node_1_solar_at_Lat_36.000_Lon_-105.625,fixed_generator,,node_1,Solar_time_series_by_year/Solar_time_series_2016_at_Lat_36.000_Lon_-105.625.csv,,,0.0148,,,,,,,0.1158,
node_1_wind_at_Lat_36.000_Lon_-105.625,fixed_generator,,node_1,Wind_time_series_by_year/Wind_time_series_2016_at_Lat_36.000_Lon_-105.625.csv,,,0.0160,,,,,,,0.0232,
node_1_solar_at_Lat_36.000_Lon_-105.000,fixed_generator,,node_1,Solar_time_series_by_year/Solar_time_series_2016_at_Lat_36.000_Lon_-105.000.csv,,,0.0148,,,,,,,0.1158,
node_1_wind_at_Lat_36.000_Lon_-105.000,fixed_generator,,node_1,Wind_time_series_by_year/Wind_time_series_2016_at_Lat_36.000_Lon_-105.000.csv,,,0.0160,,,,,,,0.0232,
node_1_solar_at_Lat_36.000_Lon_-104.375,fixed_generator,,node_1,Solar_time_series_by_year/Solar_time_series_2016_at_Lat_36.000_Lon_-104.375.csv,,,0.0148,,,,,,,0.1158,
node_1_wind_at_Lat_36.000_Lon_-104.375,fixed_generator,,node_1,Wind_time_series_by_year/Wind_time_series_2016_at_Lat_36.000_Lon_-104.375.csv,,,0.0160,,,,,,,0.0232,
node_1_solar_at_Lat_36.000_Lon_-103.750,fixed_generator,,node_1,Solar_time_series_by_year/Solar_time_series_2016_at_Lat_36.000_Lon_-103.750.csv,,,0.0148,,,,,,,0.1158,
node_1_wind_at_Lat_36.000_Lon_-103.750,fixed_generator,,node_1,Wind_time_series_by_year/Wind_time_series_2016_at_Lat_36.000_Lon_-103.750.csv,,,0.0160,,,,,,,0.0232,
node_1_solar_at_Lat_36.000_Lon_-103.125,fixed_generator,,node_1,Solar_time_series_by_year/Solar_time_series_2016_at_Lat_36.000_Lon_-103.125.csv,,,0.0148,,,,,,,0.1158,
node_1_wind_at_Lat_36.000_Lon_-103.125,fixed_generator,,node_1,Wind_time_series_by_year/Wind_time_series_2016_at_Lat_36.000_Lon_-103.125.csv,,,0.0160,,,,,,,0.0232,
node_1_solar_at_Lat_36.000_Lon_-102.500,fixed_generator,,node_1,Solar_time_series_by_year/Solar_time_series_2016_at_Lat_36.000_Lon_-102.500.csv,,,0.0148,,,,,,,0.1158,
node_1_wind_at_Lat_36.000_Lon_-102.500,fixed_generator,,node_1,Wind_time_series_by_year/Wind_time_series_2016_at_Lat_36.000_Lon_-102.500.csv,,,0.0160,,,,,,,0.0232,
node_1_solar_at_Lat_36.000_Lon_-101.875,fixed_generator,,node_1,Solar_time_series_by_year/Solar_time_series_2016_at_Lat_36.000_Lon_-101.875.csv,,,0.0148,,,,,,,0.1158,
node_1_wind_at_Lat_36.000_Lon_-101.875,fixed_generator,,node_1,Wind_time_series_by_year/Wind_time_series_2016_at_Lat_36.000_Lon_-101.875.csv,,,0.0160,,,,,,,0.0232,
node_1_solar_at_Lat_36.000_Lon_-101.250,fixed_generator,,node_1,Solar_time_series_by_year/Solar_time_series_2016_at_Lat_36.000_Lon_-101.250.csv,,,0.0148,,,,,,,0.1158,
node_1_wind_at_Lat_36.000_Lon_-101.250,fixed_generator,,node_1,Wind_time_series_by_year/Wind_time_series_2016_at_Lat_36.000_Lon_-101.250.csv,,,0.0160,,,,,,,0.0232,
node_1_solar_at_Lat_36.000_Lon_-100.625,fixed_generator,,node_1,Solar_time_series_by_year/Solar_time_series_2016_at_Lat_36.000_Lon_-100.625.csv,,,0.0148,,,,,,,0.1158,
node_1_wind_at_Lat_36.000_Lon_-100.625,fixed_generator,,node_1,Wind_time_series_by_year/Wind_time_series_2016_at_Lat_36.000_Lon_-100.625.csv,,,0.0160,,,,,,,0.0232,
node_1_solar_at_Lat_36.000_Lon_-100.000,fixed_generator,,node_1,Solar_time_series_by_year/Solar_time_series_2016_at_Lat_36.000_Lon_-100.000.csv,,,0.0148,,,,,,,0.1158,
node_1_wind_at_Lat_36.000_Lon_-100.000,fixed_generator,,node_1,Wind_time_series_by_year/Wind_time_series_2016_at_Lat_36.000_Lon_-100.000.csv,,,0.0160,,,,,,,0.0232,
node_1_solar_at_Lat_36.000_Lon_-99.375,fixed_generator,,node_1,Solar_time_series_by_year/Solar_time_series_2016_at_Lat_36.000_Lon_-99.375.csv,,,0.0148,,,,,,,0.1158,
node_1_wind_at_Lat_36.000_Lon_-99.375,fixed_generator,,node_1,Wind_time_series_by_year/Wind_time_series_2016_at_Lat_36.000_Lon_-99.375.csv,,,0.0160,,,,,,,0.0232,
node_1_solar_at_Lat_36.000_Lon_-98.750,fixed_generator,,node_1,Solar_time_series_by_year/Solar_time_series_2016_at_Lat_36.000_Lon_-98.750.csv,,,0.0148,,,,,,,0.1158,
node_1_wind_at_Lat_36.000_Lon_-98.750,fixed_generator,,node_1,Wind_time_series_by_year/Wind_time_series_2016_at_Lat_36.000_Lon_-98.750.csv,,,0.0160,,,,,,,0.0232,
node_1_solar_at_Lat_36.000_Lon_-98.125,fixed_generator,,node_1,Solar_time_series_by_year/Solar_time_series_2016_at_Lat_36.000_Lon_-98.125.csv,,,0.0148,,,,,,,0.1158,
node_1_wind_at_Lat_36.000_Lon_-98.125,fixed_generator,,node_1,Wind_time_series_by_year/Wind_time_series_2016_at_Lat_36.000_Lon_-98.125.csv,,,0.0160,,,,,,,0.0232,
node_1_solar_at_Lat_36.000_Lon_-97.500,fixed_generator,,node_1,Solar_time_series_by_year/Solar_time_series_2016_at_Lat_36.000_Lon_-97.500.csv,,,0.0148,,,,,,,0.1158,
node_1_wind_at_Lat_36.000_Lon_-97.500,fixed_generator,,node_1,Wind_time_series_by_year/Wind_time_series_2016_at_Lat_36.000_Lon_-97.500.csv,,,0.0160,,,,,,,0.0232,
node_1_solar_at_Lat_36.000_Lon_-96.875,fixed_generator,,node_1,Solar_time_series_by_year/Solar_time_series_2016_at_Lat_36.000_Lon_-96.875.csv,,,0.0148,,,,,,,0.1158,
node_1_wind_at_Lat_36.000_Lon_-96.875,fixed_generator,,node_1,Wind_time_series_by_year/Wind_time_series_2016_at_Lat_36.000_Lon_-96.875.csv,,,0.0160,,,,,,,0.0232,
node_1_solar_at_Lat_36.000_Lon_-96.250,fixed_generator,,node_1,Solar_time_series_by_year/Solar_time_series_2016_at_Lat_36.000_Lon_-96.250.csv,,,0.0148,,,,,,,0.1158,
node_1_wind_at_Lat_36.000_Lon_-96.250,fixed_generator,,node_1,Wind_time_series_by_year/Wind_time_series_2016_at_Lat_36.000_Lon_-96.250.csv,,,0.0160,,,,,,,0.0232,
node_1_solar_at_Lat_36.000_Lon_-95.625,fixed_generator,,node_1,Solar_time_series_by_year/Solar_time_series_2016_at_Lat_36.000_Lon_-95.625.csv,,,0.0148,,,,,,,0.1158,
node_1_wind_at_Lat_36.000_Lon_-95.625,fixed_generator,,node_1,Wind_time_series_by_year/Wind_time_series_2016_at_Lat_36.000_Lon_-95.625.csv,,,0.0160,,,,,,,0.0232,
node_1_solar_at_Lat_36.000_Lon_-95.000,fixed_generator,,node_1,Solar_time_series_by_year/Solar_time_series_2016_at_Lat_36.000_Lon_-95.000.csv,,,0.0148,,,,,,,0.1158,
node_1_wind_at_Lat_36.000_Lon_-95.000,fixed_generator,,node_1,Wind_time_series_by_year/Wind_time_series_2016_at_Lat_36.000_Lon_-95.000.csv,,,0.0160,,,,,,,0.0232,
node_1_solar_at_Lat_36.000_Lon_-94.375,fixed_generator,,node_1,Solar_time_series_by_year/Solar_time_series_2016_at_Lat_36.000_Lon_-94.375.csv,,,0.0148,,,,,,,0.1158,
node_1_wind_at_Lat_36.000_Lon_-94.375,fixed_generator,,node_1,Wind_time_series_by_year/Wind_time_series_2016_at_Lat_36.000_Lon_-94.375.csv,,,0.0160,,,,,,,0.0232,
node_1_solar_at_Lat_36.000_Lon_-93.750,fixed_generator,,node_1,Solar_time_series_by_year/Solar_time_series_2016_at_Lat_36.000_Lon_-93.750.csv,,,0.0148,,,,,,,0.1158,
node_1_wind_at_Lat_36.000_Lon_-93.750,fixed_generator,,node_1,Wind_time_series_by_year/Wind_time_series_2016_at_Lat_36.000_Lon_-93.750.csv,,,0.0160,,,,,,,0.0232,
node_1_solar_at_Lat_36.000_Lon_-93.125,fixed_generator,,node_1,Solar_time_series_by_year/Solar_time_series_2016_at_Lat_36.000_Lon_-93.125.csv,,,0.0148,,,,,,,0.1158,
node_1_wind_at_Lat_36.000_Lon_-93.125,fixed_generator,,node_1,Wind_time_series_by_year/Wind_time_series_2016_at_Lat_36.000_Lon_-93.125.csv,,,0.0160,,,,,,,0.0232,
node_1_solar_at_Lat_36.000_Lon_-92.500,fixed_generator,,node_1,Solar_time_series_by_year/Solar_time_series_2016_at_Lat_36.000_Lon_-92.500.csv,,,0.0148,,,,,,,0.1158,
node_1_wind_at_Lat_36.000_Lon_-92.500,fixed_generator,,node_1,Wind_time_series_by_year/Wind_time_series_2016_at_Lat_36.000_Lon_-92.500.csv,,,0.0160,,,,,,,0.0232,
node_1_solar_at_Lat_36.000_Lon_-91.875,fixed_generator,,node_1,Solar_time_series_by_year/Solar_time_series_2016_at_Lat_36.000_Lon_-91.875.csv,,,0.0148,,,,,,,0.1158,
node_1_wind_at_Lat_36.000_Lon_-91.875,fixed_generator,,node_1,Wind_time_series_by_year/Wind_time_series_2016_at_Lat_36.000_Lon_-91.875.csv,,,0.0160,,,,,,,0.0232,
node_1_solar_at_Lat_36.000_Lon_-91.250,fixed_generator,,node_1,Solar_time_series_by_year/Solar_time_series_2016_at_Lat_36.000_Lon_-91.250.csv,,,0.0148,,,,,,,0.1158,
node_1_wind_at_Lat_36.000_Lon_-91.250,fixed_generator,,node_1,Wind_time_series_by_year/Wind_time_series_2016_at_Lat_36.000_Lon_-91.250.csv,,,0.0160,,,,,,,0.0232,
node_1_solar_at_Lat_36.000_Lon_-90.625,fixed_generator,,node_1,Solar_time_series_by_year/Solar_time_series_2016_at_Lat_36.000_Lon_-90.625.csv,,,0.0148,,,,,,,0.1158,
node_1_wind_at_Lat_36.000_Lon_-90.625,fixed_generator,,node_1,Wind_time_series_by_year/Wind_time_series_2016_at_Lat_36.000_Lon_-90.625.csv,,,0.0160,,,,,,,0.0232,
node_1_solar_at_Lat_36.000_Lon_-90.000,fixed_generator,,node_1,Solar_time_series_by_year/Solar_time_series_2016_at_Lat_36.000_Lon_-90.000.csv,,,0.0148,,,,,,,0.1158,
node_1_wind_at_Lat_36.000_Lon_-90.000,fixed_generator,,node_1,Wind_time_series_by_year/Wind_time_series_2016_at_Lat_36.000_Lon_-90.000.csv,,,0.0160,,,,,,,0.0232,
node_1_solar_at_Lat_36.000_Lon_-89.375,fixed_generator,,node_1,Solar_time_series_by_year/Solar_time_series_2016_at_Lat_36.000_Lon_-89.375.csv,,,0.0148,,,,,,,0.1158,
node_1_wind_at_Lat_36.000_Lon_-89.375,fixed_generator,,node_1,Wind_time_series_by_year/Wind_time_series_2016_at_Lat_36.000_Lon_-89.375.csv,,,0.0160,,,,,,,0.0232,
node_1_solar_at_Lat_36.000_Lon_-88.750,fixed_generator,,node_1,Solar_time_series_by_year/Solar_time_series_2016_at_Lat_36.000_Lon_-88.750.csv,,,0.0148,,,,,,,0.1158,
node_1_wind_at_Lat_36.000_Lon_-88.750,fixed_generator,,node_1,Wind_time_series_by_year/Wind_time_series_2016_at_Lat_36.000_Lon_-88.750.csv,,,0.0160,,,,,,,0.0232,
node_1_solar_at_Lat_36.000_Lon_-88.125,fixed_generator,,node_1,Solar_time_series_by_year/Solar_time_series_2016_at_Lat_36.000_Lon_-88.125.csv,,,0.0148,,,,,,,0.1158,
node_1_wind_at_Lat_36.000_Lon_-88.125,fixed_generator,,node_1,Wind_time_series_by_year/Wind_time_series_2016_at_Lat_36.000_Lon_-88.125.csv,,,0.0160,,,,,,,0.0232,
node_1_solar_at_Lat_36.000_Lon_-87.500,fixed_generator,,node_1,Solar_time_series_by_year/Solar_time_series_2016_at_Lat_36.000_Lon_-87.500.csv,,,0.0148,,,,,,,0.1158,
node_1_wind_at_Lat_36.000_Lon_-87.500,fixed_generator,,node_1,Wind_time_series_by_year/Wind_time_series_2016_at_Lat_36.000_Lon_-87.500.csv,,,0.0160,,,,,,,0.0232,
node_1_solar_at_Lat_36.000_Lon_-86.875,fixed_generator,,node_1,Solar_time_series_by_year/Solar_time_series_2016_at_Lat_36.000_Lon_-86.875.csv,,,0.0148,,,,,,,0.1158,
node_1_wind_at_Lat_36.000_Lon_-86.875,fixed_generator,,node_1,Wind_time_series_by_year/Wind_time_series_2016_at_Lat_36.000_Lon_-86.875.csv,,,0.0160,,,,,,,0.0232,
node_1_solar_at_Lat_36.000_Lon_-86.250,fixed_generator,,node_1,Solar_time_series_by_year/Solar_time_series_2016_at_Lat_36.000_Lon_-86.250.csv,,,0.0148,,,,,,,0.1158,
node_1_wind_at_Lat_36.000_Lon_-86.250,fixed_generator,,node_1,Wind_time_series_by_year/Wind_time_series_2016_at_Lat_36.000_Lon_-86.250.csv,,,0.0160,,,,,,,0.0232,
node_1_solar_at_Lat_36.000_Lon_-85.625,fixed_generator,,node_1,Solar_time_series_by_year/Solar_time_series_2016_at_Lat_36.000_Lon_-85.625.csv,,,0.0148,,,,,,,0.1158,
node_1_wind_at_Lat_36.000_Lon_-85.625,fixed_generator,,node_1,Wind_time_series_by_year/Wind_time_series_2016_at_Lat_36.000_Lon_-85.625.csv,,,0.0160,,,,,,,0.0232,
node_1_solar_at_Lat_36.000_Lon_-85.000,fixed_generator,,node_1,Solar_time_series_by_year/Solar_time_series_2016_at_Lat_36.000_Lon_-85.000.csv,,,0.0148,,,,,,,0.1158,
node_1_wind_at_Lat_36.000_Lon_-85.000,fixed_generator,,node_1,Wind_time_series_by_year/Wind_time_series_2016_at_Lat_36.000_Lon_-85.000.csv,,,0.0160,,,,,,,0.0232,
node_1_solar_at_Lat_36.000_Lon_-84.375,fixed_generator,,node_1,Solar_time_series_by_year/Solar_time_series_2016_at_Lat_36.000_Lon_-84.375.csv,,,0.0148,,,,,,,0.1158,
node_1_wind_at_Lat_36.000_Lon_-84.375,fixed_generator,,node_1,Wind_time_series_by_year/Wind_time_series_2016_at_Lat_36.000_Lon_-84.375.csv,,,0.0160,,,,,,,0.0232,
node_1_solar_at_Lat_36.000_Lon_-83.750,fixed_generator,,node_1,Solar_time_series_by_year/Solar_time_series_2016_at_Lat_36.000_Lon_-83.750.csv,,,0.0148,,,,,,,0.1158,
node_1_wind_at_Lat_36.000_Lon_-83.750,fixed_generator,,node_1,Wind_time_series_by_year/Wind_time_series_2016_at_Lat_36.000_Lon_-83.750.csv,,,0.0160,,,,,,,0.0232,
node_1_solar_at_Lat_36.000_Lon_-83.125,fixed_generator,,node_1,Solar_time_series_by_year/Solar_time_series_2016_at_Lat_36.000_Lon_-83.125.csv,,,0.0148,,,,,,,0.1158,
node_1_wind_at_Lat_36.000_Lon_-83.125,fixed_generator,,node_1,Wind_time_series_by_year/Wind_time_series_2016_at_Lat_36.000_Lon_-83.125.csv,,,0.0160,,,,,,,0.0232,
node_1_solar_at_Lat_36.000_Lon_-82.500,fixed_generator,,node_1,Solar_time_series_by_year/Solar_time_series_2016_at_Lat_36.000_Lon_-82.500.csv,,,0.0148,,,,,,,0.1158,
node_1_wind_at_Lat_36.000_Lon_-82.500,fixed_generator,,node_1,Wind_time_series_by_year/Wind_time_series_2016_at_Lat_36.000_Lon_-82.500.csv,,,0.0160,,,,,,,0.0232,
node_1_solar_at_Lat_36.000_Lon_-81.875,fixed_generator,,node_1,Solar_time_series_by_year/Solar_time_series_2016_at_Lat_36.000_Lon_-81.875.csv,,,0.0148,,,,,,,0.1158,
node_1_wind_at_Lat_36.000_Lon_-81.875,fixed_generator,,node_1,Wind_time_series_by_year/Wind_time_series_2016_at_Lat_36.000_Lon_-81.875.csv,,,0.0160,,,,,,,0.0232,
node_1_solar_at_Lat_36.000_Lon_-81.250,fixed_generator,,node_1,Solar_time_series_by_year/Solar_time_series_2016_at_Lat_36.000_Lon_-81.250.csv,,,0.0148,,,,,,,0.1158,
node_1_wind_at_Lat_36.000_Lon_-81.250,fixed_generator,,node_1,Wind_time_series_by_year/Wind_time_series_2016_at_Lat_36.000_Lon_-81.250.csv,,,0.0160,,,,,,,0.0232,
node_1_solar_at_Lat_36.000_Lon_-80.625,fixed_generator,,node_1,Solar_time_series_by_year/Solar_time_series_2016_at_Lat_36.000_Lon_-80.625.csv,,,0.0148,,,,,,,0.1158,
node_1_wind_at_Lat_36.000_Lon_-80.625,fixed_generator,,node_1,Wind_time_series_by_year/Wind_time_series_2016_at_Lat_36.000_Lon_-80.625.csv,,,0.0160,,,,,,,0.0232,
node_1_solar_at_Lat_36.000_Lon_-80.000,fixed_generator,,node_1,Solar_time_series_by_year/Solar_time_series_2016_at_Lat_36.000_Lon_-80.000.csv,,,0.0148,,,,,,,0.1158,
node_1_wind_at_Lat_36.000_Lon_-80.000,fixed_generator,,node_1,Wind_time_series_by_year/Wind_time_series_2016_at_Lat_36.000_Lon_-80.000.csv,,,0.0160,,,,,,,0.0232,
node_1_solar_at_Lat_36.000_Lon_-79.375,fixed_generator,,node_1,Solar_time_series_by_year/Solar_time_series_2016_at_Lat_36.000_Lon_-79.375.csv,,,0.0148,,,,,,,0.1158,
node_1_wind_at_Lat_36.000_Lon_-79.375,fixed_generator,,node_1,Wind_time_series_by_year/Wind_time_series_2016_at_Lat_36.000_Lon_-79.375.csv,,,0.0160,,,,,,,0.0232,
node_1_solar_at_Lat_36.000_Lon_-78.750,fixed_generator,,node_1,Solar_time_series_by_year/Solar_time_series_2016_at_Lat_36.000_Lon_-78.750.csv,,,0.0148,,,,,,,0.1158,
node_1_wind_at_Lat_36.000_Lon_-78.750,fixed_generator,,node_1,Wind_time_series_by_year/Wind_time_series_2016_at_Lat_36.000_Lon_-78.750.csv,,,0.0160,,,,,,,0.0232,
node_1_solar_at_Lat_36.000_Lon_-78.125,fixed_generator,,node_1,Solar_time_series_by_year/Solar_time_series_2016_at_Lat_36.000_Lon_-78.125.csv,,,0.0148,,,,,,,0.1158,
node_1_wind_at_Lat_36.000_Lon_-78.125,fixed_generator,,node_1,Wind_time_series_by_year/Wind_time_series_2016_at_Lat_36.000_Lon_-78.125.csv,,,0.0160,,,,,,,0.0232,
node_1_solar_at_Lat_36.000_Lon_-77.500,fixed_generator,,node_1,Solar_time_series_by_year/Solar_time_series_2016_at_Lat_36.000_Lon_-77.500.csv,,,0.0148,,,,,,,0.1158,
node_1_wind_at_Lat_36.000_Lon_-77.500,fixed_generator,,node_1,Wind_time_series_by_year/Wind_time_series_2016_at_Lat_36.000_Lon_-77.500.csv,,,0.0160,,,,,,,0.0232,
node_1_solar_at_Lat_36.000_Lon_-76.875,fixed_generator,,node_1,Solar_time_series_by_year/Solar_time_series_2016_at_Lat_36.000_Lon_-76.875.csv,,,0.0148,,,,,,,0.1158,
node_1_wind_at_Lat_36.000_Lon_-76.875,fixed_generator,,node_1,Wind_time_series_by_year/Wind_time_series_2016_at_Lat_36.000_Lon_-76.875.csv,,,0.0160,,,,,,,0.0232,
node_1_solar_at_Lat_36.500_Lon_-121.250,fixed_generator,,node_1,Solar_time_series_by_year/Solar_time_series_2016_at_Lat_36.500_Lon_-121.250.csv,,,0.0148,,,,,,,0.1150,
node_1_wind_at_Lat_36.500_Lon_-121.250,fixed_generator,,node_1,Wind_time_series_by_year/Wind_time_series_2016_at_Lat_36.500_Lon_-121.250.csv,,,0.0160,,,,,,,0.0230,
node_1_solar_at_Lat_36.500_Lon_-120.625,fixed_generator,,node_1,Solar_time_series_by_year/Solar_time_series_2016_at_Lat_36.500_Lon_-120.625.csv,,,0.0148,,,,,,,0.1150,
node_1_wind_at_Lat_36.500_Lon_-120.625,fixed_generator,,node_1,Wind_time_series_by_year/Wind_time_series_2016_at_Lat_36.500_Lon_-120.625.csv,,,0.0160,,,,,,,0.0230,
node_1_solar_at_Lat_36.500_Lon_-120.000,fixed_generator,,node_1,Solar_time_series_by_year/Solar_time_series_2016_at_Lat_36.500_Lon_-120.000.csv,,,0.0148,,,,,,,0.1150,
node_1_wind_at_Lat_36.500_Lon_-120.000,fixed_generator,,node_1,Wind_time_series_by_year/Wind_time_series_2016_at_Lat_36.500_Lon_-120.000.csv,,,0.0160,,,,,,,0.0230,
node_1_solar_at_Lat_36.500_Lon_-119.375,fixed_generator,,node_1,Solar_time_series_by_year/Solar_time_series_2016_at_Lat_36.500_Lon_-119.375.csv,,,0.0148,,,,,,,0.1150,
node_1_wind_at_Lat_36.500_Lon_-119.375,fixed_generator,,node_1,Wind_time_series_by_year/Wind_time_series_2016_at_Lat_36.500_Lon_-119.375.csv,,,0.0160,,,,,,,0.0230,
node_1_solar_at_Lat_36.500_Lon_-118.750,fixed_generator,,node_1,Solar_time_series_by_year/Solar_time_series_2016_at_Lat_36.500_Lon_-118.750.csv,,,0.0148,,,,,,,0.1150,
node_1_wind_at_Lat_36.500_Lon_-118.750,fixed_generator,,node_1,Wind_time_series_by_year/Wind_time_series_2016_at_Lat_36.500_Lon_-118.750.csv,,,0.0160,,,,,,,0.0230,
node_1_solar_at_Lat_36.500_Lon_-118.125,fixed_generator,,node_1,Solar_time_series_by_year/Solar_time_series_2016_at_Lat_36.500_Lon_-118.125.csv,,,0.0148,,,,,,,0.1150,
node_1_wind_at_Lat_36.500_Lon_-118.125,fixed_generator,,node_1,Wind_time_series_by_year/Wind_time_series_2016_at_Lat_36.500_Lon_-118.125.csv,,,0.0160,,,,,,,0.0230,
node_1_solar_at_Lat_36.500_Lon_-117.500,fixed_generator,,node_1,Solar_time_series_by_year/Solar_time_series_2016_at_Lat_36.500_Lon_-117.500.csv,,,0.0148,,,,,,,0.1150,
node_1_wind_at_Lat_36.500_Lon_-117.500,fixed_generator,,node_1,Wind_time_series_by_year/Wind_time_series_2016_at_Lat_36.500_Lon_-117.500.csv,,,0.0160,,,,,,,0.0230,
node_1_solar_at_Lat_36.500_Lon_-116.875,fixed_generator,,node_1,Solar_time_series_by_year/Solar_time_series_2016_at_Lat_36.500_Lon_-116.875.csv,,,0.0148,,,,,,,0.1150,
node_1_wind_at_Lat_36.500_Lon_-116.875,fixed_generator,,node_1,Wind_time_series_by_year/Wind_time_series_2016_at_Lat_36.500_Lon_-116.875.csv,,,0.0160,,,,,,,0.0230,
node_1_solar_at_Lat_36.500_Lon_-116.250,fixed_generator,,node_1,Solar_time_series_by_year/Solar_time_series_2016_at_Lat_36.500_Lon_-116.250.csv,,,0.0148,,,,,,,0.1150,
node_1_wind_at_Lat_36.500_Lon_-116.250,fixed_generator,,node_1,Wind_time_series_by_year/Wind_time_series_2016_at_Lat_36.500_Lon_-116.250.csv,,,0.0160,,,,,,,0.0230,
node_1_solar_at_Lat_36.500_Lon_-115.625,fixed_generator,,node_1,Solar_time_series_by_year/Solar_time_series_2016_at_Lat_36.500_Lon_-115.625.csv,,,0.0148,,,,,,,0.1150,
node_1_wind_at_Lat_36.500_Lon_-115.625,fixed_generator,,node_1,Wind_time_series_by_year/Wind_time_series_2016_at_Lat_36.500_Lon_-115.625.csv,,,0.0160,,,,,,,0.0230,
node_1_solar_at_Lat_36.500_Lon_-115.000,fixed_generator,,node_1,Solar_time_series_by_year/Solar_time_series_2016_at_Lat_36.500_Lon_-115.000.csv,,,0.0148,,,,,,,0.1150,
node_1_wind_at_Lat_36.500_Lon_-115.000,fixed_generator,,node_1,Wind_time_series_by_year/Wind_time_series_2016_at_Lat_36.500_Lon_-115.000.csv,,,0.0160,,,,,,,0.0230,
node_1_solar_at_Lat_36.500_Lon_-114.375,fixed_generator,,node_1,Solar_time_series_by_year/Solar_time_series_2016_at_Lat_36.500_Lon_-114.375.csv,,,0.0148,,,,,,,0.1150,
node_1_wind_at_Lat_36.500_Lon_-114.375,fixed_generator,,node_1,Wind_time_series_by_year/Wind_time_series_2016_at_Lat_36.500_Lon_-114.375.csv,,,0.0160,,,,,,,0.0230,
node_1_solar_at_Lat_36.500_Lon_-113.750,fixed_generator,,node_1,Solar_time_series_by_year/Solar_time_series_2016_at_Lat_36.500_Lon_-113.750.csv,,,0.0148,,,,,,,0.1150,
node_1_wind_at_Lat_36.500_Lon_-113.750,fixed_generator,,node_1,Wind_time_series_by_year/Wind_time_series_2016_at_Lat_36.500_Lon_-113.750.csv,,,0.0160,,,,,,,0.0230,
node_1_solar_at_Lat_36.500_Lon_-113.125,fixed_generator,,node_1,Solar_time_series_by_year/Solar_time_series_2016_at_Lat_36.500_Lon_-113.125.csv,,,0.0148,,,,,,,0.1150,
node_1_wind_at_Lat_36.500_Lon_-113.125,fixed_generator,,node_1,Wind_time_series_by_year/Wind_time_series_2016_at_Lat_36.500_Lon_-113.125.csv,,,0.0160,,,,,,,0.0230,
node_1_solar_at_Lat_36.500_Lon_-112.500,fixed_generator,,node_1,Solar_time_series_by_year/Solar_time_series_2016_at_Lat_36.500_Lon_-112.500.csv,,,0.0148,,,,,,,0.1150,
node_1_wind_at_Lat_36.500_Lon_-112.500,fixed_generator,,node_1,Wind_time_series_by_year/Wind_time_series_2016_at_Lat_36.500_Lon_-112.500.csv,,,0.0160,,,,,,,0.0230,
node_1_solar_at_Lat_36.500_Lon_-111.875,fixed_generator,,node_1,Solar_time_series_by_year/Solar_time_series_2016_at_Lat_36.500_Lon_-111.875.csv,,,0.0148,,,,,,,0.1150,
node_1_wind_at_Lat_36.500_Lon_-111.875,fixed_generator,,node_1,Wind_time_series_by_year/Wind_time_series_2016_at_Lat_36.500_Lon_-111.875.csv,,,0.0160,,,,,,,0.0230,
node_1_solar_at_Lat_36.500_Lon_-111.250,fixed_generator,,node_1,Solar_time_series_by_year/Solar_time_series_2016_at_Lat_36.500_Lon_-111.250.csv,,,0.0148,,,,,,,0.1150,
node_1_wind_at_Lat_36.500_Lon_-111.250,fixed_generator,,node_1,Wind_time_series_by_year/Wind_time_series_2016_at_Lat_36.500_Lon_-111.250.csv,,,0.0160,,,,,,,0.0230,
node_1_solar_at_Lat_36.500_Lon_-110.625,fixed_generator,,node_1,Solar_time_series_by_year/Solar_time_series_2016_at_Lat_36.500_Lon_-110.625.csv,,,0.0148,,,,,,,0.1150,
node_1_wind_at_Lat_36.500_Lon_-110.625,fixed_generator,,node_1,Wind_time_series_by_year/Wind_time_series_2016_at_Lat_36.500_Lon_-110.625.csv,,,0.0160,,,,,,,0.0230,
node_1_solar_at_Lat_36.500_Lon_-110.000,fixed_generator,,node_1,Solar_time_series_by_year/Solar_time_series_2016_at_Lat_36.500_Lon_-110.000.csv,,,0.0148,,,,,,,0.1150,
node_1_wind_at_Lat_36.500_Lon_-110.000,fixed_generator,,node_1,Wind_time_series_by_year/Wind_time_series_2016_at_Lat_36.500_Lon_-110.000.csv,,,0.0160,,,,,,,0.0230,
node_1_solar_at_Lat_36.500_Lon_-109.375,fixed_generator,,node_1,Solar_time_series_by_year/Solar_time_series_2016_at_Lat_36.500_Lon_-109.375.csv,,,0.0148,,,,,,,0.1150,
node_1_wind_at_Lat_36.500_Lon_-109.375,fixed_generator,,node_1,Wind_time_series_by_year/Wind_time_series_2016_at_Lat_36.500_Lon_-109.375.csv,,,0.0160,,,,,,,0.0230,
node_1_solar_at_Lat_36.500_Lon_-108.750,fixed_generator,,node_1,Solar_time_series_by_year/Solar_time_series_2016_at_Lat_36.500_Lon_-108.750.csv,,,0.0148,,,,,,,0.1150,
node_1_wind_at_Lat_36.500_Lon_-108.750,fixed_generator,,node_1,Wind_time_series_by_year/Wind_time_series_2016_at_Lat_36.500_Lon_-108.750.csv,,,0.0160,,,,,,,0.0230,
node_1_solar_at_Lat_36.500_Lon_-108.125,fixed_generator,,node_1,Solar_time_series_by_year/Solar_time_series_2016_at_Lat_36.500_Lon_-108.125.csv,,,0.0148,,,,,,,0.1150,
node_1_wind_at_Lat_36.500_Lon_-108.125,fixed_generator,,node_1,Wind_time_series_by_year/Wind_time_series_2016_at_Lat_36.500_Lon_-108.125.csv,,,0.0160,,,,,,,0.0230,
node_1_solar_at_Lat_36.500_Lon_-107.500,fixed_generator,,node_1,Solar_time_series_by_year/Solar_time_series_2016_at_Lat_36.500_Lon_-107.500.csv,,,0.0148,,,,,,,0.1150,
node_1_wind_at_Lat_36.500_Lon_-107.500,fixed_generator,,node_1,Wind_time_series_by_year/Wind_time_series_2016_at_Lat_36.500_Lon_-107.500.csv,,,0.0160,,,,,,,0.0230,
node_1_solar_at_Lat_36.500_Lon_-106.875,fixed_generator,,node_1,Solar_time_series_by_year/Solar_time_series_2016_at_Lat_36.500_Lon_-106.875.csv,,,0.0148,,,,,,,0.1150,
node_1_wind_at_Lat_36.500_Lon_-106.875,fixed_generator,,node_1,Wind_time_series_by_year/Wind_time_series_2016_at_Lat_36.500_Lon_-106.875.csv,,,0.0160,,,,,,,0.0230,
node_1_solar_at_Lat_36.500_Lon_-106.250,fixed_generator,,node_1,Solar_time_series_by_year/Solar_time_series_2016_at_Lat_36.500_Lon_-106.250.csv,,,0.0148,,,,,,,0.1150,
node_1_wind_at_Lat_36.500_Lon_-106.250,fixed_generator,,node_1,Wind_time_series_by_year/Wind_time_series_2016_at_Lat_36.500_Lon_-106.250.csv,,,0.0160,,,,,,,0.0230,
node_1_solar_at_Lat_36.500_Lon_-105.625,fixed_generator,,node_1,Solar_time_series_by_year/Solar_time_series_2016_at_Lat_36.500_Lon_-105.625.csv,,,0.0148,,,,,,,0.1150,
node_1_wind_at_Lat_36.500_Lon_-105.625,fixed_generator,,node_1,Wind_time_series_by_year/Wind_time_series_2016_at_Lat_36.500_Lon_-105.625.csv,,,0.0160,,,,,,,0.0230,
node_1_solar_at_Lat_36.500_Lon_-105.000,fixed_generator,,node_1,Solar_time_series_by_year/Solar_time_series_2016_at_Lat_36.500_Lon_-105.000.csv,,,0.0148,,,,,,,0.1150,
node_1_wind_at_Lat_36.500_Lon_-105.000,fixed_generator,,node_1,Wind_time_series_by_year/Wind_time_series_2016_at_Lat_36.500_Lon_-105.000.csv,,,0.0160,,,,,,,0.0230,
node_1_solar_at_Lat_36.500_Lon_-104.375,fixed_generator,,node_1,Solar_time_series_by_year/Solar_time_series_2016_at_Lat_36.500_Lon_-104.375.csv,,,0.0148,,,,,,,0.1150,
node_1_wind_at_Lat_36.500_Lon_-104.375,fixed_generator,,node_1,Wind_time_series_by_year/Wind_time_series_2016_at_Lat_36.500_Lon_-104.375.csv,,,0.0160,,,,,,,0.0230,
node_1_solar_at_Lat_36.500_Lon_-103.750,fixed_generator,,node_1,Solar_time_series_by_year/Solar_time_series_2016_at_Lat_36.500_Lon_-103.750.csv,,,0.0148,,,,,,,0.1150,
node_1_wind_at_Lat_36.500_Lon_-103.750,fixed_generator,,node_1,Wind_time_series_by_year/Wind_time_series_2016_at_Lat_36.500_Lon_-103.750.csv,,,0.0160,,,,,,,0.0230,
node_1_solar_at_Lat_36.500_Lon_-103.125,fixed_generator,,node_1,Solar_time_series_by_year/Solar_time_series_2016_at_Lat_36.500_Lon_-103.125.csv,,,0.0148,,,,,,,0.1150,
node_1_wind_at_Lat_36.500_Lon_-103.125,fixed_generator,,node_1,Wind_time_series_by_year/Wind_time_series_2016_at_Lat_36.500_Lon_-103.125.csv,,,0.0160,,,,,,,0.0230,
node_1_solar_at_Lat_36.500_Lon_-102.500,fixed_generator,,node_1,Solar_time_series_by_year/Solar_time_series_2016_at_Lat_36.500_Lon_-102.500.csv,,,0.0148,,,,,,,0.1150,
node_1_wind_at_Lat_36.500_Lon_-102.500,fixed_generator,,node_1,Wind_time_series_by_year/Wind_time_series_2016_at_Lat_36.500_Lon_-102.500.csv,,,0.0160,,,,,,,0.0230,
node_1_solar_at_Lat_36.500_Lon_-101.875,fixed_generator,,node_1,Solar_time_series_by_year/Solar_time_series_2016_at_Lat_36.500_Lon_-101.875.csv,,,0.0148,,,,,,,0.1150,
node_1_wind_at_Lat_36.500_Lon_-101.875,fixed_generator,,node_1,Wind_time_series_by_year/Wind_time_series_2016_at_Lat_36.500_Lon_-101.875.csv,,,0.0160,,,,,,,0.0230,
node_1_solar_at_Lat_36.500_Lon_-101.250,fixed_generator,,node_1,Solar_time_series_by_year/Solar_time_series_2016_at_Lat_36.500_Lon_-101.250.csv,,,0.0148,,,,,,,0.1150,
node_1_wind_at_Lat_36.500_Lon_-101.250,fixed_generator,,node_1,Wind_time_series_by_year/Wind_time_series_2016_at_Lat_36.500_Lon_-101.250.csv,,,0.0160,,,,,,,0.0230,
node_1_solar_at_Lat_36.500_Lon_-100.625,fixed_generator,,node_1,Solar_time_series_by_year/Solar_time_series_2016_at_Lat_36.500_Lon_-100.625.csv,,,0.0148,,,,,,,0.1150,
node_1_wind_at_Lat_36.500_Lon_-100.625,fixed_generator,,node_1,Wind_time_series_by_year/Wind_time_series_2016_at_Lat_36.500_Lon_-100.625.csv,,,0.0160,,,,,,,0.0230,
node_1_solar_at_Lat_36.500_Lon_-100.000,fixed_generator,,node_1,Solar_time_series_by_year/Solar_time_series_2016_at_Lat_36.500_Lon_-100.000.csv,,,0.0148,,,,,,,0.1150,
node_1_wind_at_Lat_36.500_Lon_-100.000,fixed_generator,,node_1,Wind_time_series_by_year/Wind_time_series_2016_at_Lat_36.500_Lon_-100.000.csv,,,0.0160,,,,,,,0.0230,
node_1_solar_at_Lat_36.500_Lon_-99.375,fixed_generator,,node_1,Solar_time_series_by_year/Solar_time_series_2016_at_Lat_36.500_Lon_-99.375.csv,,,0.0148,,,,,,,0.1150,
node_1_wind_at_Lat_36.500_Lon_-99.375,fixed_generator,,node_1,Wind_time_series_by_year/Wind_time_series_2016_at_Lat_36.500_Lon_-99.375.csv,,,0.0160,,,,,,,0.0230,
node_1_solar_at_Lat_36.500_Lon_-98.750,fixed_generator,,node_1,Solar_time_series_by_year/Solar_time_series_2016_at_Lat_36.500_Lon_-98.750.csv,,,0.0148,,,,,,,0.1150,
node_1_wind_at_Lat_36.500_Lon_-98.750,fixed_generator,,node_1,Wind_time_series_by_year/Wind_time_series_2016_at_Lat_36.500_Lon_-98.750.csv,,,0.0160,,,,,,,0.0230,
node_1_solar_at_Lat_36.500_Lon_-98.125,fixed_generator,,node_1,Solar_time_series_by_year/Solar_time_series_2016_at_Lat_36.500_Lon_-98.125.csv,,,0.0148,,,,,,,0.1150,
node_1_wind_at_Lat_36.500_Lon_-98.125,fixed_generator,,node_1,Wind_time_series_by_year/Wind_time_series_2016_at_Lat_36.500_Lon_-98.125.csv,,,0.0160,,,,,,,0.0230,
node_1_solar_at_Lat_36.500_Lon_-97.500,fixed_generator,,node_1,Solar_time_series_by_year/Solar_time_series_2016_at_Lat_36.500_Lon_-97.500.csv,,,0.0148,,,,,,,0.1150,
node_1_wind_at_Lat_36.500_Lon_-97.500,fixed_generator,,node_1,Wind_time_series_by_year/Wind_time_series_2016_at_Lat_36.500_Lon_-97.500.csv,,,0.0160,,,,,,,0.0230,
node_1_solar_at_Lat_36.500_Lon_-96.875,fixed_generator,,node_1,Solar_time_series_by_year/Solar_time_series_2016_at_Lat_36.500_Lon_-96.875.csv,,,0.0148,,,,,,,0.1150,
node_1_wind_at_Lat_36.500_Lon_-96.875,fixed_generator,,node_1,Wind_time_series_by_year/Wind_time_series_2016_at_Lat_36.500_Lon_-96.875.csv,,,0.0160,,,,,,,0.0230,
node_1_solar_at_Lat_36.500_Lon_-96.250,fixed_generator,,node_1,Solar_time_series_by_year/Solar_time_series_2016_at_Lat_36.500_Lon_-96.250.csv,,,0.0148,,,,,,,0.1150,
node_1_wind_at_Lat_36.500_Lon_-96.250,fixed_generator,,node_1,Wind_time_series_by_year/Wind_time_series_2016_at_Lat_36.500_Lon_-96.250.csv,,,0.0160,,,,,,,0.0230,
node_1_solar_at_Lat_36.500_Lon_-95.625,fixed_generator,,node_1,Solar_time_series_by_year/Solar_time_series_2016_at_Lat_36.500_Lon_-95.625.csv,,,0.0148,,,,,,,0.1150,
node_1_wind_at_Lat_36.500_Lon_-95.625,fixed_generator,,node_1,Wind_time_series_by_year/Wind_time_series_2016_at_Lat_36.500_Lon_-95.625.csv,,,0.0160,,,,,,,0.0230,
node_1_solar_at_Lat_36.500_Lon_-95.000,fixed_generator,,node_1,Solar_time_series_by_year/Solar_time_series_2016_at_Lat_36.500_Lon_-95.000.csv,,,0.0148,,,,,,,0.1150,
node_1_wind_at_Lat_36.500_Lon_-95.000,fixed_generator,,node_1,Wind_time_series_by_year/Wind_time_series_2016_at_Lat_36.500_Lon_-95.000.csv,,,0.0160,,,,,,,0.0230,
node_1_solar_at_Lat_36.500_Lon_-94.375,fixed_generator,,node_1,Solar_time_series_by_year/Solar_time_series_2016_at_Lat_36.500_Lon_-94.375.csv,,,0.0148,,,,,,,0.1150,
node_1_wind_at_Lat_36.500_Lon_-94.375,fixed_generator,,node_1,Wind_time_series_by_year/Wind_time_series_2016_at_Lat_36.500_Lon_-94.375.csv,,,0.0160,,,,,,,0.0230,
node_1_solar_at_Lat_36.500_Lon_-93.750,fixed_generator,,node_1,Solar_time_series_by_year/Solar_time_series_2016_at_Lat_36.500_Lon_-93.750.csv,,,0.0148,,,,,,,0.1150,
node_1_wind_at_Lat_36.500_Lon_-93.750,fixed_generator,,node_1,Wind_time_series_by_year/Wind_time_series_2016_at_Lat_36.500_Lon_-93.750.csv,,,0.0160,,,,,,,0.0230,
node_1_solar_at_Lat_36.500_Lon_-93.125,fixed_generator,,node_1,Solar_time_series_by_year/Solar_time_series_2016_at_Lat_36.500_Lon_-93.125.csv,,,0.0148,,,,,,,0.1150,
node_1_wind_at_Lat_36.500_Lon_-93.125,fixed_generator,,node_1,Wind_time_series_by_year/Wind_time_series_2016_at_Lat_36.500_Lon_-93.125.csv,,,0.0160,,,,,,,0.0230,
node_1_solar_at_Lat_36.500_Lon_-92.500,fixed_generator,,node_1,Solar_time_series_by_year/Solar_time_series_2016_at_Lat_36.500_Lon_-92.500.csv,,,0.0148,,,,,,,0.1150,
node_1_wind_at_Lat_36.500_Lon_-92.500,fixed_generator,,node_1,Wind_time_series_by_year/Wind_time_series_2016_at_Lat_36.500_Lon_-92.500.csv,,,0.0160,,,,,,,0.0230,
node_1_solar_at_Lat_36.500_Lon_-91.875,fixed_generator,,node_1,Solar_time_series_by_year/Solar_time_series_2016_at_Lat_36.500_Lon_-91.875.csv,,,0.0148,,,,,,,0.1150,
node_1_wind_at_Lat_36.500_Lon_-91.875,fixed_generator,,node_1,Wind_time_series_by_year/Wind_time_series_2016_at_Lat_36.500_Lon_-91.875.csv,,,0.0160,,,,,,,0.0230,
node_1_solar_at_Lat_36.500_Lon_-91.250,fixed_generator,,node_1,Solar_time_series_by_year/Solar_time_series_2016_at_Lat_36.500_Lon_-91.250.csv,,,0.0148,,,,,,,0.1150,
node_1_wind_at_Lat_36.500_Lon_-91.250,fixed_generator,,node_1,Wind_time_series_by_year/Wind_time_series_2016_at_Lat_36.500_Lon_-91.250.csv,,,0.0160,,,,,,,0.0230,
node_1_solar_at_Lat_36.500_Lon_-90.625,fixed_generator,,node_1,Solar_time_series_by_year/Solar_time_series_2016_at_Lat_36.500_Lon_-90.625.csv,,,0.0148,,,,,,,0.1150,
node_1_wind_at_Lat_36.500_Lon_-90.625,fixed_generator,,node_1,Wind_time_series_by_year/Wind_time_series_2016_at_Lat_36.500_Lon_-90.625.csv,,,0.0160,,,,,,,0.0230,
node_1_solar_at_Lat_36.500_Lon_-90.000,fixed_generator,,node_1,Solar_time_series_by_year/Solar_time_series_2016_at_Lat_36.500_Lon_-90.000.csv,,,0.0148,,,,,,,0.1150,
node_1_wind_at_Lat_36.500_Lon_-90.000,fixed_generator,,node_1,Wind_time_series_by_year/Wind_time_series_2016_at_Lat_36.500_Lon_-90.000.csv,,,0.0160,,,,,,,0.0230,
node_1_solar_at_Lat_36.500_Lon_-89.375,fixed_generator,,node_1,Solar_time_series_by_year/Solar_time_series_2016_at_Lat_36.500_Lon_-89.375.csv,,,0.0148,,,,,,,0.1150,
node_1_wind_at_Lat_36.500_Lon_-89.375,fixed_generator,,node_1,Wind_time_series_by_year/Wind_time_series_2016_at_Lat_36.500_Lon_-89.375.csv,,,0.0160,,,,,,,0.0230,
node_1_solar_at_Lat_36.500_Lon_-88.750,fixed_generator,,node_1,Solar_time_series_by_year/Solar_time_series_2016_at_Lat_36.500_Lon_-88.750.csv,,,0.0148,,,,,,,0.1150,
node_1_wind_at_Lat_36.500_Lon_-88.750,fixed_generator,,node_1,Wind_time_series_by_year/Wind_time_series_2016_at_Lat_36.500_Lon_-88.750.csv,,,0.0160,,,,,,,0.0230,
node_1_solar_at_Lat_36.500_Lon_-88.125,fixed_generator,,node_1,Solar_time_series_by_year/Solar_time_series_2016_at_Lat_36.500_Lon_-88.125.csv,,,0.0148,,,,,,,0.1150,
node_1_wind_at_Lat_36.500_Lon_-88.125,fixed_generator,,node_1,Wind_time_series_by_year/Wind_time_series_2016_at_Lat_36.500_Lon_-88.125.csv,,,0.0160,,,,,,,0.0230,
node_1_solar_at_Lat_36.500_Lon_-87.500,fixed_generator,,node_1,Solar_time_series_by_year/Solar_time_series_2016_at_Lat_36.500_Lon_-87.500.csv,,,0.0148,,,,,,,0.1150,
node_1_wind_at_Lat_36.500_Lon_-87.500,fixed_generator,,node_1,Wind_time_series_by_year/Wind_time_series_2016_at_Lat_36.500_Lon_-87.500.csv,,,0.0160,,,,,,,0.0230,
node_1_solar_at_Lat_36.500_Lon_-86.875,fixed_generator,,node_1,Solar_time_series_by_year/Solar_time_series_2016_at_Lat_36.500_Lon_-86.875.csv,,,0.0148,,,,,,,0.1150,
node_1_wind_at_Lat_36.500_Lon_-86.875,fixed_generator,,node_1,Wind_time_series_by_year/Wind_time_series_2016_at_Lat_36.500_Lon_-86.875.csv,,,0.0160,,,,,,,0.0230,
node_1_solar_at_Lat_36.500_Lon_-86.250,fixed_generator,,node_1,Solar_time_series_by_year/Solar_time_series_2016_at_Lat_36.500_Lon_-86.250.csv,,,0.0148,,,,,,,0.1150,
node_1_wind_at_Lat_36.500_Lon_-86.250,fixed_generator,,node_1,Wind_time_series_by_year/Wind_time_series_2016_at_Lat_36.500_Lon_-86.250.csv,,,0.0160,,,,,,,0.0230,
node_1_solar_at_Lat_36.500_Lon_-85.625,fixed_generator,,node_1,Solar_time_series_by_year/Solar_time_series_2016_at_Lat_36.500_Lon_-85.625.csv,,,0.0148,,,,,,,0.1150,
node_1_wind_at_Lat_36.500_Lon_-85.625,fixed_generator,,node_1,Wind_time_series_by_year/Wind_time_series_2016_at_Lat_36.500_Lon_-85.625.csv,,,0.0160,,,,,,,0.0230,
node_1_solar_at_Lat_36.500_Lon_-85.000,fixed_generator,,node_1,Solar_time_series_by_year/Solar_time_series_2016_at_Lat_36.500_Lon_-85.000.csv,,,0.0148,,,,,,,0.1150,
node_1_wind_at_Lat_36.500_Lon_-85.000,fixed_generator,,node_1,Wind_time_series_by_year/Wind_time_series_2016_at_Lat_36.500_Lon_-85.000.csv,,,0.0160,,,,,,,0.0230,
node_1_solar_at_Lat_36.500_Lon_-84.375,fixed_generator,,node_1,Solar_time_series_by_year/Solar_time_series_2016_at_Lat_36.500_Lon_-84.375.csv,,,0.0148,,,,,,,0.1150,
node_1_wind_at_Lat_36.500_Lon_-84.375,fixed_generator,,node_1,Wind_time_series_by_year/Wind_time_series_2016_at_Lat_36.500_Lon_-84.375.csv,,,0.0160,,,,,,,0.0230,
node_1_solar_at_Lat_36.500_Lon_-83.750,fixed_generator,,node_1,Solar_time_series_by_year/Solar_time_series_2016_at_Lat_36.500_Lon_-83.750.csv,,,0.0148,,,,,,,0.1150,
node_1_wind_at_Lat_36.500_Lon_-83.750,fixed_generator,,node_1,Wind_time_series_by_year/Wind_time_series_2016_at_Lat_36.500_Lon_-83.750.csv,,,0.0160,,,,,,,0.0230,
node_1_solar_at_Lat_36.500_Lon_-83.125,fixed_generator,,node_1,Solar_time_series_by_year/Solar_time_series_2016_at_Lat_36.500_Lon_-83.125.csv,,,0.0148,,,,,,,0.1150,
node_1_wind_at_Lat_36.500_Lon_-83.125,fixed_generator,,node_1,Wind_time_series_by_year/Wind_time_series_2016_at_Lat_36.500_Lon_-83.125.csv,,,0.0160,,,,,,,0.0230,
node_1_solar_at_Lat_36.500_Lon_-82.500,fixed_generator,,node_1,Solar_time_series_by_year/Solar_time_series_2016_at_Lat_36.500_Lon_-82.500.csv,,,0.0148,,,,,,,0.1150,
node_1_wind_at_Lat_36.500_Lon_-82.500,fixed_generator,,node_1,Wind_time_series_by_year/Wind_time_series_2016_at_Lat_36.500_Lon_-82.500.csv,,,0.0160,,,,,,,0.0230,
node_1_solar_at_Lat_36.500_Lon_-81.875,fixed_generator,,node_1,Solar_time_series_by_year/Solar_time_series_2016_at_Lat_36.500_Lon_-81.875.csv,,,0.0148,,,,,,,0.1150,
node_1_wind_at_Lat_36.500_Lon_-81.875,fixed_generator,,node_1,Wind_time_series_by_year/Wind_time_series_2016_at_Lat_36.500_Lon_-81.875.csv,,,0.0160,,,,,,,0.0230,
node_1_solar_at_Lat_36.500_Lon_-81.250,fixed_generator,,node_1,Solar_time_series_by_year/Solar_time_series_2016_at_Lat_36.500_Lon_-81.250.csv,,,0.0148,,,,,,,0.1150,
node_1_wind_at_Lat_36.500_Lon_-81.250,fixed_generator,,node_1,Wind_time_series_by_year/Wind_time_series_2016_at_Lat_36.500_Lon_-81.250.csv,,,0.0160,,,,,,,0.0230,
node_1_solar_at_Lat_36.500_Lon_-80.625,fixed_generator,,node_1,Solar_time_series_by_year/Solar_time_series_2016_at_Lat_36.500_Lon_-80.625.csv,,,0.0148,,,,,,,0.1150,
node_1_wind_at_Lat_36.500_Lon_-80.625,fixed_generator,,node_1,Wind_time_series_by_year/Wind_time_series_2016_at_Lat_36.500_Lon_-80.625.csv,,,0.0160,,,,,,,0.0230,
node_1_solar_at_Lat_36.500_Lon_-80.000,fixed_generator,,node_1,Solar_time_series_by_year/Solar_time_series_2016_at_Lat_36.500_Lon_-80.000.csv,,,0.0148,,,,,,,0.1150,
node_1_wind_at_Lat_36.500_Lon_-80.000,fixed_generator,,node_1,Wind_time_series_by_year/Wind_time_series_2016_at_Lat_36.500_Lon_-80.000.csv,,,0.0160,,,,,,,0.0230,
node_1_solar_at_Lat_36.500_Lon_-79.375,fixed_generator,,node_1,Solar_time_series_by_year/Solar_time_series_2016_at_Lat_36.500_Lon_-79.375.csv,,,0.0148,,,,,,,0.1150,
node_1_wind_at_Lat_36.500_Lon_-79.375,fixed_generator,,node_1,Wind_time_series_by_year/Wind_time_series_2016_at_Lat_36.500_Lon_-79.375.csv,,,0.0160,,,,,,,0.0230,
node_1_solar_at_Lat_36.500_Lon_-78.750,fixed_generator,,node_1,Solar_time_series_by_year/Solar_time_series_2016_at_Lat_36.500_Lon_-78.750.csv,,,0.0148,,,,,,,0.1150,
node_1_wind_at_Lat_36.500_Lon_-78.750,fixed_generator,,node_1,Wind_time_series_by_year/Wind_time_series_2016_at_Lat_36.500_Lon_-78.750.csv,,,0.0160,,,,,,,0.0230,
node_1_solar_at_Lat_36.500_Lon_-78.125,fixed_generator,,node_1,Solar_time_series_by_year/Solar_time_series_2016_at_Lat_36.500_Lon_-78.125.csv,,,0.0148,,,,,,,0.1150,
node_1_wind_at_Lat_36.500_Lon_-78.125,fixed_generator,,node_1,Wind_time_series_by_year/Wind_time_series_2016_at_Lat_36.500_Lon_-78.125.csv,,,0.0160,,,,,,,0.0230,
node_1_solar_at_Lat_36.500_Lon_-77.500,fixed_generator,,node_1,Solar_time_series_by_year/Solar_time_series_2016_at_Lat_36.500_Lon_-77.500.csv,,,0.0148,,,,,,,0.1150,
node_1_wind_at_Lat_36.500_Lon_-77.500,fixed_generator,,node_1,Wind_time_series_by_year/Wind_time_series_2016_at_Lat_36.500_Lon_-77.500.csv,,,0.0160,,,,,,,0.0230,
node_1_solar_at_Lat_36.500_Lon_-76.875,fixed_generator,,node_1,Solar_time_series_by_year/Solar_time_series_2016_at_Lat_36.500_Lon_-76.875.csv,,,0.0148,,,,,,,0.1150,
node_1_wind_at_Lat_36.500_Lon_-76.875,fixed_generator,,node_1,Wind_time_series_by_year/Wind_time_series_2016_at_Lat_36.500_Lon_-76.875.csv,,,0.0160,,,,,,,0.0230,
node_1_solar_at_Lat_36.500_Lon_-76.250,fixed_generator,,node_1,Solar_time_series_by_year/Solar_time_series_2016_at_Lat_36.500_Lon_-76.250.csv,,,0.0148,,,,,,,0.1150,
node_1_wind_at_Lat_36.500_Lon_-76.250,fixed_generator,,node_1,Wind_time_series_by_year/Wind_time_series_2016_at_Lat_36.500_Lon_-76.250.csv,,,0.0160,,,,,,,0.0230,
node_1_solar_at_Lat_37.000_Lon_-121.875,fixed_generator,,node_1,Solar_time_series_by_year/Solar_time_series_2016_at_Lat_37.000_Lon_-121.875.csv,,,0.0148,,,,,,,0.1143,
node_1_wind_at_Lat_37.000_Lon_-121.875,fixed_generator,,node_1,Wind_time_series_by_year/Wind_time_series_2016_at_Lat_37.000_Lon_-121.875.csv,,,0.0160,,,,,,,0.0229,
node_1_solar_at_Lat_37.000_Lon_-121.250,fixed_generator,,node_1,Solar_time_series_by_year/Solar_time_series_2016_at_Lat_37.000_Lon_-121.250.csv,,,0.0148,,,,,,,0.1143,
node_1_wind_at_Lat_37.000_Lon_-121.250,fixed_generator,,node_1,Wind_time_series_by_year/Wind_time_series_2016_at_Lat_37.000_Lon_-121.250.csv,,,0.0160,,,,,,,0.0229,
node_1_solar_at_Lat_37.000_Lon_-120.625,fixed_generator,,node_1,Solar_time_series_by_year/Solar_time_series_2016_at_Lat_37.000_Lon_-120.625.csv,,,0.0148,,,,,,,0.1143,
node_1_wind_at_Lat_37.000_Lon_-120.625,fixed_generator,,node_1,Wind_time_series_by_year/Wind_time_series_2016_at_Lat_37.000_Lon_-120.625.csv,,,0.0160,,,,,,,0.0229,
node_1_solar_at_Lat_37.000_Lon_-120.000,fixed_generator,,node_1,Solar_time_series_by_year/Solar_time_series_2016_at_Lat_37.000_Lon_-120.000.csv,,,0.0148,,,,,,,0.1143,
node_1_wind_at_Lat_37.000_Lon_-120.000,fixed_generator,,node_1,Wind_time_series_by_year/Wind_time_series_2016_at_Lat_37.000_Lon_-120.000.csv,,,0.0160,,,,,,,0.0229,
node_1_solar_at_Lat_37.000_Lon_-119.375,fixed_generator,,node_1,Solar_time_series_by_year/Solar_time_series_2016_at_Lat_37.000_Lon_-119.375.csv,,,0.0148,,,,,,,0.1143,
node_1_wind_at_Lat_37.000_Lon_-119.375,fixed_generator,,node_1,Wind_time_series_by_year/Wind_time_series_2016_at_Lat_37.000_Lon_-119.375.csv,,,0.0160,,,,,,,0.0229,
node_1_solar_at_Lat_37.000_Lon_-118.750,fixed_generator,,node_1,Solar_time_series_by_year/Solar_time_series_2016_at_Lat_37.000_Lon_-118.750.csv,,,0.0148,,,,,,,0.1143,
node_1_wind_at_Lat_37.000_Lon_-118.750,fixed_generator,,node_1,Wind_time_series_by_year/Wind_time_series_2016_at_Lat_37.000_Lon_-118.750.csv,,,0.0160,,,,,,,0.0229,
node_1_solar_at_Lat_37.000_Lon_-118.125,fixed_generator,,node_1,Solar_time_series_by_year/Solar_time_series_2016_at_Lat_37.000_Lon_-118.125.csv,,,0.0148,,,,,,,0.1143,
node_1_wind_at_Lat_37.000_Lon_-118.125,fixed_generator,,node_1,Wind_time_series_by_year/Wind_time_series_2016_at_Lat_37.000_Lon_-118.125.csv,,,0.0160,,,,,,,0.0229,
node_1_solar_at_Lat_37.000_Lon_-117.500,fixed_generator,,node_1,Solar_time_series_by_year/Solar_time_series_2016_at_Lat_37.000_Lon_-117.500.csv,,,0.0148,,,,,,,0.1143,
node_1_wind_at_Lat_37.000_Lon_-117.500,fixed_generator,,node_1,Wind_time_series_by_year/Wind_time_series_2016_at_Lat_37.000_Lon_-117.500.csv,,,0.0160,,,,,,,0.0229,
node_1_solar_at_Lat_37.000_Lon_-116.875,fixed_generator,,node_1,Solar_time_series_by_year/Solar_time_series_2016_at_Lat_37.000_Lon_-116.875.csv,,,0.0148,,,,,,,0.1143,
node_1_wind_at_Lat_37.000_Lon_-116.875,fixed_generator,,node_1,Wind_time_series_by_year/Wind_time_series_2016_at_Lat_37.000_Lon_-116.875.csv,,,0.0160,,,,,,,0.0229,
node_1_solar_at_Lat_37.000_Lon_-116.250,fixed_generator,,node_1,Solar_time_series_by_year/Solar_time_series_2016_at_Lat_37.000_Lon_-116.250.csv,,,0.0148,,,,,,,0.1143,
node_1_wind_at_Lat_37.000_Lon_-116.250,fixed_generator,,node_1,Wind_time_series_by_year/Wind_time_series_2016_at_Lat_37.000_Lon_-116.250.csv,,,0.0160,,,,,,,0.0229,
node_1_solar_at_Lat_37.000_Lon_-115.625,fixed_generator,,node_1,Solar_time_series_by_year/Solar_time_series_2016_at_Lat_37.000_Lon_-115.625.csv,,,0.0148,,,,,,,0.1143,
node_1_wind_at_Lat_37.000_Lon_-115.625,fixed_generator,,node_1,Wind_time_series_by_year/Wind_time_series_2016_at_Lat_37.000_Lon_-115.625.csv,,,0.0160,,,,,,,0.0229,
node_1_solar_at_Lat_37.000_Lon_-115.000,fixed_generator,,node_1,Solar_time_series_by_year/Solar_time_series_2016_at_Lat_37.000_Lon_-115.000.csv,,,0.0148,,,,,,,0.1143,
node_1_wind_at_Lat_37.000_Lon_-115.000,fixed_generator,,node_1,Wind_time_series_by_year/Wind_time_series_2016_at_Lat_37.000_Lon_-115.000.csv,,,0.0160,,,,,,,0.0229,
node_1_solar_at_Lat_37.000_Lon_-114.375,fixed_generator,,node_1,Solar_time_series_by_year/Solar_time_series_2016_at_Lat_37.000_Lon_-114.375.csv,,,0.0148,,,,,,,0.1143,
node_1_wind_at_Lat_37.000_Lon_-114.375,fixed_generator,,node_1,Wind_time_series_by_year/Wind_time_series_2016_at_Lat_37.000_Lon_-114.375.csv,,,0.0160,,,,,,,0.0229,
node_1_solar_at_Lat_37.000_Lon_-113.750,fixed_generator,,node_1,Solar_time_series_by_year/Solar_time_series_2016_at_Lat_37.000_Lon_-113.750.csv,,,0.0148,,,,,,,0.1143,
node_1_wind_at_Lat_37.000_Lon_-113.750,fixed_generator,,node_1,Wind_time_series_by_year/Wind_time_series_2016_at_Lat_37.000_Lon_-113.750.csv,,,0.0160,,,,,,,0.0229,
node_1_solar_at_Lat_37.000_Lon_-113.125,fixed_generator,,node_1,Solar_time_series_by_year/Solar_time_series_2016_at_Lat_37.000_Lon_-113.125.csv,,,0.0148,,,,,,,0.1143,
node_1_wind_at_Lat_37.000_Lon_-113.125,fixed_generator,,node_1,Wind_time_series_by_year/Wind_time_series_2016_at_Lat_37.000_Lon_-113.125.csv,,,0.0160,,,,,,,0.0229,
node_1_solar_at_Lat_37.000_Lon_-112.500,fixed_generator,,node_1,Solar_time_series_by_year/Solar_time_series_2016_at_Lat_37.000_Lon_-112.500.csv,,,0.0148,,,,,,,0.1143,
node_1_wind_at_Lat_37.000_Lon_-112.500,fixed_generator,,node_1,Wind_time_series_by_year/Wind_time_series_2016_at_Lat_37.000_Lon_-112.500.csv,,,0.0160,,,,,,,0.0229,
node_1_solar_at_Lat_37.000_Lon_-111.875,fixed_generator,,node_1,Solar_time_series_by_year/Solar_time_series_2016_at_Lat_37.000_Lon_-111.875.csv,,,0.0148,,,,,,,0.1143,
node_1_wind_at_Lat_37.000_Lon_-111.875,fixed_generator,,node_1,Wind_time_series_by_year/Wind_time_series_2016_at_Lat_37.000_Lon_-111.875.csv,,,0.0160,,,,,,,0.0229,
node_1_solar_at_Lat_37.000_Lon_-111.250,fixed_generator,,node_1,Solar_time_series_by_year/Solar_time_series_2016_at_Lat_37.000_Lon_-111.250.csv,,,0.0148,,,,,,,0.1143,
node_1_wind_at_Lat_37.000_Lon_-111.250,fixed_generator,,node_1,Wind_time_series_by_year/Wind_time_series_2016_at_Lat_37.000_Lon_-111.250.csv,,,0.0160,,,,,,,0.0229,
node_1_solar_at_Lat_37.000_Lon_-110.625,fixed_generator,,node_1,Solar_time_series_by_year/Solar_time_series_2016_at_Lat_37.000_Lon_-110.625.csv,,,0.0148,,,,,,,0.1143,
node_1_wind_at_Lat_37.000_Lon_-110.625,fixed_generator,,node_1,Wind_time_series_by_year/Wind_time_series_2016_at_Lat_37.000_Lon_-110.625.csv,,,0.0160,,,,,,,0.0229,
node_1_solar_at_Lat_37.000_Lon_-110.000,fixed_generator,,node_1,Solar_time_series_by_year/Solar_time_series_2016_at_Lat_37.000_Lon_-110.000.csv,,,0.0148,,,,,,,0.1143,
node_1_wind_at_Lat_37.000_Lon_-110.000,fixed_generator,,node_1,Wind_time_series_by_year/Wind_time_series_2016_at_Lat_37.000_Lon_-110.000.csv,,,0.0160,,,,,,,0.0229,
node_1_solar_at_Lat_37.000_Lon_-109.375,fixed_generator,,node_1,Solar_time_series_by_year/Solar_time_series_2016_at_Lat_37.000_Lon_-109.375.csv,,,0.0148,,,,,,,0.1143,
node_1_wind_at_Lat_37.000_Lon_-109.375,fixed_generator,,node_1,Wind_time_series_by_year/Wind_time_series_2016_at_Lat_37.000_Lon_-109.375.csv,,,0.0160,,,,,,,0.0229,
node_1_solar_at_Lat_37.000_Lon_-108.750,fixed_generator,,node_1,Solar_time_series_by_year/Solar_time_series_2016_at_Lat_37.000_Lon_-108.750.csv,,,0.0148,,,,,,,0.1143,
node_1_wind_at_Lat_37.000_Lon_-108.750,fixed_generator,,node_1,Wind_time_series_by_year/Wind_time_series_2016_at_Lat_37.000_Lon_-108.750.csv,,,0.0160,,,,,,,0.0229,
node_1_solar_at_Lat_37.000_Lon_-108.125,fixed_generator,,node_1,Solar_time_series_by_year/Solar_time_series_2016_at_Lat_37.000_Lon_-108.125.csv,,,0.0148,,,,,,,0.1143,
node_1_wind_at_Lat_37.000_Lon_-108.125,fixed_generator,,node_1,Wind_time_series_by_year/Wind_time_series_2016_at_Lat_37.000_Lon_-108.125.csv,,,0.0160,,,,,,,0.0229,
node_1_solar_at_Lat_37.000_Lon_-107.500,fixed_generator,,node_1,Solar_time_series_by_year/Solar_time_series_2016_at_Lat_37.000_Lon_-107.500.csv,,,0.0148,,,,,,,0.1143,
node_1_wind_at_Lat_37.000_Lon_-107.500,fixed_generator,,node_1,Wind_time_series_by_year/Wind_time_series_2016_at_Lat_37.000_Lon_-107.500.csv,,,0.0160,,,,,,,0.0229,
node_1_solar_at_Lat_37.000_Lon_-106.875,fixed_generator,,node_1,Solar_time_series_by_year/Solar_time_series_2016_at_Lat_37.000_Lon_-106.875.csv,,,0.0148,,,,,,,0.1143,
node_1_wind_at_Lat_37.000_Lon_-106.875,fixed_generator,,node_1,Wind_time_series_by_year/Wind_time_series_2016_at_Lat_37.000_Lon_-106.875.csv,,,0.0160,,,,,,,0.0229,
node_1_solar_at_Lat_37.000_Lon_-106.250,fixed_generator,,node_1,Solar_time_series_by_year/Solar_time_series_2016_at_Lat_37.000_Lon_-106.250.csv,,,0.0148,,,,,,,0.1143,
node_1_wind_at_Lat_37.000_Lon_-106.250,fixed_generator,,node_1,Wind_time_series_by_year/Wind_time_series_2016_at_Lat_37.000_Lon_-106.250.csv,,,0.0160,,,,,,,0.0229,
node_1_solar_at_Lat_37.000_Lon_-105.625,fixed_generator,,node_1,Solar_time_series_by_year/Solar_time_series_2016_at_Lat_37.000_Lon_-105.625.csv,,,0.0148,,,,,,,0.1143,
node_1_wind_at_Lat_37.000_Lon_-105.625,fixed_generator,,node_1,Wind_time_series_by_year/Wind_time_series_2016_at_Lat_37.000_Lon_-105.625.csv,,,0.0160,,,,,,,0.0229,
node_1_solar_at_Lat_37.000_Lon_-105.000,fixed_generator,,node_1,Solar_time_series_by_year/Solar_time_series_2016_at_Lat_37.000_Lon_-105.000.csv,,,0.0148,,,,,,,0.1143,
node_1_wind_at_Lat_37.000_Lon_-105.000,fixed_generator,,node_1,Wind_time_series_by_year/Wind_time_series_2016_at_Lat_37.000_Lon_-105.000.csv,,,0.0160,,,,,,,0.0229,
node_1_solar_at_Lat_37.000_Lon_-104.375,fixed_generator,,node_1,Solar_time_series_by_year/Solar_time_series_2016_at_Lat_37.000_Lon_-104.375.csv,,,0.0148,,,,,,,0.1143,
node_1_wind_at_Lat_37.000_Lon_-104.375,fixed_generator,,node_1,Wind_time_series_by_year/Wind_time_series_2016_at_Lat_37.000_Lon_-104.375.csv,,,0.0160,,,,,,,0.0229,
node_1_solar_at_Lat_37.000_Lon_-103.750,fixed_generator,,node_1,Solar_time_series_by_year/Solar_time_series_2016_at_Lat_37.000_Lon_-103.750.csv,,,0.0148,,,,,,,0.1143,
node_1_wind_at_Lat_37.000_Lon_-103.750,fixed_generator,,node_1,Wind_time_series_by_year/Wind_time_series_2016_at_Lat_37.000_Lon_-103.750.csv,,,0.0160,,,,,,,0.0229,
node_1_solar_at_Lat_37.000_Lon_-103.125,fixed_generator,,node_1,Solar_time_series_by_year/Solar_time_series_2016_at_Lat_37.000_Lon_-103.125.csv,,,0.0148,,,,,,,0.1143,
node_1_wind_at_Lat_37.000_Lon_-103.125,fixed_generator,,node_1,Wind_time_series_by_year/Wind_time_series_2016_at_Lat_37.000_Lon_-103.125.csv,,,0.0160,,,,,,,0.0229,
node_1_solar_at_Lat_37.000_Lon_-102.500,fixed_generator,,node_1,Solar_time_series_by_year/Solar_time_series_2016_at_Lat_37.000_Lon_-102.500.csv,,,0.0148,,,,,,,0.1143,
node_1_wind_at_Lat_37.000_Lon_-102.500,fixed_generator,,node_1,Wind_time_series_by_year/Wind_time_series_2016_at_Lat_37.000_Lon_-102.500.csv,,,0.0160,,,,,,,0.0229,
node_1_solar_at_Lat_37.000_Lon_-101.875,fixed_generator,,node_1,Solar_time_series_by_year/Solar_time_series_2016_at_Lat_37.000_Lon_-101.875.csv,,,0.0148,,,,,,,0.1143,
node_1_wind_at_Lat_37.000_Lon_-101.875,fixed_generator,,node_1,Wind_time_series_by_year/Wind_time_series_2016_at_Lat_37.000_Lon_-101.875.csv,,,0.0160,,,,,,,0.0229,
node_1_solar_at_Lat_37.000_Lon_-101.250,fixed_generator,,node_1,Solar_time_series_by_year/Solar_time_series_2016_at_Lat_37.000_Lon_-101.250.csv,,,0.0148,,,,,,,0.1143,
node_1_wind_at_Lat_37.000_Lon_-101.250,fixed_generator,,node_1,Wind_time_series_by_year/Wind_time_series_2016_at_Lat_37.000_Lon_-101.250.csv,,,0.0160,,,,,,,0.0229,
node_1_solar_at_Lat_37.000_Lon_-100.625,fixed_generator,,node_1,Solar_time_series_by_year/Solar_time_series_2016_at_Lat_37.000_Lon_-100.625.csv,,,0.0148,,,,,,,0.1143,
node_1_wind_at_Lat_37.000_Lon_-100.625,fixed_generator,,node_1,Wind_time_series_by_year/Wind_time_series_2016_at_Lat_37.000_Lon_-100.625.csv,,,0.0160,,,,,,,0.0229,
node_1_solar_at_Lat_37.000_Lon_-100.000,fixed_generator,,node_1,Solar_time_series_by_year/Solar_time_series_2016_at_Lat_37.000_Lon_-100.000.csv,,,0.0148,,,,,,,0.1143,
node_1_wind_at_Lat_37.000_Lon_-100.000,fixed_generator,,node_1,Wind_time_series_by_year/Wind_time_series_2016_at_Lat_37.000_Lon_-100.000.csv,,,0.0160,,,,,,,0.0229,
node_1_solar_at_Lat_37.000_Lon_-99.375,fixed_generator,,node_1,Solar_time_series_by_year/Solar_time_series_2016_at_Lat_37.000_Lon_-99.375.csv,,,0.0148,,,,,,,0.1143,
node_1_wind_at_Lat_37.000_Lon_-99.375,fixed_generator,,node_1,Wind_time_series_by_year/Wind_time_series_2016_at_Lat_37.000_Lon_-99.375.csv,,,0.0160,,,,,,,0.0229,
node_1_solar_at_Lat_37.000_Lon_-98.750,fixed_generator,,node_1,Solar_time_series_by_year/Solar_time_series_2016_at_Lat_37.000_Lon_-98.750.csv,,,0.0148,,,,,,,0.1143,
node_1_wind_at_Lat_37.000_Lon_-98.750,fixed_generator,,node_1,Wind_time_series_by_year/Wind_time_series_2016_at_Lat_37.000_Lon_-98.750.csv,,,0.0160,,,,,,,0.0229,
node_1_solar_at_Lat_37.000_Lon_-98.125,fixed_generator,,node_1,Solar_time_series_by_year/Solar_time_series_2016_at_Lat_37.000_Lon_-98.125.csv,,,0.0148,,,,,,,0.1143,
node_1_wind_at_Lat_37.000_Lon_-98.125,fixed_generator,,node_1,Wind_time_series_by_year/Wind_time_series_2016_at_Lat_37.000_Lon_-98.125.csv,,,0.0160,,,,,,,0.0229,
node_1_solar_at_Lat_37.000_Lon_-97.500,fixed_generator,,node_1,Solar_time_series_by_year/Solar_time_series_2016_at_Lat_37.000_Lon_-97.500.csv,,,0.0148,,,,,,,0.1143,
node_1_wind_at_Lat_37.000_Lon_-97.500,fixed_generator,,node_1,Wind_time_series_by_year/Wind_time_series_2016_at_Lat_37.000_Lon_-97.500.csv,,,0.0160,,,,,,,0.0229,
node_1_solar_at_Lat_37.000_Lon_-96.875,fixed_generator,,node_1,Solar_time_series_by_year/Solar_time_series_2016_at_Lat_37.000_Lon_-96.875.csv,,,0.0148,,,,,,,0.1143,
node_1_wind_at_Lat_37.000_Lon_-96.875,fixed_generator,,node_1,Wind_time_series_by_year/Wind_time_series_2016_at_Lat_37.000_Lon_-96.875.csv,,,0.0160,,,,,,,0.0229,
node_1_solar_at_Lat_37.000_Lon_-96.250,fixed_generator,,node_1,Solar_time_series_by_year/Solar_time_series_2016_at_Lat_37.000_Lon_-96.250.csv,,,0.0148,,,,,,,0.1143,
node_1_wind_at_Lat_37.000_Lon_-96.250,fixed_generator,,node_1,Wind_time_series_by_year/Wind_time_series_2016_at_Lat_37.000_Lon_-96.250.csv,,,0.0160,,,,,,,0.0229,
node_1_solar_at_Lat_37.000_Lon_-95.625,fixed_generator,,node_1,Solar_time_series_by_year/Solar_time_series_2016_at_Lat_37.000_Lon_-95.625.csv,,,0.0148,,,,,,,0.1143,
node_1_wind_at_Lat_37.000_Lon_-95.625,fixed_generator,,node_1,Wind_time_series_by_year/Wind_time_series_2016_at_Lat_37.000_Lon_-95.625.csv,,,0.0160,,,,,,,0.0229,
node_1_solar_at_Lat_37.000_Lon_-95.000,fixed_generator,,node_1,Solar_time_series_by_year/Solar_time_series_2016_at_Lat_37.000_Lon_-95.000.csv,,,0.0148,,,,,,,0.1143,
node_1_wind_at_Lat_37.000_Lon_-95.000,fixed_generator,,node_1,Wind_time_series_by_year/Wind_time_series_2016_at_Lat_37.000_Lon_-95.000.csv,,,0.0160,,,,,,,0.0229,
node_1_solar_at_Lat_37.000_Lon_-94.375,fixed_generator,,node_1,Solar_time_series_by_year/Solar_time_series_2016_at_Lat_37.000_Lon_-94.375.csv,,,0.0148,,,,,,,0.1143,
node_1_wind_at_Lat_37.000_Lon_-94.375,fixed_generator,,node_1,Wind_time_series_by_year/Wind_time_series_2016_at_Lat_37.000_Lon_-94.375.csv,,,0.0160,,,,,,,0.0229,
node_1_solar_at_Lat_37.000_Lon_-93.750,fixed_generator,,node_1,Solar_time_series_by_year/Solar_time_series_2016_at_Lat_37.000_Lon_-93.750.csv,,,0.0148,,,,,,,0.1143,
node_1_wind_at_Lat_37.000_Lon_-93.750,fixed_generator,,node_1,Wind_time_series_by_year/Wind_time_series_2016_at_Lat_37.000_Lon_-93.750.csv,,,0.0160,,,,,,,0.0229,
node_1_solar_at_Lat_37.000_Lon_-93.125,fixed_generator,,node_1,Solar_time_series_by_year/Solar_time_series_2016_at_Lat_37.000_Lon_-93.125.csv,,,0.0148,,,,,,,0.1143,
node_1_wind_at_Lat_37.000_Lon_-93.125,fixed_generator,,node_1,Wind_time_series_by_year/Wind_time_series_2016_at_Lat_37.000_Lon_-93.125.csv,,,0.0160,,,,,,,0.0229,
node_1_solar_at_Lat_37.000_Lon_-92.500,fixed_generator,,node_1,Solar_time_series_by_year/Solar_time_series_2016_at_Lat_37.000_Lon_-92.500.csv,,,0.0148,,,,,,,0.1143,
node_1_wind_at_Lat_37.000_Lon_-92.500,fixed_generator,,node_1,Wind_time_series_by_year/Wind_time_series_2016_at_Lat_37.000_Lon_-92.500.csv,,,0.0160,,,,,,,0.0229,
node_1_solar_at_Lat_37.000_Lon_-91.875,fixed_generator,,node_1,Solar_time_series_by_year/Solar_time_series_2016_at_Lat_37.000_Lon_-91.875.csv,,,0.0148,,,,,,,0.1143,
node_1_wind_at_Lat_37.000_Lon_-91.875,fixed_generator,,node_1,Wind_time_series_by_year/Wind_time_series_2016_at_Lat_37.000_Lon_-91.875.csv,,,0.0160,,,,,,,0.0229,
node_1_solar_at_Lat_37.000_Lon_-91.250,fixed_generator,,node_1,Solar_time_series_by_year/Solar_time_series_2016_at_Lat_37.000_Lon_-91.250.csv,,,0.0148,,,,,,,0.1143,
node_1_wind_at_Lat_37.000_Lon_-91.250,fixed_generator,,node_1,Wind_time_series_by_year/Wind_time_series_2016_at_Lat_37.000_Lon_-91.250.csv,,,0.0160,,,,,,,0.0229,
node_1_solar_at_Lat_37.000_Lon_-90.625,fixed_generator,,node_1,Solar_time_series_by_year/Solar_time_series_2016_at_Lat_37.000_Lon_-90.625.csv,,,0.0148,,,,,,,0.1143,
node_1_wind_at_Lat_37.000_Lon_-90.625,fixed_generator,,node_1,Wind_time_series_by_year/Wind_time_series_2016_at_Lat_37.000_Lon_-90.625.csv,,,0.0160,,,,,,,0.0229,
node_1_solar_at_Lat_37.000_Lon_-90.000,fixed_generator,,node_1,Solar_time_series_by_year/Solar_time_series_2016_at_Lat_37.000_Lon_-90.000.csv,,,0.0148,,,,,,,0.1143,
node_1_wind_at_Lat_37.000_Lon_-90.000,fixed_generator,,node_1,Wind_time_series_by_year/Wind_time_series_2016_at_Lat_37.000_Lon_-90.000.csv,,,0.0160,,,,,,,0.0229,
node_1_solar_at_Lat_37.000_Lon_-89.375,fixed_generator,,node_1,Solar_time_series_by_year/Solar_time_series_2016_at_Lat_37.000_Lon_-89.375.csv,,,0.0148,,,,,,,0.1143,
node_1_wind_at_Lat_37.000_Lon_-89.375,fixed_generator,,node_1,Wind_time_series_by_year/Wind_time_series_2016_at_Lat_37.000_Lon_-89.375.csv,,,0.0160,,,,,,,0.0229,
node_1_solar_at_Lat_37.000_Lon_-88.750,fixed_generator,,node_1,Solar_time_series_by_year/Solar_time_series_2016_at_Lat_37.000_Lon_-88.750.csv,,,0.0148,,,,,,,0.1143,
node_1_wind_at_Lat_37.000_Lon_-88.750,fixed_generator,,node_1,Wind_time_series_by_year/Wind_time_series_2016_at_Lat_37.000_Lon_-88.750.csv,,,0.0160,,,,,,,0.0229,
node_1_solar_at_Lat_37.000_Lon_-88.125,fixed_generator,,node_1,Solar_time_series_by_year/Solar_time_series_2016_at_Lat_37.000_Lon_-88.125.csv,,,0.0148,,,,,,,0.1143,
node_1_wind_at_Lat_37.000_Lon_-88.125,fixed_generator,,node_1,Wind_time_series_by_year/Wind_time_series_2016_at_Lat_37.000_Lon_-88.125.csv,,,0.0160,,,,,,,0.0229,
node_1_solar_at_Lat_37.000_Lon_-87.500,fixed_generator,,node_1,Solar_time_series_by_year/Solar_time_series_2016_at_Lat_37.000_Lon_-87.500.csv,,,0.0148,,,,,,,0.1143,
node_1_wind_at_Lat_37.000_Lon_-87.500,fixed_generator,,node_1,Wind_time_series_by_year/Wind_time_series_2016_at_Lat_37.000_Lon_-87.500.csv,,,0.0160,,,,,,,0.0229,
node_1_solar_at_Lat_37.000_Lon_-86.875,fixed_generator,,node_1,Solar_time_series_by_year/Solar_time_series_2016_at_Lat_37.000_Lon_-86.875.csv,,,0.0148,,,,,,,0.1143,
node_1_wind_at_Lat_37.000_Lon_-86.875,fixed_generator,,node_1,Wind_time_series_by_year/Wind_time_series_2016_at_Lat_37.000_Lon_-86.875.csv,,,0.0160,,,,,,,0.0229,
node_1_solar_at_Lat_37.000_Lon_-86.250,fixed_generator,,node_1,Solar_time_series_by_year/Solar_time_series_2016_at_Lat_37.000_Lon_-86.250.csv,,,0.0148,,,,,,,0.1143,
node_1_wind_at_Lat_37.000_Lon_-86.250,fixed_generator,,node_1,Wind_time_series_by_year/Wind_time_series_2016_at_Lat_37.000_Lon_-86.250.csv,,,0.0160,,,,,,,0.0229,
node_1_solar_at_Lat_37.000_Lon_-85.625,fixed_generator,,node_1,Solar_time_series_by_year/Solar_time_series_2016_at_Lat_37.000_Lon_-85.625.csv,,,0.0148,,,,,,,0.1143,
node_1_wind_at_Lat_37.000_Lon_-85.625,fixed_generator,,node_1,Wind_time_series_by_year/Wind_time_series_2016_at_Lat_37.000_Lon_-85.625.csv,,,0.0160,,,,,,,0.0229,
node_1_solar_at_Lat_37.000_Lon_-85.000,fixed_generator,,node_1,Solar_time_series_by_year/Solar_time_series_2016_at_Lat_37.000_Lon_-85.000.csv,,,0.0148,,,,,,,0.1143,
node_1_wind_at_Lat_37.000_Lon_-85.000,fixed_generator,,node_1,Wind_time_series_by_year/Wind_time_series_2016_at_Lat_37.000_Lon_-85.000.csv,,,0.0160,,,,,,,0.0229,
node_1_solar_at_Lat_37.000_Lon_-84.375,fixed_generator,,node_1,Solar_time_series_by_year/Solar_time_series_2016_at_Lat_37.000_Lon_-84.375.csv,,,0.0148,,,,,,,0.1143,
node_1_wind_at_Lat_37.000_Lon_-84.375,fixed_generator,,node_1,Wind_time_series_by_year/Wind_time_series_2016_at_Lat_37.000_Lon_-84.375.csv,,,0.0160,,,,,,,0.0229,
node_1_solar_at_Lat_37.000_Lon_-83.750,fixed_generator,,node_1,Solar_time_series_by_year/Solar_time_series_2016_at_Lat_37.000_Lon_-83.750.csv,,,0.0148,,,,,,,0.1143,
node_1_wind_at_Lat_37.000_Lon_-83.750,fixed_generator,,node_1,Wind_time_series_by_year/Wind_time_series_2016_at_Lat_37.000_Lon_-83.750.csv,,,0.0160,,,,,,,0.0229,
node_1_solar_at_Lat_37.000_Lon_-83.125,fixed_generator,,node_1,Solar_time_series_by_year/Solar_time_series_2016_at_Lat_37.000_Lon_-83.125.csv,,,0.0148,,,,,,,0.1143,
node_1_wind_at_Lat_37.000_Lon_-83.125,fixed_generator,,node_1,Wind_time_series_by_year/Wind_time_series_2016_at_Lat_37.000_Lon_-83.125.csv,,,0.0160,,,,,,,0.0229,
node_1_solar_at_Lat_37.000_Lon_-82.500,fixed_generator,,node_1,Solar_time_series_by_year/Solar_time_series_2016_at_Lat_37.000_Lon_-82.500.csv,,,0.0148,,,,,,,0.1143,
node_1_wind_at_Lat_37.000_Lon_-82.500,fixed_generator,,node_1,Wind_time_series_by_year/Wind_time_series_2016_at_Lat_37.000_Lon_-82.500.csv,,,0.0160,,,,,,,0.0229,
node_1_solar_at_Lat_37.000_Lon_-81.875,fixed_generator,,node_1,Solar_time_series_by_year/Solar_time_series_2016_at_Lat_37.000_Lon_-81.875.csv,,,0.0148,,,,,,,0.1143,
node_1_wind_at_Lat_37.000_Lon_-81.875,fixed_generator,,node_1,Wind_time_series_by_year/Wind_time_series_2016_at_Lat_37.000_Lon_-81.875.csv,,,0.0160,,,,,,,0.0229,
node_1_solar_at_Lat_37.000_Lon_-81.250,fixed_generator,,node_1,Solar_time_series_by_year/Solar_time_series_2016_at_Lat_37.000_Lon_-81.250.csv,,,0.0148,,,,,,,0.1143,
node_1_wind_at_Lat_37.000_Lon_-81.250,fixed_generator,,node_1,Wind_time_series_by_year/Wind_time_series_2016_at_Lat_37.000_Lon_-81.250.csv,,,0.0160,,,,,,,0.0229,
node_1_solar_at_Lat_37.000_Lon_-80.625,fixed_generator,,node_1,Solar_time_series_by_year/Solar_time_series_2016_at_Lat_37.000_Lon_-80.625.csv,,,0.0148,,,,,,,0.1143,
node_1_wind_at_Lat_37.000_Lon_-80.625,fixed_generator,,node_1,Wind_time_series_by_year/Wind_time_series_2016_at_Lat_37.000_Lon_-80.625.csv,,,0.0160,,,,,,,0.0229,
node_1_solar_at_Lat_37.000_Lon_-80.000,fixed_generator,,node_1,Solar_time_series_by_year/Solar_time_series_2016_at_Lat_37.000_Lon_-80.000.csv,,,0.0148,,,,,,,0.1143,
node_1_wind_at_Lat_37.000_Lon_-80.000,fixed_generator,,node_1,Wind_time_series_by_year/Wind_time_series_2016_at_Lat_37.000_Lon_-80.000.csv,,,0.0160,,,,,,,0.0229,
node_1_solar_at_Lat_37.000_Lon_-79.375,fixed_generator,,node_1,Solar_time_series_by_year/Solar_time_series_2016_at_Lat_37.000_Lon_-79.375.csv,,,0.0148,,,,,,,0.1143,
node_1_wind_at_Lat_37.000_Lon_-79.375,fixed_generator,,node_1,Wind_time_series_by_year/Wind_time_series_2016_at_Lat_37.000_Lon_-79.375.csv,,,0.0160,,,,,,,0.0229,
node_1_solar_at_Lat_37.000_Lon_-78.750,fixed_generator,,node_1,Solar_time_series_by_year/Solar_time_series_2016_at_Lat_37.000_Lon_-78.750.csv,,,0.0148,,,,,,,0.1143,
node_1_wind_at_Lat_37.000_Lon_-78.750,fixed_generator,,node_1,Wind_time_series_by_year/Wind_time_series_2016_at_Lat_37.000_Lon_-78.750.csv,,,0.0160,,,,,,,0.0229,
node_1_solar_at_Lat_37.000_Lon_-78.125,fixed_generator,,node_1,Solar_time_series_by_year/Solar_time_series_2016_at_Lat_37.000_Lon_-78.125.csv,,,0.0148,,,,,,,0.1143,
node_1_wind_at_Lat_37.000_Lon_-78.125,fixed_generator,,node_1,Wind_time_series_by_year/Wind_time_series_2016_at_Lat_37.000_Lon_-78.125.csv,,,0.0160,,,,,,,0.0229,
node_1_solar_at_Lat_37.000_Lon_-77.500,fixed_generator,,node_1,Solar_time_series_by_year/Solar_time_series_2016_at_Lat_37.000_Lon_-77.500.csv,,,0.0148,,,,,,,0.1143,
node_1_wind_at_Lat_37.000_Lon_-77.500,fixed_generator,,node_1,Wind_time_series_by_year/Wind_time_series_2016_at_Lat_37.000_Lon_-77.500.csv,,,0.0160,,,,,,,0.0229,
node_1_solar_at_Lat_37.000_Lon_-76.875,fixed_generator,,node_1,Solar_time_series_by_year/Solar_time_series_2016_at_Lat_37.000_Lon_-76.875.csv,,,0.0148,,,,,,,0.1143,
node_1_wind_at_Lat_37.000_Lon_-76.875,fixed_generator,,node_1,Wind_time_series_by_year/Wind_time_series_2016_at_Lat_37.000_Lon_-76.875.csv,,,0.0160,,,,,,,0.0229,
node_1_solar_at_Lat_37.500_Lon_-121.875,fixed_generator,,node_1,Solar_time_series_by_year/Solar_time_series_2016_at_Lat_37.500_Lon_-121.875.csv,,,0.0148,,,,,,,0.1135,
node_1_wind_at_Lat_37.500_Lon_-121.875,fixed_generator,,node_1,Wind_time_series_by_year/Wind_time_series_2016_at_Lat_37.500_Lon_-121.875.csv,,,0.0160,,,,,,,0.0227,
node_1_solar_at_Lat_37.500_Lon_-121.250,fixed_generator,,node_1,Solar_time_series_by_year/Solar_time_series_2016_at_Lat_37.500_Lon_-121.250.csv,,,0.0148,,,,,,,0.1135,
node_1_wind_at_Lat_37.500_Lon_-121.250,fixed_generator,,node_1,Wind_time_series_by_year/Wind_time_series_2016_at_Lat_37.500_Lon_-121.250.csv,,,0.0160,,,,,,,0.0227,
node_1_solar_at_Lat_37.500_Lon_-120.625,fixed_generator,,node_1,Solar_time_series_by_year/Solar_time_series_2016_at_Lat_37.500_Lon_-120.625.csv,,,0.0148,,,,,,,0.1135,
node_1_wind_at_Lat_37.500_Lon_-120.625,fixed_generator,,node_1,Wind_time_series_by_year/Wind_time_series_2016_at_Lat_37.500_Lon_-120.625.csv,,,0.0160,,,,,,,0.0227,
node_1_solar_at_Lat_37.500_Lon_-120.000,fixed_generator,,node_1,Solar_time_series_by_year/Solar_time_series_2016_at_Lat_37.500_Lon_-120.000.csv,,,0.0148,,,,,,,0.1135,
node_1_wind_at_Lat_37.500_Lon_-120.000,fixed_generator,,node_1,Wind_time_series_by_year/Wind_time_series_2016_at_Lat_37.500_Lon_-120.000.csv,,,0.0160,,,,,,,0.0227,
node_1_solar_at_Lat_37.500_Lon_-119.375,fixed_generator,,node_1,Solar_time_series_by_year/Solar_time_series_2016_at_Lat_37.500_Lon_-119.375.csv,,,0.0148,,,,,,,0.1135,
node_1_wind_at_Lat_37.500_Lon_-119.375,fixed_generator,,node_1,Wind_time_series_by_year/Wind_time_series_2016_at_Lat_37.500_Lon_-119.375.csv,,,0.0160,,,,,,,0.0227,
node_1_solar_at_Lat_37.500_Lon_-118.750,fixed_generator,,node_1,Solar_time_series_by_year/Solar_time_series_2016_at_Lat_37.500_Lon_-118.750.csv,,,0.0148,,,,,,,0.1135,
node_1_wind_at_Lat_37.500_Lon_-118.750,fixed_generator,,node_1,Wind_time_series_by_year/Wind_time_series_2016_at_Lat_37.500_Lon_-118.750.csv,,,0.0160,,,,,,,0.0227,
node_1_solar_at_Lat_37.500_Lon_-118.125,fixed_generator,,node_1,Solar_time_series_by_year/Solar_time_series_2016_at_Lat_37.500_Lon_-118.125.csv,,,0.0148,,,,,,,0.1135,
node_1_wind_at_Lat_37.500_Lon_-118.125,fixed_generator,,node_1,Wind_time_series_by_year/Wind_time_series_2016_at_Lat_37.500_Lon_-118.125.csv,,,0.0160,,,,,,,0.0227,
node_1_solar_at_Lat_37.500_Lon_-117.500,fixed_generator,,node_1,Solar_time_series_by_year/Solar_time_series_2016_at_Lat_37.500_Lon_-117.500.csv,,,0.0148,,,,,,,0.1135,
node_1_wind_at_Lat_37.500_Lon_-117.500,fixed_generator,,node_1,Wind_time_series_by_year/Wind_time_series_2016_at_Lat_37.500_Lon_-117.500.csv,,,0.0160,,,,,,,0.0227,
node_1_solar_at_Lat_37.500_Lon_-116.875,fixed_generator,,node_1,Solar_time_series_by_year/Solar_time_series_2016_at_Lat_37.500_Lon_-116.875.csv,,,0.0148,,,,,,,0.1135,
node_1_wind_at_Lat_37.500_Lon_-116.875,fixed_generator,,node_1,Wind_time_series_by_year/Wind_time_series_2016_at_Lat_37.500_Lon_-116.875.csv,,,0.0160,,,,,,,0.0227,
node_1_solar_at_Lat_37.500_Lon_-116.250,fixed_generator,,node_1,Solar_time_series_by_year/Solar_time_series_2016_at_Lat_37.500_Lon_-116.250.csv,,,0.0148,,,,,,,0.1135,
node_1_wind_at_Lat_37.500_Lon_-116.250,fixed_generator,,node_1,Wind_time_series_by_year/Wind_time_series_2016_at_Lat_37.500_Lon_-116.250.csv,,,0.0160,,,,,,,0.0227,
node_1_solar_at_Lat_37.500_Lon_-115.625,fixed_generator,,node_1,Solar_time_series_by_year/Solar_time_series_2016_at_Lat_37.500_Lon_-115.625.csv,,,0.0148,,,,,,,0.1135,
node_1_wind_at_Lat_37.500_Lon_-115.625,fixed_generator,,node_1,Wind_time_series_by_year/Wind_time_series_2016_at_Lat_37.500_Lon_-115.625.csv,,,0.0160,,,,,,,0.0227,
node_1_solar_at_Lat_37.500_Lon_-115.000,fixed_generator,,node_1,Solar_time_series_by_year/Solar_time_series_2016_at_Lat_37.500_Lon_-115.000.csv,,,0.0148,,,,,,,0.1135,
node_1_wind_at_Lat_37.500_Lon_-115.000,fixed_generator,,node_1,Wind_time_series_by_year/Wind_time_series_2016_at_Lat_37.500_Lon_-115.000.csv,,,0.0160,,,,,,,0.0227,
node_1_solar_at_Lat_37.500_Lon_-114.375,fixed_generator,,node_1,Solar_time_series_by_year/Solar_time_series_2016_at_Lat_37.500_Lon_-114.375.csv,,,0.0148,,,,,,,0.1135,
node_1_wind_at_Lat_37.500_Lon_-114.375,fixed_generator,,node_1,Wind_time_series_by_year/Wind_time_series_2016_at_Lat_37.500_Lon_-114.375.csv,,,0.0160,,,,,,,0.0227,
node_1_solar_at_Lat_37.500_Lon_-113.750,fixed_generator,,node_1,Solar_time_series_by_year/Solar_time_series_2016_at_Lat_37.500_Lon_-113.750.csv,,,0.0148,,,,,,,0.1135,
node_1_wind_at_Lat_37.500_Lon_-113.750,fixed_generator,,node_1,Wind_time_series_by_year/Wind_time_series_2016_at_Lat_37.500_Lon_-113.750.csv,,,0.0160,,,,,,,0.0227,
node_1_solar_at_Lat_37.500_Lon_-113.125,fixed_generator,,node_1,Solar_time_series_by_year/Solar_time_series_2016_at_Lat_37.500_Lon_-113.125.csv,,,0.0148,,,,,,,0.1135,
node_1_wind_at_Lat_37.500_Lon_-113.125,fixed_generator,,node_1,Wind_time_series_by_year/Wind_time_series_2016_at_Lat_37.500_Lon_-113.125.csv,,,0.0160,,,,,,,0.0227,
node_1_solar_at_Lat_37.500_Lon_-112.500,fixed_generator,,node_1,Solar_time_series_by_year/Solar_time_series_2016_at_Lat_37.500_Lon_-112.500.csv,,,0.0148,,,,,,,0.1135,
node_1_wind_at_Lat_37.500_Lon_-112.500,fixed_generator,,node_1,Wind_time_series_by_year/Wind_time_series_2016_at_Lat_37.500_Lon_-112.500.csv,,,0.0160,,,,,,,0.0227,
node_1_solar_at_Lat_37.500_Lon_-111.875,fixed_generator,,node_1,Solar_time_series_by_year/Solar_time_series_2016_at_Lat_37.500_Lon_-111.875.csv,,,0.0148,,,,,,,0.1135,
node_1_wind_at_Lat_37.500_Lon_-111.875,fixed_generator,,node_1,Wind_time_series_by_year/Wind_time_series_2016_at_Lat_37.500_Lon_-111.875.csv,,,0.0160,,,,,,,0.0227,
node_1_solar_at_Lat_37.500_Lon_-111.250,fixed_generator,,node_1,Solar_time_series_by_year/Solar_time_series_2016_at_Lat_37.500_Lon_-111.250.csv,,,0.0148,,,,,,,0.1135,
node_1_wind_at_Lat_37.500_Lon_-111.250,fixed_generator,,node_1,Wind_time_series_by_year/Wind_time_series_2016_at_Lat_37.500_Lon_-111.250.csv,,,0.0160,,,,,,,0.0227,
node_1_solar_at_Lat_37.500_Lon_-110.625,fixed_generator,,node_1,Solar_time_series_by_year/Solar_time_series_2016_at_Lat_37.500_Lon_-110.625.csv,,,0.0148,,,,,,,0.1135,
node_1_wind_at_Lat_37.500_Lon_-110.625,fixed_generator,,node_1,Wind_time_series_by_year/Wind_time_series_2016_at_Lat_37.500_Lon_-110.625.csv,,,0.0160,,,,,,,0.0227,
node_1_solar_at_Lat_37.500_Lon_-110.000,fixed_generator,,node_1,Solar_time_series_by_year/Solar_time_series_2016_at_Lat_37.500_Lon_-110.000.csv,,,0.0148,,,,,,,0.1135,
node_1_wind_at_Lat_37.500_Lon_-110.000,fixed_generator,,node_1,Wind_time_series_by_year/Wind_time_series_2016_at_Lat_37.500_Lon_-110.000.csv,,,0.0160,,,,,,,0.0227,
node_1_solar_at_Lat_37.500_Lon_-109.375,fixed_generator,,node_1,Solar_time_series_by_year/Solar_time_series_2016_at_Lat_37.500_Lon_-109.375.csv,,,0.0148,,,,,,,0.1135,
node_1_wind_at_Lat_37.500_Lon_-109.375,fixed_generator,,node_1,Wind_time_series_by_year/Wind_time_series_2016_at_Lat_37.500_Lon_-109.375.csv,,,0.0160,,,,,,,0.0227,
node_1_solar_at_Lat_37.500_Lon_-108.750,fixed_generator,,node_1,Solar_time_series_by_year/Solar_time_series_2016_at_Lat_37.500_Lon_-108.750.csv,,,0.0148,,,,,,,0.1135,
node_1_wind_at_Lat_37.500_Lon_-108.750,fixed_generator,,node_1,Wind_time_series_by_year/Wind_time_series_2016_at_Lat_37.500_Lon_-108.750.csv,,,0.0160,,,,,,,0.0227,
node_1_solar_at_Lat_37.500_Lon_-108.125,fixed_generator,,node_1,Solar_time_series_by_year/Solar_time_series_2016_at_Lat_37.500_Lon_-108.125.csv,,,0.0148,,,,,,,0.1135,
node_1_wind_at_Lat_37.500_Lon_-108.125,fixed_generator,,node_1,Wind_time_series_by_year/Wind_time_series_2016_at_Lat_37.500_Lon_-108.125.csv,,,0.0160,,,,,,,0.0227,
node_1_solar_at_Lat_37.500_Lon_-107.500,fixed_generator,,node_1,Solar_time_series_by_year/Solar_time_series_2016_at_Lat_37.500_Lon_-107.500.csv,,,0.0148,,,,,,,0.1135,
node_1_wind_at_Lat_37.500_Lon_-107.500,fixed_generator,,node_1,Wind_time_series_by_year/Wind_time_series_2016_at_Lat_37.500_Lon_-107.500.csv,,,0.0160,,,,,,,0.0227,
node_1_solar_at_Lat_37.500_Lon_-106.875,fixed_generator,,node_1,Solar_time_series_by_year/Solar_time_series_2016_at_Lat_37.500_Lon_-106.875.csv,,,0.0148,,,,,,,0.1135,
node_1_wind_at_Lat_37.500_Lon_-106.875,fixed_generator,,node_1,Wind_time_series_by_year/Wind_time_series_2016_at_Lat_37.500_Lon_-106.875.csv,,,0.0160,,,,,,,0.0227,
node_1_solar_at_Lat_37.500_Lon_-106.250,fixed_generator,,node_1,Solar_time_series_by_year/Solar_time_series_2016_at_Lat_37.500_Lon_-106.250.csv,,,0.0148,,,,,,,0.1135,
node_1_wind_at_Lat_37.500_Lon_-106.250,fixed_generator,,node_1,Wind_time_series_by_year/Wind_time_series_2016_at_Lat_37.500_Lon_-106.250.csv,,,0.0160,,,,,,,0.0227,
node_1_solar_at_Lat_37.500_Lon_-105.625,fixed_generator,,node_1,Solar_time_series_by_year/Solar_time_series_2016_at_Lat_37.500_Lon_-105.625.csv,,,0.0148,,,,,,,0.1135,
node_1_wind_at_Lat_37.500_Lon_-105.625,fixed_generator,,node_1,Wind_time_series_by_year/Wind_time_series_2016_at_Lat_37.500_Lon_-105.625.csv,,,0.0160,,,,,,,0.0227,
node_1_solar_at_Lat_37.500_Lon_-105.000,fixed_generator,,node_1,Solar_time_series_by_year/Solar_time_series_2016_at_Lat_37.500_Lon_-105.000.csv,,,0.0148,,,,,,,0.1135,
node_1_wind_at_Lat_37.500_Lon_-105.000,fixed_generator,,node_1,Wind_time_series_by_year/Wind_time_series_2016_at_Lat_37.500_Lon_-105.000.csv,,,0.0160,,,,,,,0.0227,
node_1_solar_at_Lat_37.500_Lon_-104.375,fixed_generator,,node_1,Solar_time_series_by_year/Solar_time_series_2016_at_Lat_37.500_Lon_-104.375.csv,,,0.0148,,,,,,,0.1135,
node_1_wind_at_Lat_37.500_Lon_-104.375,fixed_generator,,node_1,Wind_time_series_by_year/Wind_time_series_2016_at_Lat_37.500_Lon_-104.375.csv,,,0.0160,,,,,,,0.0227,
node_1_solar_at_Lat_37.500_Lon_-103.750,fixed_generator,,node_1,Solar_time_series_by_year/Solar_time_series_2016_at_Lat_37.500_Lon_-103.750.csv,,,0.0148,,,,,,,0.1135,
node_1_wind_at_Lat_37.500_Lon_-103.750,fixed_generator,,node_1,Wind_time_series_by_year/Wind_time_series_2016_at_Lat_37.500_Lon_-103.750.csv,,,0.0160,,,,,,,0.0227,
node_1_solar_at_Lat_37.500_Lon_-103.125,fixed_generator,,node_1,Solar_time_series_by_year/Solar_time_series_2016_at_Lat_37.500_Lon_-103.125.csv,,,0.0148,,,,,,,0.1135,
node_1_wind_at_Lat_37.500_Lon_-103.125,fixed_generator,,node_1,Wind_time_series_by_year/Wind_time_series_2016_at_Lat_37.500_Lon_-103.125.csv,,,0.0160,,,,,,,0.0227,
node_1_solar_at_Lat_37.500_Lon_-102.500,fixed_generator,,node_1,Solar_time_series_by_year/Solar_time_series_2016_at_Lat_37.500_Lon_-102.500.csv,,,0.0148,,,,,,,0.1135,
node_1_wind_at_Lat_37.500_Lon_-102.500,fixed_generator,,node_1,Wind_time_series_by_year/Wind_time_series_2016_at_Lat_37.500_Lon_-102.500.csv,,,0.0160,,,,,,,0.0227,
node_1_solar_at_Lat_37.500_Lon_-101.875,fixed_generator,,node_1,Solar_time_series_by_year/Solar_time_series_2016_at_Lat_37.500_Lon_-101.875.csv,,,0.0148,,,,,,,0.1135,
node_1_wind_at_Lat_37.500_Lon_-101.875,fixed_generator,,node_1,Wind_time_series_by_year/Wind_time_series_2016_at_Lat_37.500_Lon_-101.875.csv,,,0.0160,,,,,,,0.0227,
node_1_solar_at_Lat_37.500_Lon_-101.250,fixed_generator,,node_1,Solar_time_series_by_year/Solar_time_series_2016_at_Lat_37.500_Lon_-101.250.csv,,,0.0148,,,,,,,0.1135,
node_1_wind_at_Lat_37.500_Lon_-101.250,fixed_generator,,node_1,Wind_time_series_by_year/Wind_time_series_2016_at_Lat_37.500_Lon_-101.250.csv,,,0.0160,,,,,,,0.0227,
node_1_solar_at_Lat_37.500_Lon_-100.625,fixed_generator,,node_1,Solar_time_series_by_year/Solar_time_series_2016_at_Lat_37.500_Lon_-100.625.csv,,,0.0148,,,,,,,0.1135,
node_1_wind_at_Lat_37.500_Lon_-100.625,fixed_generator,,node_1,Wind_time_series_by_year/Wind_time_series_2016_at_Lat_37.500_Lon_-100.625.csv,,,0.0160,,,,,,,0.0227,
node_1_solar_at_Lat_37.500_Lon_-100.000,fixed_generator,,node_1,Solar_time_series_by_year/Solar_time_series_2016_at_Lat_37.500_Lon_-100.000.csv,,,0.0148,,,,,,,0.1135,
node_1_wind_at_Lat_37.500_Lon_-100.000,fixed_generator,,node_1,Wind_time_series_by_year/Wind_time_series_2016_at_Lat_37.500_Lon_-100.000.csv,,,0.0160,,,,,,,0.0227,
node_1_solar_at_Lat_37.500_Lon_-99.375,fixed_generator,,node_1,Solar_time_series_by_year/Solar_time_series_2016_at_Lat_37.500_Lon_-99.375.csv,,,0.0148,,,,,,,0.1135,
node_1_wind_at_Lat_37.500_Lon_-99.375,fixed_generator,,node_1,Wind_time_series_by_year/Wind_time_series_2016_at_Lat_37.500_Lon_-99.375.csv,,,0.0160,,,,,,,0.0227,
node_1_solar_at_Lat_37.500_Lon_-98.750,fixed_generator,,node_1,Solar_time_series_by_year/Solar_time_series_2016_at_Lat_37.500_Lon_-98.750.csv,,,0.0148,,,,,,,0.1135,
node_1_wind_at_Lat_37.500_Lon_-98.750,fixed_generator,,node_1,Wind_time_series_by_year/Wind_time_series_2016_at_Lat_37.500_Lon_-98.750.csv,,,0.0160,,,,,,,0.0227,
node_1_solar_at_Lat_37.500_Lon_-98.125,fixed_generator,,node_1,Solar_time_series_by_year/Solar_time_series_2016_at_Lat_37.500_Lon_-98.125.csv,,,0.0148,,,,,,,0.1135,
node_1_wind_at_Lat_37.500_Lon_-98.125,fixed_generator,,node_1,Wind_time_series_by_year/Wind_time_series_2016_at_Lat_37.500_Lon_-98.125.csv,,,0.0160,,,,,,,0.0227,
node_1_solar_at_Lat_37.500_Lon_-97.500,fixed_generator,,node_1,Solar_time_series_by_year/Solar_time_series_2016_at_Lat_37.500_Lon_-97.500.csv,,,0.0148,,,,,,,0.1135,
node_1_wind_at_Lat_37.500_Lon_-97.500,fixed_generator,,node_1,Wind_time_series_by_year/Wind_time_series_2016_at_Lat_37.500_Lon_-97.500.csv,,,0.0160,,,,,,,0.0227,
node_1_solar_at_Lat_37.500_Lon_-96.875,fixed_generator,,node_1,Solar_time_series_by_year/Solar_time_series_2016_at_Lat_37.500_Lon_-96.875.csv,,,0.0148,,,,,,,0.1135,
node_1_wind_at_Lat_37.500_Lon_-96.875,fixed_generator,,node_1,Wind_time_series_by_year/Wind_time_series_2016_at_Lat_37.500_Lon_-96.875.csv,,,0.0160,,,,,,,0.0227,
node_1_solar_at_Lat_37.500_Lon_-96.250,fixed_generator,,node_1,Solar_time_series_by_year/Solar_time_series_2016_at_Lat_37.500_Lon_-96.250.csv,,,0.0148,,,,,,,0.1135,
node_1_wind_at_Lat_37.500_Lon_-96.250,fixed_generator,,node_1,Wind_time_series_by_year/Wind_time_series_2016_at_Lat_37.500_Lon_-96.250.csv,,,0.0160,,,,,,,0.0227,
node_1_solar_at_Lat_37.500_Lon_-95.625,fixed_generator,,node_1,Solar_time_series_by_year/Solar_time_series_2016_at_Lat_37.500_Lon_-95.625.csv,,,0.0148,,,,,,,0.1135,
node_1_wind_at_Lat_37.500_Lon_-95.625,fixed_generator,,node_1,Wind_time_series_by_year/Wind_time_series_2016_at_Lat_37.500_Lon_-95.625.csv,,,0.0160,,,,,,,0.0227,
node_1_solar_at_Lat_37.500_Lon_-95.000,fixed_generator,,node_1,Solar_time_series_by_year/Solar_time_series_2016_at_Lat_37.500_Lon_-95.000.csv,,,0.0148,,,,,,,0.1135,
node_1_wind_at_Lat_37.500_Lon_-95.000,fixed_generator,,node_1,Wind_time_series_by_year/Wind_time_series_2016_at_Lat_37.500_Lon_-95.000.csv,,,0.0160,,,,,,,0.0227,
node_1_solar_at_Lat_37.500_Lon_-94.375,fixed_generator,,node_1,Solar_time_series_by_year/Solar_time_series_2016_at_Lat_37.500_Lon_-94.375.csv,,,0.0148,,,,,,,0.1135,
node_1_wind_at_Lat_37.500_Lon_-94.375,fixed_generator,,node_1,Wind_time_series_by_year/Wind_time_series_2016_at_Lat_37.500_Lon_-94.375.csv,,,0.0160,,,,,,,0.0227,
node_1_solar_at_Lat_37.500_Lon_-93.750,fixed_generator,,node_1,Solar_time_series_by_year/Solar_time_series_2016_at_Lat_37.500_Lon_-93.750.csv,,,0.0148,,,,,,,0.1135,
node_1_wind_at_Lat_37.500_Lon_-93.750,fixed_generator,,node_1,Wind_time_series_by_year/Wind_time_series_2016_at_Lat_37.500_Lon_-93.750.csv,,,0.0160,,,,,,,0.0227,
node_1_solar_at_Lat_37.500_Lon_-93.125,fixed_generator,,node_1,Solar_time_series_by_year/Solar_time_series_2016_at_Lat_37.500_Lon_-93.125.csv,,,0.0148,,,,,,,0.1135,
node_1_wind_at_Lat_37.500_Lon_-93.125,fixed_generator,,node_1,Wind_time_series_by_year/Wind_time_series_2016_at_Lat_37.500_Lon_-93.125.csv,,,0.0160,,,,,,,0.0227,
node_1_solar_at_Lat_37.500_Lon_-92.500,fixed_generator,,node_1,Solar_time_series_by_year/Solar_time_series_2016_at_Lat_37.500_Lon_-92.500.csv,,,0.0148,,,,,,,0.1135,
node_1_wind_at_Lat_37.500_Lon_-92.500,fixed_generator,,node_1,Wind_time_series_by_year/Wind_time_series_2016_at_Lat_37.500_Lon_-92.500.csv,,,0.0160,,,,,,,0.0227,
node_1_solar_at_Lat_37.500_Lon_-91.875,fixed_generator,,node_1,Solar_time_series_by_year/Solar_time_series_2016_at_Lat_37.500_Lon_-91.875.csv,,,0.0148,,,,,,,0.1135,
node_1_wind_at_Lat_37.500_Lon_-91.875,fixed_generator,,node_1,Wind_time_series_by_year/Wind_time_series_2016_at_Lat_37.500_Lon_-91.875.csv,,,0.0160,,,,,,,0.0227,
node_1_solar_at_Lat_37.500_Lon_-91.250,fixed_generator,,node_1,Solar_time_series_by_year/Solar_time_series_2016_at_Lat_37.500_Lon_-91.250.csv,,,0.0148,,,,,,,0.1135,
node_1_wind_at_Lat_37.500_Lon_-91.250,fixed_generator,,node_1,Wind_time_series_by_year/Wind_time_series_2016_at_Lat_37.500_Lon_-91.250.csv,,,0.0160,,,,,,,0.0227,
node_1_solar_at_Lat_37.500_Lon_-90.625,fixed_generator,,node_1,Solar_time_series_by_year/Solar_time_series_2016_at_Lat_37.500_Lon_-90.625.csv,,,0.0148,,,,,,,0.1135,
node_1_wind_at_Lat_37.500_Lon_-90.625,fixed_generator,,node_1,Wind_time_series_by_year/Wind_time_series_2016_at_Lat_37.500_Lon_-90.625.csv,,,0.0160,,,,,,,0.0227,
node_1_solar_at_Lat_37.500_Lon_-90.000,fixed_generator,,node_1,Solar_time_series_by_year/Solar_time_series_2016_at_Lat_37.500_Lon_-90.000.csv,,,0.0148,,,,,,,0.1135,
node_1_wind_at_Lat_37.500_Lon_-90.000,fixed_generator,,node_1,Wind_time_series_by_year/Wind_time_series_2016_at_Lat_37.500_Lon_-90.000.csv,,,0.0160,,,,,,,0.0227,
node_1_solar_at_Lat_37.500_Lon_-89.375,fixed_generator,,node_1,Solar_time_series_by_year/Solar_time_series_2016_at_Lat_37.500_Lon_-89.375.csv,,,0.0148,,,,,,,0.1135,
node_1_wind_at_Lat_37.500_Lon_-89.375,fixed_generator,,node_1,Wind_time_series_by_year/Wind_time_series_2016_at_Lat_37.500_Lon_-89.375.csv,,,0.0160,,,,,,,0.0227,
node_1_solar_at_Lat_37.500_Lon_-88.750,fixed_generator,,node_1,Solar_time_series_by_year/Solar_time_series_2016_at_Lat_37.500_Lon_-88.750.csv,,,0.0148,,,,,,,0.1135,
node_1_wind_at_Lat_37.500_Lon_-88.750,fixed_generator,,node_1,Wind_time_series_by_year/Wind_time_series_2016_at_Lat_37.500_Lon_-88.750.csv,,,0.0160,,,,,,,0.0227,
node_1_solar_at_Lat_37.500_Lon_-88.125,fixed_generator,,node_1,Solar_time_series_by_year/Solar_time_series_2016_at_Lat_37.500_Lon_-88.125.csv,,,0.0148,,,,,,,0.1135,
node_1_wind_at_Lat_37.500_Lon_-88.125,fixed_generator,,node_1,Wind_time_series_by_year/Wind_time_series_2016_at_Lat_37.500_Lon_-88.125.csv,,,0.0160,,,,,,,0.0227,
node_1_solar_at_Lat_37.500_Lon_-87.500,fixed_generator,,node_1,Solar_time_series_by_year/Solar_time_series_2016_at_Lat_37.500_Lon_-87.500.csv,,,0.0148,,,,,,,0.1135,
node_1_wind_at_Lat_37.500_Lon_-87.500,fixed_generator,,node_1,Wind_time_series_by_year/Wind_time_series_2016_at_Lat_37.500_Lon_-87.500.csv,,,0.0160,,,,,,,0.0227,
node_1_solar_at_Lat_37.500_Lon_-86.875,fixed_generator,,node_1,Solar_time_series_by_year/Solar_time_series_2016_at_Lat_37.500_Lon_-86.875.csv,,,0.0148,,,,,,,0.1135,
node_1_wind_at_Lat_37.500_Lon_-86.875,fixed_generator,,node_1,Wind_time_series_by_year/Wind_time_series_2016_at_Lat_37.500_Lon_-86.875.csv,,,0.0160,,,,,,,0.0227,
node_1_solar_at_Lat_37.500_Lon_-86.250,fixed_generator,,node_1,Solar_time_series_by_year/Solar_time_series_2016_at_Lat_37.500_Lon_-86.250.csv,,,0.0148,,,,,,,0.1135,
node_1_wind_at_Lat_37.500_Lon_-86.250,fixed_generator,,node_1,Wind_time_series_by_year/Wind_time_series_2016_at_Lat_37.500_Lon_-86.250.csv,,,0.0160,,,,,,,0.0227,
node_1_solar_at_Lat_37.500_Lon_-85.625,fixed_generator,,node_1,Solar_time_series_by_year/Solar_time_series_2016_at_Lat_37.500_Lon_-85.625.csv,,,0.0148,,,,,,,0.1135,
node_1_wind_at_Lat_37.500_Lon_-85.625,fixed_generator,,node_1,Wind_time_series_by_year/Wind_time_series_2016_at_Lat_37.500_Lon_-85.625.csv,,,0.0160,,,,,,,0.0227,
node_1_solar_at_Lat_37.500_Lon_-85.000,fixed_generator,,node_1,Solar_time_series_by_year/Solar_time_series_2016_at_Lat_37.500_Lon_-85.000.csv,,,0.0148,,,,,,,0.1135,
node_1_wind_at_Lat_37.500_Lon_-85.000,fixed_generator,,node_1,Wind_time_series_by_year/Wind_time_series_2016_at_Lat_37.500_Lon_-85.000.csv,,,0.0160,,,,,,,0.0227,
node_1_solar_at_Lat_37.500_Lon_-84.375,fixed_generator,,node_1,Solar_time_series_by_year/Solar_time_series_2016_at_Lat_37.500_Lon_-84.375.csv,,,0.0148,,,,,,,0.1135,
node_1_wind_at_Lat_37.500_Lon_-84.375,fixed_generator,,node_1,Wind_time_series_by_year/Wind_time_series_2016_at_Lat_37.500_Lon_-84.375.csv,,,0.0160,,,,,,,0.0227,
node_1_solar_at_Lat_37.500_Lon_-83.750,fixed_generator,,node_1,Solar_time_series_by_year/Solar_time_series_2016_at_Lat_37.500_Lon_-83.750.csv,,,0.0148,,,,,,,0.1135,
node_1_wind_at_Lat_37.500_Lon_-83.750,fixed_generator,,node_1,Wind_time_series_by_year/Wind_time_series_2016_at_Lat_37.500_Lon_-83.750.csv,,,0.0160,,,,,,,0.0227,
node_1_solar_at_Lat_37.500_Lon_-83.125,fixed_generator,,node_1,Solar_time_series_by_year/Solar_time_series_2016_at_Lat_37.500_Lon_-83.125.csv,,,0.0148,,,,,,,0.1135,
node_1_wind_at_Lat_37.500_Lon_-83.125,fixed_generator,,node_1,Wind_time_series_by_year/Wind_time_series_2016_at_Lat_37.500_Lon_-83.125.csv,,,0.0160,,,,,,,0.0227,
node_1_solar_at_Lat_37.500_Lon_-82.500,fixed_generator,,node_1,Solar_time_series_by_year/Solar_time_series_2016_at_Lat_37.500_Lon_-82.500.csv,,,0.0148,,,,,,,0.1135,
node_1_wind_at_Lat_37.500_Lon_-82.500,fixed_generator,,node_1,Wind_time_series_by_year/Wind_time_series_2016_at_Lat_37.500_Lon_-82.500.csv,,,0.0160,,,,,,,0.0227,
node_1_solar_at_Lat_37.500_Lon_-81.875,fixed_generator,,node_1,Solar_time_series_by_year/Solar_time_series_2016_at_Lat_37.500_Lon_-81.875.csv,,,0.0148,,,,,,,0.1135,
node_1_wind_at_Lat_37.500_Lon_-81.875,fixed_generator,,node_1,Wind_time_series_by_year/Wind_time_series_2016_at_Lat_37.500_Lon_-81.875.csv,,,0.0160,,,,,,,0.0227,
node_1_solar_at_Lat_37.500_Lon_-81.250,fixed_generator,,node_1,Solar_time_series_by_year/Solar_time_series_2016_at_Lat_37.500_Lon_-81.250.csv,,,0.0148,,,,,,,0.1135,
node_1_wind_at_Lat_37.500_Lon_-81.250,fixed_generator,,node_1,Wind_time_series_by_year/Wind_time_series_2016_at_Lat_37.500_Lon_-81.250.csv,,,0.0160,,,,,,,0.0227,
node_1_solar_at_Lat_37.500_Lon_-80.625,fixed_generator,,node_1,Solar_time_series_by_year/Solar_time_series_2016_at_Lat_37.500_Lon_-80.625.csv,,,0.0148,,,,,,,0.1135,
node_1_wind_at_Lat_37.500_Lon_-80.625,fixed_generator,,node_1,Wind_time_series_by_year/Wind_time_series_2016_at_Lat_37.500_Lon_-80.625.csv,,,0.0160,,,,,,,0.0227,
node_1_solar_at_Lat_37.500_Lon_-80.000,fixed_generator,,node_1,Solar_time_series_by_year/Solar_time_series_2016_at_Lat_37.500_Lon_-80.000.csv,,,0.0148,,,,,,,0.1135,
node_1_wind_at_Lat_37.500_Lon_-80.000,fixed_generator,,node_1,Wind_time_series_by_year/Wind_time_series_2016_at_Lat_37.500_Lon_-80.000.csv,,,0.0160,,,,,,,0.0227,
node_1_solar_at_Lat_37.500_Lon_-79.375,fixed_generator,,node_1,Solar_time_series_by_year/Solar_time_series_2016_at_Lat_37.500_Lon_-79.375.csv,,,0.0148,,,,,,,0.1135,
node_1_wind_at_Lat_37.500_Lon_-79.375,fixed_generator,,node_1,Wind_time_series_by_year/Wind_time_series_2016_at_Lat_37.500_Lon_-79.375.csv,,,0.0160,,,,,,,0.0227,
node_1_solar_at_Lat_37.500_Lon_-78.750,fixed_generator,,node_1,Solar_time_series_by_year/Solar_time_series_2016_at_Lat_37.500_Lon_-78.750.csv,,,0.0148,,,,,,,0.1135,
node_1_wind_at_Lat_37.500_Lon_-78.750,fixed_generator,,node_1,Wind_time_series_by_year/Wind_time_series_2016_at_Lat_37.500_Lon_-78.750.csv,,,0.0160,,,,,,,0.0227,
node_1_solar_at_Lat_37.500_Lon_-78.125,fixed_generator,,node_1,Solar_time_series_by_year/Solar_time_series_2016_at_Lat_37.500_Lon_-78.125.csv,,,0.0148,,,,,,,0.1135,
node_1_wind_at_Lat_37.500_Lon_-78.125,fixed_generator,,node_1,Wind_time_series_by_year/Wind_time_series_2016_at_Lat_37.500_Lon_-78.125.csv,,,0.0160,,,,,,,0.0227,
node_1_solar_at_Lat_37.500_Lon_-77.500,fixed_generator,,node_1,Solar_time_series_by_year/Solar_time_series_2016_at_Lat_37.500_Lon_-77.500.csv,,,0.0148,,,,,,,0.1135,
node_1_wind_at_Lat_37.500_Lon_-77.500,fixed_generator,,node_1,Wind_time_series_by_year/Wind_time_series_2016_at_Lat_37.500_Lon_-77.500.csv,,,0.0160,,,,,,,0.0227,
node_1_solar_at_Lat_37.500_Lon_-76.875,fixed_generator,,node_1,Solar_time_series_by_year/Solar_time_series_2016_at_Lat_37.500_Lon_-76.875.csv,,,0.0148,,,,,,,0.1135,
node_1_wind_at_Lat_37.500_Lon_-76.875,fixed_generator,,node_1,Wind_time_series_by_year/Wind_time_series_2016_at_Lat_37.500_Lon_-76.875.csv,,,0.0160,,,,,,,0.0227,
node_1_solar_at_Lat_38.000_Lon_-122.500,fixed_generator,,node_1,Solar_time_series_by_year/Solar_time_series_2016_at_Lat_38.000_Lon_-122.500.csv,,,0.0148,,,,,,,0.1128,
node_1_wind_at_Lat_38.000_Lon_-122.500,fixed_generator,,node_1,Wind_time_series_by_year/Wind_time_series_2016_at_Lat_38.000_Lon_-122.500.csv,,,0.0160,,,,,,,0.0226,
node_1_solar_at_Lat_38.000_Lon_-121.875,fixed_generator,,node_1,Solar_time_series_by_year/Solar_time_series_2016_at_Lat_38.000_Lon_-121.875.csv,,,0.0148,,,,,,,0.1128,
node_1_wind_at_Lat_38.000_Lon_-121.875,fixed_generator,,node_1,Wind_time_series_by_year/Wind_time_series_2016_at_Lat_38.000_Lon_-121.875.csv,,,0.0160,,,,,,,0.0226,
node_1_solar_at_Lat_38.000_Lon_-121.250,fixed_generator,,node_1,Solar_time_series_by_year/Solar_time_series_2016_at_Lat_38.000_Lon_-121.250.csv,,,0.0148,,,,,,,0.1128,
node_1_wind_at_Lat_38.000_Lon_-121.250,fixed_generator,,node_1,Wind_time_series_by_year/Wind_time_series_2016_at_Lat_38.000_Lon_-121.250.csv,,,0.0160,,,,,,,0.0226,
node_1_solar_at_Lat_38.000_Lon_-120.625,fixed_generator,,node_1,Solar_time_series_by_year/Solar_time_series_2016_at_Lat_38.000_Lon_-120.625.csv,,,0.0148,,,,,,,0.1128,
node_1_wind_at_Lat_38.000_Lon_-120.625,fixed_generator,,node_1,Wind_time_series_by_year/Wind_time_series_2016_at_Lat_38.000_Lon_-120.625.csv,,,0.0160,,,,,,,0.0226,
node_1_solar_at_Lat_38.000_Lon_-120.000,fixed_generator,,node_1,Solar_time_series_by_year/Solar_time_series_2016_at_Lat_38.000_Lon_-120.000.csv,,,0.0148,,,,,,,0.1128,
node_1_wind_at_Lat_38.000_Lon_-120.000,fixed_generator,,node_1,Wind_time_series_by_year/Wind_time_series_2016_at_Lat_38.000_Lon_-120.000.csv,,,0.0160,,,,,,,0.0226,
node_1_solar_at_Lat_38.000_Lon_-119.375,fixed_generator,,node_1,Solar_time_series_by_year/Solar_time_series_2016_at_Lat_38.000_Lon_-119.375.csv,,,0.0148,,,,,,,0.1128,
node_1_wind_at_Lat_38.000_Lon_-119.375,fixed_generator,,node_1,Wind_time_series_by_year/Wind_time_series_2016_at_Lat_38.000_Lon_-119.375.csv,,,0.0160,,,,,,,0.0226,
node_1_solar_at_Lat_38.000_Lon_-118.750,fixed_generator,,node_1,Solar_time_series_by_year/Solar_time_series_2016_at_Lat_38.000_Lon_-118.750.csv,,,0.0148,,,,,,,0.1128,
node_1_wind_at_Lat_38.000_Lon_-118.750,fixed_generator,,node_1,Wind_time_series_by_year/Wind_time_series_2016_at_Lat_38.000_Lon_-118.750.csv,,,0.0160,,,,,,,0.0226,
node_1_solar_at_Lat_38.000_Lon_-118.125,fixed_generator,,node_1,Solar_time_series_by_year/Solar_time_series_2016_at_Lat_38.000_Lon_-118.125.csv,,,0.0148,,,,,,,0.1128,
node_1_wind_at_Lat_38.000_Lon_-118.125,fixed_generator,,node_1,Wind_time_series_by_year/Wind_time_series_2016_at_Lat_38.000_Lon_-118.125.csv,,,0.0160,,,,,,,0.0226,
node_1_solar_at_Lat_38.000_Lon_-117.500,fixed_generator,,node_1,Solar_time_series_by_year/Solar_time_series_2016_at_Lat_38.000_Lon_-117.500.csv,,,0.0148,,,,,,,0.1128,
node_1_wind_at_Lat_38.000_Lon_-117.500,fixed_generator,,node_1,Wind_time_series_by_year/Wind_time_series_2016_at_Lat_38.000_Lon_-117.500.csv,,,0.0160,,,,,,,0.0226,
node_1_solar_at_Lat_38.000_Lon_-116.875,fixed_generator,,node_1,Solar_time_series_by_year/Solar_time_series_2016_at_Lat_38.000_Lon_-116.875.csv,,,0.0148,,,,,,,0.1128,
node_1_wind_at_Lat_38.000_Lon_-116.875,fixed_generator,,node_1,Wind_time_series_by_year/Wind_time_series_2016_at_Lat_38.000_Lon_-116.875.csv,,,0.0160,,,,,,,0.0226,
node_1_solar_at_Lat_38.000_Lon_-116.250,fixed_generator,,node_1,Solar_time_series_by_year/Solar_time_series_2016_at_Lat_38.000_Lon_-116.250.csv,,,0.0148,,,,,,,0.1128,
node_1_wind_at_Lat_38.000_Lon_-116.250,fixed_generator,,node_1,Wind_time_series_by_year/Wind_time_series_2016_at_Lat_38.000_Lon_-116.250.csv,,,0.0160,,,,,,,0.0226,
node_1_solar_at_Lat_38.000_Lon_-115.625,fixed_generator,,node_1,Solar_time_series_by_year/Solar_time_series_2016_at_Lat_38.000_Lon_-115.625.csv,,,0.0148,,,,,,,0.1128,
node_1_wind_at_Lat_38.000_Lon_-115.625,fixed_generator,,node_1,Wind_time_series_by_year/Wind_time_series_2016_at_Lat_38.000_Lon_-115.625.csv,,,0.0160,,,,,,,0.0226,
node_1_solar_at_Lat_38.000_Lon_-115.000,fixed_generator,,node_1,Solar_time_series_by_year/Solar_time_series_2016_at_Lat_38.000_Lon_-115.000.csv,,,0.0148,,,,,,,0.1128,
node_1_wind_at_Lat_38.000_Lon_-115.000,fixed_generator,,node_1,Wind_time_series_by_year/Wind_time_series_2016_at_Lat_38.000_Lon_-115.000.csv,,,0.0160,,,,,,,0.0226,
node_1_solar_at_Lat_38.000_Lon_-114.375,fixed_generator,,node_1,Solar_time_series_by_year/Solar_time_series_2016_at_Lat_38.000_Lon_-114.375.csv,,,0.0148,,,,,,,0.1128,
node_1_wind_at_Lat_38.000_Lon_-114.375,fixed_generator,,node_1,Wind_time_series_by_year/Wind_time_series_2016_at_Lat_38.000_Lon_-114.375.csv,,,0.0160,,,,,,,0.0226,
node_1_solar_at_Lat_38.000_Lon_-113.750,fixed_generator,,node_1,Solar_time_series_by_year/Solar_time_series_2016_at_Lat_38.000_Lon_-113.750.csv,,,0.0148,,,,,,,0.1128,
node_1_wind_at_Lat_38.000_Lon_-113.750,fixed_generator,,node_1,Wind_time_series_by_year/Wind_time_series_2016_at_Lat_38.000_Lon_-113.750.csv,,,0.0160,,,,,,,0.0226,
node_1_solar_at_Lat_38.000_Lon_-113.125,fixed_generator,,node_1,Solar_time_series_by_year/Solar_time_series_2016_at_Lat_38.000_Lon_-113.125.csv,,,0.0148,,,,,,,0.1128,
node_1_wind_at_Lat_38.000_Lon_-113.125,fixed_generator,,node_1,Wind_time_series_by_year/Wind_time_series_2016_at_Lat_38.000_Lon_-113.125.csv,,,0.0160,,,,,,,0.0226,
node_1_solar_at_Lat_38.000_Lon_-112.500,fixed_generator,,node_1,Solar_time_series_by_year/Solar_time_series_2016_at_Lat_38.000_Lon_-112.500.csv,,,0.0148,,,,,,,0.1128,
node_1_wind_at_Lat_38.000_Lon_-112.500,fixed_generator,,node_1,Wind_time_series_by_year/Wind_time_series_2016_at_Lat_38.000_Lon_-112.500.csv,,,0.0160,,,,,,,0.0226,
node_1_solar_at_Lat_38.000_Lon_-111.875,fixed_generator,,node_1,Solar_time_series_by_year/Solar_time_series_2016_at_Lat_38.000_Lon_-111.875.csv,,,0.0148,,,,,,,0.1128,
node_1_wind_at_Lat_38.000_Lon_-111.875,fixed_generator,,node_1,Wind_time_series_by_year/Wind_time_series_2016_at_Lat_38.000_Lon_-111.875.csv,,,0.0160,,,,,,,0.0226,
node_1_solar_at_Lat_38.000_Lon_-111.250,fixed_generator,,node_1,Solar_time_series_by_year/Solar_time_series_2016_at_Lat_38.000_Lon_-111.250.csv,,,0.0148,,,,,,,0.1128,
node_1_wind_at_Lat_38.000_Lon_-111.250,fixed_generator,,node_1,Wind_time_series_by_year/Wind_time_series_2016_at_Lat_38.000_Lon_-111.250.csv,,,0.0160,,,,,,,0.0226,
node_1_solar_at_Lat_38.000_Lon_-110.625,fixed_generator,,node_1,Solar_time_series_by_year/Solar_time_series_2016_at_Lat_38.000_Lon_-110.625.csv,,,0.0148,,,,,,,0.1128,
node_1_wind_at_Lat_38.000_Lon_-110.625,fixed_generator,,node_1,Wind_time_series_by_year/Wind_time_series_2016_at_Lat_38.000_Lon_-110.625.csv,,,0.0160,,,,,,,0.0226,
node_1_solar_at_Lat_38.000_Lon_-110.000,fixed_generator,,node_1,Solar_time_series_by_year/Solar_time_series_2016_at_Lat_38.000_Lon_-110.000.csv,,,0.0148,,,,,,,0.1128,
node_1_wind_at_Lat_38.000_Lon_-110.000,fixed_generator,,node_1,Wind_time_series_by_year/Wind_time_series_2016_at_Lat_38.000_Lon_-110.000.csv,,,0.0160,,,,,,,0.0226,
node_1_solar_at_Lat_38.000_Lon_-109.375,fixed_generator,,node_1,Solar_time_series_by_year/Solar_time_series_2016_at_Lat_38.000_Lon_-109.375.csv,,,0.0148,,,,,,,0.1128,
node_1_wind_at_Lat_38.000_Lon_-109.375,fixed_generator,,node_1,Wind_time_series_by_year/Wind_time_series_2016_at_Lat_38.000_Lon_-109.375.csv,,,0.0160,,,,,,,0.0226,
node_1_solar_at_Lat_38.000_Lon_-108.750,fixed_generator,,node_1,Solar_time_series_by_year/Solar_time_series_2016_at_Lat_38.000_Lon_-108.750.csv,,,0.0148,,,,,,,0.1128,
node_1_wind_at_Lat_38.000_Lon_-108.750,fixed_generator,,node_1,Wind_time_series_by_year/Wind_time_series_2016_at_Lat_38.000_Lon_-108.750.csv,,,0.0160,,,,,,,0.0226,
node_1_solar_at_Lat_38.000_Lon_-108.125,fixed_generator,,node_1,Solar_time_series_by_year/Solar_time_series_2016_at_Lat_38.000_Lon_-108.125.csv,,,0.0148,,,,,,,0.1128,
node_1_wind_at_Lat_38.000_Lon_-108.125,fixed_generator,,node_1,Wind_time_series_by_year/Wind_time_series_2016_at_Lat_38.000_Lon_-108.125.csv,,,0.0160,,,,,,,0.0226,
node_1_solar_at_Lat_38.000_Lon_-107.500,fixed_generator,,node_1,Solar_time_series_by_year/Solar_time_series_2016_at_Lat_38.000_Lon_-107.500.csv,,,0.0148,,,,,,,0.1128,
node_1_wind_at_Lat_38.000_Lon_-107.500,fixed_generator,,node_1,Wind_time_series_by_year/Wind_time_series_2016_at_Lat_38.000_Lon_-107.500.csv,,,0.0160,,,,,,,0.0226,
node_1_solar_at_Lat_38.000_Lon_-106.875,fixed_generator,,node_1,Solar_time_series_by_year/Solar_time_series_2016_at_Lat_38.000_Lon_-106.875.csv,,,0.0148,,,,,,,0.1128,
node_1_wind_at_Lat_38.000_Lon_-106.875,fixed_generator,,node_1,Wind_time_series_by_year/Wind_time_series_2016_at_Lat_38.000_Lon_-106.875.csv,,,0.0160,,,,,,,0.0226,
node_1_solar_at_Lat_38.000_Lon_-106.250,fixed_generator,,node_1,Solar_time_series_by_year/Solar_time_series_2016_at_Lat_38.000_Lon_-106.250.csv,,,0.0148,,,,,,,0.1128,
node_1_wind_at_Lat_38.000_Lon_-106.250,fixed_generator,,node_1,Wind_time_series_by_year/Wind_time_series_2016_at_Lat_38.000_Lon_-106.250.csv,,,0.0160,,,,,,,0.0226,
node_1_solar_at_Lat_38.000_Lon_-105.625,fixed_generator,,node_1,Solar_time_series_by_year/Solar_time_series_2016_at_Lat_38.000_Lon_-105.625.csv,,,0.0148,,,,,,,0.1128,
node_1_wind_at_Lat_38.000_Lon_-105.625,fixed_generator,,node_1,Wind_time_series_by_year/Wind_time_series_2016_at_Lat_38.000_Lon_-105.625.csv,,,0.0160,,,,,,,0.0226,
node_1_solar_at_Lat_38.000_Lon_-105.000,fixed_generator,,node_1,Solar_time_series_by_year/Solar_time_series_2016_at_Lat_38.000_Lon_-105.000.csv,,,0.0148,,,,,,,0.1128,
node_1_wind_at_Lat_38.000_Lon_-105.000,fixed_generator,,node_1,Wind_time_series_by_year/Wind_time_series_2016_at_Lat_38.000_Lon_-105.000.csv,,,0.0160,,,,,,,0.0226,
node_1_solar_at_Lat_38.000_Lon_-104.375,fixed_generator,,node_1,Solar_time_series_by_year/Solar_time_series_2016_at_Lat_38.000_Lon_-104.375.csv,,,0.0148,,,,,,,0.1128,
node_1_wind_at_Lat_38.000_Lon_-104.375,fixed_generator,,node_1,Wind_time_series_by_year/Wind_time_series_2016_at_Lat_38.000_Lon_-104.375.csv,,,0.0160,,,,,,,0.0226,
node_1_solar_at_Lat_38.000_Lon_-103.750,fixed_generator,,node_1,Solar_time_series_by_year/Solar_time_series_2016_at_Lat_38.000_Lon_-103.750.csv,,,0.0148,,,,,,,0.1128,
node_1_wind_at_Lat_38.000_Lon_-103.750,fixed_generator,,node_1,Wind_time_series_by_year/Wind_time_series_2016_at_Lat_38.000_Lon_-103.750.csv,,,0.0160,,,,,,,0.0226,
node_1_solar_at_Lat_38.000_Lon_-103.125,fixed_generator,,node_1,Solar_time_series_by_year/Solar_time_series_2016_at_Lat_38.000_Lon_-103.125.csv,,,0.0148,,,,,,,0.1128,
node_1_wind_at_Lat_38.000_Lon_-103.125,fixed_generator,,node_1,Wind_time_series_by_year/Wind_time_series_2016_at_Lat_38.000_Lon_-103.125.csv,,,0.0160,,,,,,,0.0226,
node_1_solar_at_Lat_38.000_Lon_-102.500,fixed_generator,,node_1,Solar_time_series_by_year/Solar_time_series_2016_at_Lat_38.000_Lon_-102.500.csv,,,0.0148,,,,,,,0.1128,
node_1_wind_at_Lat_38.000_Lon_-102.500,fixed_generator,,node_1,Wind_time_series_by_year/Wind_time_series_2016_at_Lat_38.000_Lon_-102.500.csv,,,0.0160,,,,,,,0.0226,
node_1_solar_at_Lat_38.000_Lon_-101.875,fixed_generator,,node_1,Solar_time_series_by_year/Solar_time_series_2016_at_Lat_38.000_Lon_-101.875.csv,,,0.0148,,,,,,,0.1128,
node_1_wind_at_Lat_38.000_Lon_-101.875,fixed_generator,,node_1,Wind_time_series_by_year/Wind_time_series_2016_at_Lat_38.000_Lon_-101.875.csv,,,0.0160,,,,,,,0.0226,
node_1_solar_at_Lat_38.000_Lon_-101.250,fixed_generator,,node_1,Solar_time_series_by_year/Solar_time_series_2016_at_Lat_38.000_Lon_-101.250.csv,,,0.0148,,,,,,,0.1128,
node_1_wind_at_Lat_38.000_Lon_-101.250,fixed_generator,,node_1,Wind_time_series_by_year/Wind_time_series_2016_at_Lat_38.000_Lon_-101.250.csv,,,0.0160,,,,,,,0.0226,
node_1_solar_at_Lat_38.000_Lon_-100.625,fixed_generator,,node_1,Solar_time_series_by_year/Solar_time_series_2016_at_Lat_38.000_Lon_-100.625.csv,,,0.0148,,,,,,,0.1128,
node_1_wind_at_Lat_38.000_Lon_-100.625,fixed_generator,,node_1,Wind_time_series_by_year/Wind_time_series_2016_at_Lat_38.000_Lon_-100.625.csv,,,0.0160,,,,,,,0.0226,
node_1_solar_at_Lat_38.000_Lon_-100.000,fixed_generator,,node_1,Solar_time_series_by_year/Solar_time_series_2016_at_Lat_38.000_Lon_-100.000.csv,,,0.0148,,,,,,,0.1128,
node_1_wind_at_Lat_38.000_Lon_-100.000,fixed_generator,,node_1,Wind_time_series_by_year/Wind_time_series_2016_at_Lat_38.000_Lon_-100.000.csv,,,0.0160,,,,,,,0.0226,
node_1_solar_at_Lat_38.000_Lon_-99.375,fixed_generator,,node_1,Solar_time_series_by_year/Solar_time_series_2016_at_Lat_38.000_Lon_-99.375.csv,,,0.0148,,,,,,,0.1128,
node_1_wind_at_Lat_38.000_Lon_-99.375,fixed_generator,,node_1,Wind_time_series_by_year/Wind_time_series_2016_at_Lat_38.000_Lon_-99.375.csv,,,0.0160,,,,,,,0.0226,
node_1_solar_at_Lat_38.000_Lon_-98.750,fixed_generator,,node_1,Solar_time_series_by_year/Solar_time_series_2016_at_Lat_38.000_Lon_-98.750.csv,,,0.0148,,,,,,,0.1128,
node_1_wind_at_Lat_38.000_Lon_-98.750,fixed_generator,,node_1,Wind_time_series_by_year/Wind_time_series_2016_at_Lat_38.000_Lon_-98.750.csv,,,0.0160,,,,,,,0.0226,
node_1_solar_at_Lat_38.000_Lon_-98.125,fixed_generator,,node_1,Solar_time_series_by_year/Solar_time_series_2016_at_Lat_38.000_Lon_-98.125.csv,,,0.0148,,,,,,,0.1128,
node_1_wind_at_Lat_38.000_Lon_-98.125,fixed_generator,,node_1,Wind_time_series_by_year/Wind_time_series_2016_at_Lat_38.000_Lon_-98.125.csv,,,0.0160,,,,,,,0.0226,
node_1_solar_at_Lat_38.000_Lon_-97.500,fixed_generator,,node_1,Solar_time_series_by_year/Solar_time_series_2016_at_Lat_38.000_Lon_-97.500.csv,,,0.0148,,,,,,,0.1128,
node_1_wind_at_Lat_38.000_Lon_-97.500,fixed_generator,,node_1,Wind_time_series_by_year/Wind_time_series_2016_at_Lat_38.000_Lon_-97.500.csv,,,0.0160,,,,,,,0.0226,
node_1_solar_at_Lat_38.000_Lon_-96.875,fixed_generator,,node_1,Solar_time_series_by_year/Solar_time_series_2016_at_Lat_38.000_Lon_-96.875.csv,,,0.0148,,,,,,,0.1128,
node_1_wind_at_Lat_38.000_Lon_-96.875,fixed_generator,,node_1,Wind_time_series_by_year/Wind_time_series_2016_at_Lat_38.000_Lon_-96.875.csv,,,0.0160,,,,,,,0.0226,
node_1_solar_at_Lat_38.000_Lon_-96.250,fixed_generator,,node_1,Solar_time_series_by_year/Solar_time_series_2016_at_Lat_38.000_Lon_-96.250.csv,,,0.0148,,,,,,,0.1128,
node_1_wind_at_Lat_38.000_Lon_-96.250,fixed_generator,,node_1,Wind_time_series_by_year/Wind_time_series_2016_at_Lat_38.000_Lon_-96.250.csv,,,0.0160,,,,,,,0.0226,
node_1_solar_at_Lat_38.000_Lon_-95.625,fixed_generator,,node_1,Solar_time_series_by_year/Solar_time_series_2016_at_Lat_38.000_Lon_-95.625.csv,,,0.0148,,,,,,,0.1128,
node_1_wind_at_Lat_38.000_Lon_-95.625,fixed_generator,,node_1,Wind_time_series_by_year/Wind_time_series_2016_at_Lat_38.000_Lon_-95.625.csv,,,0.0160,,,,,,,0.0226,
node_1_solar_at_Lat_38.000_Lon_-95.000,fixed_generator,,node_1,Solar_time_series_by_year/Solar_time_series_2016_at_Lat_38.000_Lon_-95.000.csv,,,0.0148,,,,,,,0.1128,
node_1_wind_at_Lat_38.000_Lon_-95.000,fixed_generator,,node_1,Wind_time_series_by_year/Wind_time_series_2016_at_Lat_38.000_Lon_-95.000.csv,,,0.0160,,,,,,,0.0226,
node_1_solar_at_Lat_38.000_Lon_-94.375,fixed_generator,,node_1,Solar_time_series_by_year/Solar_time_series_2016_at_Lat_38.000_Lon_-94.375.csv,,,0.0148,,,,,,,0.1128,
node_1_wind_at_Lat_38.000_Lon_-94.375,fixed_generator,,node_1,Wind_time_series_by_year/Wind_time_series_2016_at_Lat_38.000_Lon_-94.375.csv,,,0.0160,,,,,,,0.0226,
node_1_solar_at_Lat_38.000_Lon_-93.750,fixed_generator,,node_1,Solar_time_series_by_year/Solar_time_series_2016_at_Lat_38.000_Lon_-93.750.csv,,,0.0148,,,,,,,0.1128,
node_1_wind_at_Lat_38.000_Lon_-93.750,fixed_generator,,node_1,Wind_time_series_by_year/Wind_time_series_2016_at_Lat_38.000_Lon_-93.750.csv,,,0.0160,,,,,,,0.0226,
node_1_solar_at_Lat_38.000_Lon_-93.125,fixed_generator,,node_1,Solar_time_series_by_year/Solar_time_series_2016_at_Lat_38.000_Lon_-93.125.csv,,,0.0148,,,,,,,0.1128,
node_1_wind_at_Lat_38.000_Lon_-93.125,fixed_generator,,node_1,Wind_time_series_by_year/Wind_time_series_2016_at_Lat_38.000_Lon_-93.125.csv,,,0.0160,,,,,,,0.0226,
node_1_solar_at_Lat_38.000_Lon_-92.500,fixed_generator,,node_1,Solar_time_series_by_year/Solar_time_series_2016_at_Lat_38.000_Lon_-92.500.csv,,,0.0148,,,,,,,0.1128,
node_1_wind_at_Lat_38.000_Lon_-92.500,fixed_generator,,node_1,Wind_time_series_by_year/Wind_time_series_2016_at_Lat_38.000_Lon_-92.500.csv,,,0.0160,,,,,,,0.0226,
node_1_solar_at_Lat_38.000_Lon_-91.875,fixed_generator,,node_1,Solar_time_series_by_year/Solar_time_series_2016_at_Lat_38.000_Lon_-91.875.csv,,,0.0148,,,,,,,0.1128,
node_1_wind_at_Lat_38.000_Lon_-91.875,fixed_generator,,node_1,Wind_time_series_by_year/Wind_time_series_2016_at_Lat_38.000_Lon_-91.875.csv,,,0.0160,,,,,,,0.0226,
node_1_solar_at_Lat_38.000_Lon_-91.250,fixed_generator,,node_1,Solar_time_series_by_year/Solar_time_series_2016_at_Lat_38.000_Lon_-91.250.csv,,,0.0148,,,,,,,0.1128,
node_1_wind_at_Lat_38.000_Lon_-91.250,fixed_generator,,node_1,Wind_time_series_by_year/Wind_time_series_2016_at_Lat_38.000_Lon_-91.250.csv,,,0.0160,,,,,,,0.0226,
node_1_solar_at_Lat_38.000_Lon_-90.625,fixed_generator,,node_1,Solar_time_series_by_year/Solar_time_series_2016_at_Lat_38.000_Lon_-90.625.csv,,,0.0148,,,,,,,0.1128,
node_1_wind_at_Lat_38.000_Lon_-90.625,fixed_generator,,node_1,Wind_time_series_by_year/Wind_time_series_2016_at_Lat_38.000_Lon_-90.625.csv,,,0.0160,,,,,,,0.0226,
node_1_solar_at_Lat_38.000_Lon_-90.000,fixed_generator,,node_1,Solar_time_series_by_year/Solar_time_series_2016_at_Lat_38.000_Lon_-90.000.csv,,,0.0148,,,,,,,0.1128,
node_1_wind_at_Lat_38.000_Lon_-90.000,fixed_generator,,node_1,Wind_time_series_by_year/Wind_time_series_2016_at_Lat_38.000_Lon_-90.000.csv,,,0.0160,,,,,,,0.0226,
node_1_solar_at_Lat_38.000_Lon_-89.375,fixed_generator,,node_1,Solar_time_series_by_year/Solar_time_series_2016_at_Lat_38.000_Lon_-89.375.csv,,,0.0148,,,,,,,0.1128,
node_1_wind_at_Lat_38.000_Lon_-89.375,fixed_generator,,node_1,Wind_time_series_by_year/Wind_time_series_2016_at_Lat_38.000_Lon_-89.375.csv,,,0.0160,,,,,,,0.0226,
node_1_solar_at_Lat_38.000_Lon_-88.750,fixed_generator,,node_1,Solar_time_series_by_year/Solar_time_series_2016_at_Lat_38.000_Lon_-88.750.csv,,,0.0148,,,,,,,0.1128,
node_1_wind_at_Lat_38.000_Lon_-88.750,fixed_generator,,node_1,Wind_time_series_by_year/Wind_time_series_2016_at_Lat_38.000_Lon_-88.750.csv,,,0.0160,,,,,,,0.0226,
node_1_solar_at_Lat_38.000_Lon_-88.125,fixed_generator,,node_1,Solar_time_series_by_year/Solar_time_series_2016_at_Lat_38.000_Lon_-88.125.csv,,,0.0148,,,,,,,0.1128,
node_1_wind_at_Lat_38.000_Lon_-88.125,fixed_generator,,node_1,Wind_time_series_by_year/Wind_time_series_2016_at_Lat_38.000_Lon_-88.125.csv,,,0.0160,,,,,,,0.0226,
node_1_solar_at_Lat_38.000_Lon_-87.500,fixed_generator,,node_1,Solar_time_series_by_year/Solar_time_series_2016_at_Lat_38.000_Lon_-87.500.csv,,,0.0148,,,,,,,0.1128,
node_1_wind_at_Lat_38.000_Lon_-87.500,fixed_generator,,node_1,Wind_time_series_by_year/Wind_time_series_2016_at_Lat_38.000_Lon_-87.500.csv,,,0.0160,,,,,,,0.0226,
node_1_solar_at_Lat_38.000_Lon_-86.875,fixed_generator,,node_1,Solar_time_series_by_year/Solar_time_series_2016_at_Lat_38.000_Lon_-86.875.csv,,,0.0148,,,,,,,0.1128,
node_1_wind_at_Lat_38.000_Lon_-86.875,fixed_generator,,node_1,Wind_time_series_by_year/Wind_time_series_2016_at_Lat_38.000_Lon_-86.875.csv,,,0.0160,,,,,,,0.0226,
node_1_solar_at_Lat_38.000_Lon_-86.250,fixed_generator,,node_1,Solar_time_series_by_year/Solar_time_series_2016_at_Lat_38.000_Lon_-86.250.csv,,,0.0148,,,,,,,0.1128,
node_1_wind_at_Lat_38.000_Lon_-86.250,fixed_generator,,node_1,Wind_time_series_by_year/Wind_time_series_2016_at_Lat_38.000_Lon_-86.250.csv,,,0.0160,,,,,,,0.0226,
node_1_solar_at_Lat_38.000_Lon_-85.625,fixed_generator,,node_1,Solar_time_series_by_year/Solar_time_series_2016_at_Lat_38.000_Lon_-85.625.csv,,,0.0148,,,,,,,0.1128,
node_1_wind_at_Lat_38.000_Lon_-85.625,fixed_generator,,node_1,Wind_time_series_by_year/Wind_time_series_2016_at_Lat_38.000_Lon_-85.625.csv,,,0.0160,,,,,,,0.0226,
node_1_solar_at_Lat_38.000_Lon_-85.000,fixed_generator,,node_1,Solar_time_series_by_year/Solar_time_series_2016_at_Lat_38.000_Lon_-85.000.csv,,,0.0148,,,,,,,0.1128,
node_1_wind_at_Lat_38.000_Lon_-85.000,fixed_generator,,node_1,Wind_time_series_by_year/Wind_time_series_2016_at_Lat_38.000_Lon_-85.000.csv,,,0.0160,,,,,,,0.0226,
node_1_solar_at_Lat_38.000_Lon_-84.375,fixed_generator,,node_1,Solar_time_series_by_year/Solar_time_series_2016_at_Lat_38.000_Lon_-84.375.csv,,,0.0148,,,,,,,0.1128,
node_1_wind_at_Lat_38.000_Lon_-84.375,fixed_generator,,node_1,Wind_time_series_by_year/Wind_time_series_2016_at_Lat_38.000_Lon_-84.375.csv,,,0.0160,,,,,,,0.0226,
node_1_solar_at_Lat_38.000_Lon_-83.750,fixed_generator,,node_1,Solar_time_series_by_year/Solar_time_series_2016_at_Lat_38.000_Lon_-83.750.csv,,,0.0148,,,,,,,0.1128,
node_1_wind_at_Lat_38.000_Lon_-83.750,fixed_generator,,node_1,Wind_time_series_by_year/Wind_time_series_2016_at_Lat_38.000_Lon_-83.750.csv,,,0.0160,,,,,,,0.0226,
node_1_solar_at_Lat_38.000_Lon_-83.125,fixed_generator,,node_1,Solar_time_series_by_year/Solar_time_series_2016_at_Lat_38.000_Lon_-83.125.csv,,,0.0148,,,,,,,0.1128,
node_1_wind_at_Lat_38.000_Lon_-83.125,fixed_generator,,node_1,Wind_time_series_by_year/Wind_time_series_2016_at_Lat_38.000_Lon_-83.125.csv,,,0.0160,,,,,,,0.0226,
node_1_solar_at_Lat_38.000_Lon_-82.500,fixed_generator,,node_1,Solar_time_series_by_year/Solar_time_series_2016_at_Lat_38.000_Lon_-82.500.csv,,,0.0148,,,,,,,0.1128,
node_1_wind_at_Lat_38.000_Lon_-82.500,fixed_generator,,node_1,Wind_time_series_by_year/Wind_time_series_2016_at_Lat_38.000_Lon_-82.500.csv,,,0.0160,,,,,,,0.0226,
node_1_solar_at_Lat_38.000_Lon_-81.875,fixed_generator,,node_1,Solar_time_series_by_year/Solar_time_series_2016_at_Lat_38.000_Lon_-81.875.csv,,,0.0148,,,,,,,0.1128,
node_1_wind_at_Lat_38.000_Lon_-81.875,fixed_generator,,node_1,Wind_time_series_by_year/Wind_time_series_2016_at_Lat_38.000_Lon_-81.875.csv,,,0.0160,,,,,,,0.0226,
node_1_solar_at_Lat_38.000_Lon_-81.250,fixed_generator,,node_1,Solar_time_series_by_year/Solar_time_series_2016_at_Lat_38.000_Lon_-81.250.csv,,,0.0148,,,,,,,0.1128,
node_1_wind_at_Lat_38.000_Lon_-81.250,fixed_generator,,node_1,Wind_time_series_by_year/Wind_time_series_2016_at_Lat_38.000_Lon_-81.250.csv,,,0.0160,,,,,,,0.0226,
node_1_solar_at_Lat_38.000_Lon_-80.625,fixed_generator,,node_1,Solar_time_series_by_year/Solar_time_series_2016_at_Lat_38.000_Lon_-80.625.csv,,,0.0148,,,,,,,0.1128,
node_1_wind_at_Lat_38.000_Lon_-80.625,fixed_generator,,node_1,Wind_time_series_by_year/Wind_time_series_2016_at_Lat_38.000_Lon_-80.625.csv,,,0.0160,,,,,,,0.0226,
node_1_solar_at_Lat_38.000_Lon_-80.000,fixed_generator,,node_1,Solar_time_series_by_year/Solar_time_series_2016_at_Lat_38.000_Lon_-80.000.csv,,,0.0148,,,,,,,0.1128,
node_1_wind_at_Lat_38.000_Lon_-80.000,fixed_generator,,node_1,Wind_time_series_by_year/Wind_time_series_2016_at_Lat_38.000_Lon_-80.000.csv,,,0.0160,,,,,,,0.0226,
node_1_solar_at_Lat_38.000_Lon_-79.375,fixed_generator,,node_1,Solar_time_series_by_year/Solar_time_series_2016_at_Lat_38.000_Lon_-79.375.csv,,,0.0148,,,,,,,0.1128,
node_1_wind_at_Lat_38.000_Lon_-79.375,fixed_generator,,node_1,Wind_time_series_by_year/Wind_time_series_2016_at_Lat_38.000_Lon_-79.375.csv,,,0.0160,,,,,,,0.0226,
node_1_solar_at_Lat_38.000_Lon_-78.750,fixed_generator,,node_1,Solar_time_series_by_year/Solar_time_series_2016_at_Lat_38.000_Lon_-78.750.csv,,,0.0148,,,,,,,0.1128,
node_1_wind_at_Lat_38.000_Lon_-78.750,fixed_generator,,node_1,Wind_time_series_by_year/Wind_time_series_2016_at_Lat_38.000_Lon_-78.750.csv,,,0.0160,,,,,,,0.0226,
node_1_solar_at_Lat_38.000_Lon_-78.125,fixed_generator,,node_1,Solar_time_series_by_year/Solar_time_series_2016_at_Lat_38.000_Lon_-78.125.csv,,,0.0148,,,,,,,0.1128,
node_1_wind_at_Lat_38.000_Lon_-78.125,fixed_generator,,node_1,Wind_time_series_by_year/Wind_time_series_2016_at_Lat_38.000_Lon_-78.125.csv,,,0.0160,,,,,,,0.0226,
node_1_solar_at_Lat_38.000_Lon_-77.500,fixed_generator,,node_1,Solar_time_series_by_year/Solar_time_series_2016_at_Lat_38.000_Lon_-77.500.csv,,,0.0148,,,,,,,0.1128,
node_1_wind_at_Lat_38.000_Lon_-77.500,fixed_generator,,node_1,Wind_time_series_by_year/Wind_time_series_2016_at_Lat_38.000_Lon_-77.500.csv,,,0.0160,,,,,,,0.0226,
node_1_solar_at_Lat_38.000_Lon_-75.625,fixed_generator,,node_1,Solar_time_series_by_year/Solar_time_series_2016_at_Lat_38.000_Lon_-75.625.csv,,,0.0148,,,,,,,0.1128,
node_1_wind_at_Lat_38.000_Lon_-75.625,fixed_generator,,node_1,Wind_time_series_by_year/Wind_time_series_2016_at_Lat_38.000_Lon_-75.625.csv,,,0.0160,,,,,,,0.0226,
node_1_solar_at_Lat_38.500_Lon_-123.125,fixed_generator,,node_1,Solar_time_series_by_year/Solar_time_series_2016_at_Lat_38.500_Lon_-123.125.csv,,,0.0148,,,,,,,0.1120,
node_1_wind_at_Lat_38.500_Lon_-123.125,fixed_generator,,node_1,Wind_time_series_by_year/Wind_time_series_2016_at_Lat_38.500_Lon_-123.125.csv,,,0.0160,,,,,,,0.0224,
node_1_solar_at_Lat_38.500_Lon_-122.500,fixed_generator,,node_1,Solar_time_series_by_year/Solar_time_series_2016_at_Lat_38.500_Lon_-122.500.csv,,,0.0148,,,,,,,0.1120,
node_1_wind_at_Lat_38.500_Lon_-122.500,fixed_generator,,node_1,Wind_time_series_by_year/Wind_time_series_2016_at_Lat_38.500_Lon_-122.500.csv,,,0.0160,,,,,,,0.0224,
node_1_solar_at_Lat_38.500_Lon_-121.875,fixed_generator,,node_1,Solar_time_series_by_year/Solar_time_series_2016_at_Lat_38.500_Lon_-121.875.csv,,,0.0148,,,,,,,0.1120,
node_1_wind_at_Lat_38.500_Lon_-121.875,fixed_generator,,node_1,Wind_time_series_by_year/Wind_time_series_2016_at_Lat_38.500_Lon_-121.875.csv,,,0.0160,,,,,,,0.0224,
node_1_solar_at_Lat_38.500_Lon_-121.250,fixed_generator,,node_1,Solar_time_series_by_year/Solar_time_series_2016_at_Lat_38.500_Lon_-121.250.csv,,,0.0148,,,,,,,0.1120,
node_1_wind_at_Lat_38.500_Lon_-121.250,fixed_generator,,node_1,Wind_time_series_by_year/Wind_time_series_2016_at_Lat_38.500_Lon_-121.250.csv,,,0.0160,,,,,,,0.0224,
node_1_solar_at_Lat_38.500_Lon_-120.625,fixed_generator,,node_1,Solar_time_series_by_year/Solar_time_series_2016_at_Lat_38.500_Lon_-120.625.csv,,,0.0148,,,,,,,0.1120,
node_1_wind_at_Lat_38.500_Lon_-120.625,fixed_generator,,node_1,Wind_time_series_by_year/Wind_time_series_2016_at_Lat_38.500_Lon_-120.625.csv,,,0.0160,,,,,,,0.0224,
node_1_solar_at_Lat_38.500_Lon_-120.000,fixed_generator,,node_1,Solar_time_series_by_year/Solar_time_series_2016_at_Lat_38.500_Lon_-120.000.csv,,,0.0148,,,,,,,0.1120,
node_1_wind_at_Lat_38.500_Lon_-120.000,fixed_generator,,node_1,Wind_time_series_by_year/Wind_time_series_2016_at_Lat_38.500_Lon_-120.000.csv,,,0.0160,,,,,,,0.0224,
node_1_solar_at_Lat_38.500_Lon_-119.375,fixed_generator,,node_1,Solar_time_series_by_year/Solar_time_series_2016_at_Lat_38.500_Lon_-119.375.csv,,,0.0148,,,,,,,0.1120,
node_1_wind_at_Lat_38.500_Lon_-119.375,fixed_generator,,node_1,Wind_time_series_by_year/Wind_time_series_2016_at_Lat_38.500_Lon_-119.375.csv,,,0.0160,,,,,,,0.0224,
node_1_solar_at_Lat_38.500_Lon_-118.750,fixed_generator,,node_1,Solar_time_series_by_year/Solar_time_series_2016_at_Lat_38.500_Lon_-118.750.csv,,,0.0148,,,,,,,0.1120,
node_1_wind_at_Lat_38.500_Lon_-118.750,fixed_generator,,node_1,Wind_time_series_by_year/Wind_time_series_2016_at_Lat_38.500_Lon_-118.750.csv,,,0.0160,,,,,,,0.0224,
node_1_solar_at_Lat_38.500_Lon_-118.125,fixed_generator,,node_1,Solar_time_series_by_year/Solar_time_series_2016_at_Lat_38.500_Lon_-118.125.csv,,,0.0148,,,,,,,0.1120,
node_1_wind_at_Lat_38.500_Lon_-118.125,fixed_generator,,node_1,Wind_time_series_by_year/Wind_time_series_2016_at_Lat_38.500_Lon_-118.125.csv,,,0.0160,,,,,,,0.0224,
node_1_solar_at_Lat_38.500_Lon_-117.500,fixed_generator,,node_1,Solar_time_series_by_year/Solar_time_series_2016_at_Lat_38.500_Lon_-117.500.csv,,,0.0148,,,,,,,0.1120,
node_1_wind_at_Lat_38.500_Lon_-117.500,fixed_generator,,node_1,Wind_time_series_by_year/Wind_time_series_2016_at_Lat_38.500_Lon_-117.500.csv,,,0.0160,,,,,,,0.0224,
node_1_solar_at_Lat_38.500_Lon_-116.875,fixed_generator,,node_1,Solar_time_series_by_year/Solar_time_series_2016_at_Lat_38.500_Lon_-116.875.csv,,,0.0148,,,,,,,0.1120,
node_1_wind_at_Lat_38.500_Lon_-116.875,fixed_generator,,node_1,Wind_time_series_by_year/Wind_time_series_2016_at_Lat_38.500_Lon_-116.875.csv,,,0.0160,,,,,,,0.0224,
node_1_solar_at_Lat_38.500_Lon_-116.250,fixed_generator,,node_1,Solar_time_series_by_year/Solar_time_series_2016_at_Lat_38.500_Lon_-116.250.csv,,,0.0148,,,,,,,0.1120,
node_1_wind_at_Lat_38.500_Lon_-116.250,fixed_generator,,node_1,Wind_time_series_by_year/Wind_time_series_2016_at_Lat_38.500_Lon_-116.250.csv,,,0.0160,,,,,,,0.0224,
node_1_solar_at_Lat_38.500_Lon_-115.625,fixed_generator,,node_1,Solar_time_series_by_year/Solar_time_series_2016_at_Lat_38.500_Lon_-115.625.csv,,,0.0148,,,,,,,0.1120,
node_1_wind_at_Lat_38.500_Lon_-115.625,fixed_generator,,node_1,Wind_time_series_by_year/Wind_time_series_2016_at_Lat_38.500_Lon_-115.625.csv,,,0.0160,,,,,,,0.0224,
node_1_solar_at_Lat_38.500_Lon_-115.000,fixed_generator,,node_1,Solar_time_series_by_year/Solar_time_series_2016_at_Lat_38.500_Lon_-115.000.csv,,,0.0148,,,,,,,0.1120,
node_1_wind_at_Lat_38.500_Lon_-115.000,fixed_generator,,node_1,Wind_time_series_by_year/Wind_time_series_2016_at_Lat_38.500_Lon_-115.000.csv,,,0.0160,,,,,,,0.0224,
node_1_solar_at_Lat_38.500_Lon_-114.375,fixed_generator,,node_1,Solar_time_series_by_year/Solar_time_series_2016_at_Lat_38.500_Lon_-114.375.csv,,,0.0148,,,,,,,0.1120,
node_1_wind_at_Lat_38.500_Lon_-114.375,fixed_generator,,node_1,Wind_time_series_by_year/Wind_time_series_2016_at_Lat_38.500_Lon_-114.375.csv,,,0.0160,,,,,,,0.0224,
node_1_solar_at_Lat_38.500_Lon_-113.750,fixed_generator,,node_1,Solar_time_series_by_year/Solar_time_series_2016_at_Lat_38.500_Lon_-113.750.csv,,,0.0148,,,,,,,0.1120,
node_1_wind_at_Lat_38.500_Lon_-113.750,fixed_generator,,node_1,Wind_time_series_by_year/Wind_time_series_2016_at_Lat_38.500_Lon_-113.750.csv,,,0.0160,,,,,,,0.0224,
node_1_solar_at_Lat_38.500_Lon_-113.125,fixed_generator,,node_1,Solar_time_series_by_year/Solar_time_series_2016_at_Lat_38.500_Lon_-113.125.csv,,,0.0148,,,,,,,0.1120,
node_1_wind_at_Lat_38.500_Lon_-113.125,fixed_generator,,node_1,Wind_time_series_by_year/Wind_time_series_2016_at_Lat_38.500_Lon_-113.125.csv,,,0.0160,,,,,,,0.0224,
node_1_solar_at_Lat_38.500_Lon_-112.500,fixed_generator,,node_1,Solar_time_series_by_year/Solar_time_series_2016_at_Lat_38.500_Lon_-112.500.csv,,,0.0148,,,,,,,0.1120,
node_1_wind_at_Lat_38.500_Lon_-112.500,fixed_generator,,node_1,Wind_time_series_by_year/Wind_time_series_2016_at_Lat_38.500_Lon_-112.500.csv,,,0.0160,,,,,,,0.0224,
node_1_solar_at_Lat_38.500_Lon_-111.875,fixed_generator,,node_1,Solar_time_series_by_year/Solar_time_series_2016_at_Lat_38.500_Lon_-111.875.csv,,,0.0148,,,,,,,0.1120,
node_1_wind_at_Lat_38.500_Lon_-111.875,fixed_generator,,node_1,Wind_time_series_by_year/Wind_time_series_2016_at_Lat_38.500_Lon_-111.875.csv,,,0.0160,,,,,,,0.0224,
node_1_solar_at_Lat_38.500_Lon_-111.250,fixed_generator,,node_1,Solar_time_series_by_year/Solar_time_series_2016_at_Lat_38.500_Lon_-111.250.csv,,,0.0148,,,,,,,0.1120,
node_1_wind_at_Lat_38.500_Lon_-111.250,fixed_generator,,node_1,Wind_time_series_by_year/Wind_time_series_2016_at_Lat_38.500_Lon_-111.250.csv,,,0.0160,,,,,,,0.0224,
node_1_solar_at_Lat_38.500_Lon_-110.625,fixed_generator,,node_1,Solar_time_series_by_year/Solar_time_series_2016_at_Lat_38.500_Lon_-110.625.csv,,,0.0148,,,,,,,0.1120,
node_1_wind_at_Lat_38.500_Lon_-110.625,fixed_generator,,node_1,Wind_time_series_by_year/Wind_time_series_2016_at_Lat_38.500_Lon_-110.625.csv,,,0.0160,,,,,,,0.0224,
node_1_solar_at_Lat_38.500_Lon_-110.000,fixed_generator,,node_1,Solar_time_series_by_year/Solar_time_series_2016_at_Lat_38.500_Lon_-110.000.csv,,,0.0148,,,,,,,0.1120,
node_1_wind_at_Lat_38.500_Lon_-110.000,fixed_generator,,node_1,Wind_time_series_by_year/Wind_time_series_2016_at_Lat_38.500_Lon_-110.000.csv,,,0.0160,,,,,,,0.0224,
node_1_solar_at_Lat_38.500_Lon_-109.375,fixed_generator,,node_1,Solar_time_series_by_year/Solar_time_series_2016_at_Lat_38.500_Lon_-109.375.csv,,,0.0148,,,,,,,0.1120,
node_1_wind_at_Lat_38.500_Lon_-109.375,fixed_generator,,node_1,Wind_time_series_by_year/Wind_time_series_2016_at_Lat_38.500_Lon_-109.375.csv,,,0.0160,,,,,,,0.0224,
node_1_solar_at_Lat_38.500_Lon_-108.750,fixed_generator,,node_1,Solar_time_series_by_year/Solar_time_series_2016_at_Lat_38.500_Lon_-108.750.csv,,,0.0148,,,,,,,0.1120,
node_1_wind_at_Lat_38.500_Lon_-108.750,fixed_generator,,node_1,Wind_time_series_by_year/Wind_time_series_2016_at_Lat_38.500_Lon_-108.750.csv,,,0.0160,,,,,,,0.0224,
node_1_solar_at_Lat_38.500_Lon_-108.125,fixed_generator,,node_1,Solar_time_series_by_year/Solar_time_series_2016_at_Lat_38.500_Lon_-108.125.csv,,,0.0148,,,,,,,0.1120,
node_1_wind_at_Lat_38.500_Lon_-108.125,fixed_generator,,node_1,Wind_time_series_by_year/Wind_time_series_2016_at_Lat_38.500_Lon_-108.125.csv,,,0.0160,,,,,,,0.0224,
node_1_solar_at_Lat_38.500_Lon_-107.500,fixed_generator,,node_1,Solar_time_series_by_year/Solar_time_series_2016_at_Lat_38.500_Lon_-107.500.csv,,,0.0148,,,,,,,0.1120,
node_1_wind_at_Lat_38.500_Lon_-107.500,fixed_generator,,node_1,Wind_time_series_by_year/Wind_time_series_2016_at_Lat_38.500_Lon_-107.500.csv,,,0.0160,,,,,,,0.0224,
node_1_solar_at_Lat_38.500_Lon_-106.875,fixed_generator,,node_1,Solar_time_series_by_year/Solar_time_series_2016_at_Lat_38.500_Lon_-106.875.csv,,,0.0148,,,,,,,0.1120,
node_1_wind_at_Lat_38.500_Lon_-106.875,fixed_generator,,node_1,Wind_time_series_by_year/Wind_time_series_2016_at_Lat_38.500_Lon_-106.875.csv,,,0.0160,,,,,,,0.0224,
node_1_solar_at_Lat_38.500_Lon_-106.250,fixed_generator,,node_1,Solar_time_series_by_year/Solar_time_series_2016_at_Lat_38.500_Lon_-106.250.csv,,,0.0148,,,,,,,0.1120,
node_1_wind_at_Lat_38.500_Lon_-106.250,fixed_generator,,node_1,Wind_time_series_by_year/Wind_time_series_2016_at_Lat_38.500_Lon_-106.250.csv,,,0.0160,,,,,,,0.0224,
node_1_solar_at_Lat_38.500_Lon_-105.625,fixed_generator,,node_1,Solar_time_series_by_year/Solar_time_series_2016_at_Lat_38.500_Lon_-105.625.csv,,,0.0148,,,,,,,0.1120,
node_1_wind_at_Lat_38.500_Lon_-105.625,fixed_generator,,node_1,Wind_time_series_by_year/Wind_time_series_2016_at_Lat_38.500_Lon_-105.625.csv,,,0.0160,,,,,,,0.0224,
node_1_solar_at_Lat_38.500_Lon_-105.000,fixed_generator,,node_1,Solar_time_series_by_year/Solar_time_series_2016_at_Lat_38.500_Lon_-105.000.csv,,,0.0148,,,,,,,0.1120,
node_1_wind_at_Lat_38.500_Lon_-105.000,fixed_generator,,node_1,Wind_time_series_by_year/Wind_time_series_2016_at_Lat_38.500_Lon_-105.000.csv,,,0.0160,,,,,,,0.0224,
node_1_solar_at_Lat_38.500_Lon_-104.375,fixed_generator,,node_1,Solar_time_series_by_year/Solar_time_series_2016_at_Lat_38.500_Lon_-104.375.csv,,,0.0148,,,,,,,0.1120,
node_1_wind_at_Lat_38.500_Lon_-104.375,fixed_generator,,node_1,Wind_time_series_by_year/Wind_time_series_2016_at_Lat_38.500_Lon_-104.375.csv,,,0.0160,,,,,,,0.0224,
node_1_solar_at_Lat_38.500_Lon_-103.750,fixed_generator,,node_1,Solar_time_series_by_year/Solar_time_series_2016_at_Lat_38.500_Lon_-103.750.csv,,,0.0148,,,,,,,0.1120,
node_1_wind_at_Lat_38.500_Lon_-103.750,fixed_generator,,node_1,Wind_time_series_by_year/Wind_time_series_2016_at_Lat_38.500_Lon_-103.750.csv,,,0.0160,,,,,,,0.0224,
node_1_solar_at_Lat_38.500_Lon_-103.125,fixed_generator,,node_1,Solar_time_series_by_year/Solar_time_series_2016_at_Lat_38.500_Lon_-103.125.csv,,,0.0148,,,,,,,0.1120,
node_1_wind_at_Lat_38.500_Lon_-103.125,fixed_generator,,node_1,Wind_time_series_by_year/Wind_time_series_2016_at_Lat_38.500_Lon_-103.125.csv,,,0.0160,,,,,,,0.0224,
node_1_solar_at_Lat_38.500_Lon_-102.500,fixed_generator,,node_1,Solar_time_series_by_year/Solar_time_series_2016_at_Lat_38.500_Lon_-102.500.csv,,,0.0148,,,,,,,0.1120,
node_1_wind_at_Lat_38.500_Lon_-102.500,fixed_generator,,node_1,Wind_time_series_by_year/Wind_time_series_2016_at_Lat_38.500_Lon_-102.500.csv,,,0.0160,,,,,,,0.0224,
node_1_solar_at_Lat_38.500_Lon_-101.875,fixed_generator,,node_1,Solar_time_series_by_year/Solar_time_series_2016_at_Lat_38.500_Lon_-101.875.csv,,,0.0148,,,,,,,0.1120,
node_1_wind_at_Lat_38.500_Lon_-101.875,fixed_generator,,node_1,Wind_time_series_by_year/Wind_time_series_2016_at_Lat_38.500_Lon_-101.875.csv,,,0.0160,,,,,,,0.0224,
node_1_solar_at_Lat_38.500_Lon_-101.250,fixed_generator,,node_1,Solar_time_series_by_year/Solar_time_series_2016_at_Lat_38.500_Lon_-101.250.csv,,,0.0148,,,,,,,0.1120,
node_1_wind_at_Lat_38.500_Lon_-101.250,fixed_generator,,node_1,Wind_time_series_by_year/Wind_time_series_2016_at_Lat_38.500_Lon_-101.250.csv,,,0.0160,,,,,,,0.0224,
node_1_solar_at_Lat_38.500_Lon_-100.625,fixed_generator,,node_1,Solar_time_series_by_year/Solar_time_series_2016_at_Lat_38.500_Lon_-100.625.csv,,,0.0148,,,,,,,0.1120,
node_1_wind_at_Lat_38.500_Lon_-100.625,fixed_generator,,node_1,Wind_time_series_by_year/Wind_time_series_2016_at_Lat_38.500_Lon_-100.625.csv,,,0.0160,,,,,,,0.0224,
node_1_solar_at_Lat_38.500_Lon_-100.000,fixed_generator,,node_1,Solar_time_series_by_year/Solar_time_series_2016_at_Lat_38.500_Lon_-100.000.csv,,,0.0148,,,,,,,0.1120,
node_1_wind_at_Lat_38.500_Lon_-100.000,fixed_generator,,node_1,Wind_time_series_by_year/Wind_time_series_2016_at_Lat_38.500_Lon_-100.000.csv,,,0.0160,,,,,,,0.0224,
node_1_solar_at_Lat_38.500_Lon_-99.375,fixed_generator,,node_1,Solar_time_series_by_year/Solar_time_series_2016_at_Lat_38.500_Lon_-99.375.csv,,,0.0148,,,,,,,0.1120,
node_1_wind_at_Lat_38.500_Lon_-99.375,fixed_generator,,node_1,Wind_time_series_by_year/Wind_time_series_2016_at_Lat_38.500_Lon_-99.375.csv,,,0.0160,,,,,,,0.0224,
node_1_solar_at_Lat_38.500_Lon_-98.750,fixed_generator,,node_1,Solar_time_series_by_year/Solar_time_series_2016_at_Lat_38.500_Lon_-98.750.csv,,,0.0148,,,,,,,0.1120,
node_1_wind_at_Lat_38.500_Lon_-98.750,fixed_generator,,node_1,Wind_time_series_by_year/Wind_time_series_2016_at_Lat_38.500_Lon_-98.750.csv,,,0.0160,,,,,,,0.0224,
node_1_solar_at_Lat_38.500_Lon_-98.125,fixed_generator,,node_1,Solar_time_series_by_year/Solar_time_series_2016_at_Lat_38.500_Lon_-98.125.csv,,,0.0148,,,,,,,0.1120,
node_1_wind_at_Lat_38.500_Lon_-98.125,fixed_generator,,node_1,Wind_time_series_by_year/Wind_time_series_2016_at_Lat_38.500_Lon_-98.125.csv,,,0.0160,,,,,,,0.0224,
node_1_solar_at_Lat_38.500_Lon_-97.500,fixed_generator,,node_1,Solar_time_series_by_year/Solar_time_series_2016_at_Lat_38.500_Lon_-97.500.csv,,,0.0148,,,,,,,0.1120,
node_1_wind_at_Lat_38.500_Lon_-97.500,fixed_generator,,node_1,Wind_time_series_by_year/Wind_time_series_2016_at_Lat_38.500_Lon_-97.500.csv,,,0.0160,,,,,,,0.0224,
node_1_solar_at_Lat_38.500_Lon_-96.875,fixed_generator,,node_1,Solar_time_series_by_year/Solar_time_series_2016_at_Lat_38.500_Lon_-96.875.csv,,,0.0148,,,,,,,0.1120,
node_1_wind_at_Lat_38.500_Lon_-96.875,fixed_generator,,node_1,Wind_time_series_by_year/Wind_time_series_2016_at_Lat_38.500_Lon_-96.875.csv,,,0.0160,,,,,,,0.0224,
node_1_solar_at_Lat_38.500_Lon_-96.250,fixed_generator,,node_1,Solar_time_series_by_year/Solar_time_series_2016_at_Lat_38.500_Lon_-96.250.csv,,,0.0148,,,,,,,0.1120,
node_1_wind_at_Lat_38.500_Lon_-96.250,fixed_generator,,node_1,Wind_time_series_by_year/Wind_time_series_2016_at_Lat_38.500_Lon_-96.250.csv,,,0.0160,,,,,,,0.0224,
node_1_solar_at_Lat_38.500_Lon_-95.625,fixed_generator,,node_1,Solar_time_series_by_year/Solar_time_series_2016_at_Lat_38.500_Lon_-95.625.csv,,,0.0148,,,,,,,0.1120,
node_1_wind_at_Lat_38.500_Lon_-95.625,fixed_generator,,node_1,Wind_time_series_by_year/Wind_time_series_2016_at_Lat_38.500_Lon_-95.625.csv,,,0.0160,,,,,,,0.0224,
node_1_solar_at_Lat_38.500_Lon_-95.000,fixed_generator,,node_1,Solar_time_series_by_year/Solar_time_series_2016_at_Lat_38.500_Lon_-95.000.csv,,,0.0148,,,,,,,0.1120,
node_1_wind_at_Lat_38.500_Lon_-95.000,fixed_generator,,node_1,Wind_time_series_by_year/Wind_time_series_2016_at_Lat_38.500_Lon_-95.000.csv,,,0.0160,,,,,,,0.0224,
node_1_solar_at_Lat_38.500_Lon_-94.375,fixed_generator,,node_1,Solar_time_series_by_year/Solar_time_series_2016_at_Lat_38.500_Lon_-94.375.csv,,,0.0148,,,,,,,0.1120,
node_1_wind_at_Lat_38.500_Lon_-94.375,fixed_generator,,node_1,Wind_time_series_by_year/Wind_time_series_2016_at_Lat_38.500_Lon_-94.375.csv,,,0.0160,,,,,,,0.0224,
node_1_solar_at_Lat_38.500_Lon_-93.750,fixed_generator,,node_1,Solar_time_series_by_year/Solar_time_series_2016_at_Lat_38.500_Lon_-93.750.csv,,,0.0148,,,,,,,0.1120,
node_1_wind_at_Lat_38.500_Lon_-93.750,fixed_generator,,node_1,Wind_time_series_by_year/Wind_time_series_2016_at_Lat_38.500_Lon_-93.750.csv,,,0.0160,,,,,,,0.0224,
node_1_solar_at_Lat_38.500_Lon_-93.125,fixed_generator,,node_1,Solar_time_series_by_year/Solar_time_series_2016_at_Lat_38.500_Lon_-93.125.csv,,,0.0148,,,,,,,0.1120,
node_1_wind_at_Lat_38.500_Lon_-93.125,fixed_generator,,node_1,Wind_time_series_by_year/Wind_time_series_2016_at_Lat_38.500_Lon_-93.125.csv,,,0.0160,,,,,,,0.0224,
node_1_solar_at_Lat_38.500_Lon_-92.500,fixed_generator,,node_1,Solar_time_series_by_year/Solar_time_series_2016_at_Lat_38.500_Lon_-92.500.csv,,,0.0148,,,,,,,0.1120,
node_1_wind_at_Lat_38.500_Lon_-92.500,fixed_generator,,node_1,Wind_time_series_by_year/Wind_time_series_2016_at_Lat_38.500_Lon_-92.500.csv,,,0.0160,,,,,,,0.0224,
node_1_solar_at_Lat_38.500_Lon_-91.875,fixed_generator,,node_1,Solar_time_series_by_year/Solar_time_series_2016_at_Lat_38.500_Lon_-91.875.csv,,,0.0148,,,,,,,0.1120,
node_1_wind_at_Lat_38.500_Lon_-91.875,fixed_generator,,node_1,Wind_time_series_by_year/Wind_time_series_2016_at_Lat_38.500_Lon_-91.875.csv,,,0.0160,,,,,,,0.0224,
node_1_solar_at_Lat_38.500_Lon_-91.250,fixed_generator,,node_1,Solar_time_series_by_year/Solar_time_series_2016_at_Lat_38.500_Lon_-91.250.csv,,,0.0148,,,,,,,0.1120,
node_1_wind_at_Lat_38.500_Lon_-91.250,fixed_generator,,node_1,Wind_time_series_by_year/Wind_time_series_2016_at_Lat_38.500_Lon_-91.250.csv,,,0.0160,,,,,,,0.0224,
node_1_solar_at_Lat_38.500_Lon_-90.625,fixed_generator,,node_1,Solar_time_series_by_year/Solar_time_series_2016_at_Lat_38.500_Lon_-90.625.csv,,,0.0148,,,,,,,0.1120,
node_1_wind_at_Lat_38.500_Lon_-90.625,fixed_generator,,node_1,Wind_time_series_by_year/Wind_time_series_2016_at_Lat_38.500_Lon_-90.625.csv,,,0.0160,,,,,,,0.0224,
node_1_solar_at_Lat_38.500_Lon_-90.000,fixed_generator,,node_1,Solar_time_series_by_year/Solar_time_series_2016_at_Lat_38.500_Lon_-90.000.csv,,,0.0148,,,,,,,0.1120,
node_1_wind_at_Lat_38.500_Lon_-90.000,fixed_generator,,node_1,Wind_time_series_by_year/Wind_time_series_2016_at_Lat_38.500_Lon_-90.000.csv,,,0.0160,,,,,,,0.0224,
node_1_solar_at_Lat_38.500_Lon_-89.375,fixed_generator,,node_1,Solar_time_series_by_year/Solar_time_series_2016_at_Lat_38.500_Lon_-89.375.csv,,,0.0148,,,,,,,0.1120,
node_1_wind_at_Lat_38.500_Lon_-89.375,fixed_generator,,node_1,Wind_time_series_by_year/Wind_time_series_2016_at_Lat_38.500_Lon_-89.375.csv,,,0.0160,,,,,,,0.0224,
node_1_solar_at_Lat_38.500_Lon_-88.750,fixed_generator,,node_1,Solar_time_series_by_year/Solar_time_series_2016_at_Lat_38.500_Lon_-88.750.csv,,,0.0148,,,,,,,0.1120,
node_1_wind_at_Lat_38.500_Lon_-88.750,fixed_generator,,node_1,Wind_time_series_by_year/Wind_time_series_2016_at_Lat_38.500_Lon_-88.750.csv,,,0.0160,,,,,,,0.0224,
node_1_solar_at_Lat_38.500_Lon_-88.125,fixed_generator,,node_1,Solar_time_series_by_year/Solar_time_series_2016_at_Lat_38.500_Lon_-88.125.csv,,,0.0148,,,,,,,0.1120,
node_1_wind_at_Lat_38.500_Lon_-88.125,fixed_generator,,node_1,Wind_time_series_by_year/Wind_time_series_2016_at_Lat_38.500_Lon_-88.125.csv,,,0.0160,,,,,,,0.0224,
node_1_solar_at_Lat_38.500_Lon_-87.500,fixed_generator,,node_1,Solar_time_series_by_year/Solar_time_series_2016_at_Lat_38.500_Lon_-87.500.csv,,,0.0148,,,,,,,0.1120,
node_1_wind_at_Lat_38.500_Lon_-87.500,fixed_generator,,node_1,Wind_time_series_by_year/Wind_time_series_2016_at_Lat_38.500_Lon_-87.500.csv,,,0.0160,,,,,,,0.0224,
node_1_solar_at_Lat_38.500_Lon_-86.875,fixed_generator,,node_1,Solar_time_series_by_year/Solar_time_series_2016_at_Lat_38.500_Lon_-86.875.csv,,,0.0148,,,,,,,0.1120,
node_1_wind_at_Lat_38.500_Lon_-86.875,fixed_generator,,node_1,Wind_time_series_by_year/Wind_time_series_2016_at_Lat_38.500_Lon_-86.875.csv,,,0.0160,,,,,,,0.0224,
node_1_solar_at_Lat_38.500_Lon_-86.250,fixed_generator,,node_1,Solar_time_series_by_year/Solar_time_series_2016_at_Lat_38.500_Lon_-86.250.csv,,,0.0148,,,,,,,0.1120,
node_1_wind_at_Lat_38.500_Lon_-86.250,fixed_generator,,node_1,Wind_time_series_by_year/Wind_time_series_2016_at_Lat_38.500_Lon_-86.250.csv,,,0.0160,,,,,,,0.0224,
node_1_solar_at_Lat_38.500_Lon_-85.625,fixed_generator,,node_1,Solar_time_series_by_year/Solar_time_series_2016_at_Lat_38.500_Lon_-85.625.csv,,,0.0148,,,,,,,0.1120,
node_1_wind_at_Lat_38.500_Lon_-85.625,fixed_generator,,node_1,Wind_time_series_by_year/Wind_time_series_2016_at_Lat_38.500_Lon_-85.625.csv,,,0.0160,,,,,,,0.0224,
node_1_solar_at_Lat_38.500_Lon_-85.000,fixed_generator,,node_1,Solar_time_series_by_year/Solar_time_series_2016_at_Lat_38.500_Lon_-85.000.csv,,,0.0148,,,,,,,0.1120,
node_1_wind_at_Lat_38.500_Lon_-85.000,fixed_generator,,node_1,Wind_time_series_by_year/Wind_time_series_2016_at_Lat_38.500_Lon_-85.000.csv,,,0.0160,,,,,,,0.0224,
node_1_solar_at_Lat_38.500_Lon_-84.375,fixed_generator,,node_1,Solar_time_series_by_year/Solar_time_series_2016_at_Lat_38.500_Lon_-84.375.csv,,,0.0148,,,,,,,0.1120,
node_1_wind_at_Lat_38.500_Lon_-84.375,fixed_generator,,node_1,Wind_time_series_by_year/Wind_time_series_2016_at_Lat_38.500_Lon_-84.375.csv,,,0.0160,,,,,,,0.0224,
node_1_solar_at_Lat_38.500_Lon_-83.750,fixed_generator,,node_1,Solar_time_series_by_year/Solar_time_series_2016_at_Lat_38.500_Lon_-83.750.csv,,,0.0148,,,,,,,0.1120,
node_1_wind_at_Lat_38.500_Lon_-83.750,fixed_generator,,node_1,Wind_time_series_by_year/Wind_time_series_2016_at_Lat_38.500_Lon_-83.750.csv,,,0.0160,,,,,,,0.0224,
node_1_solar_at_Lat_38.500_Lon_-83.125,fixed_generator,,node_1,Solar_time_series_by_year/Solar_time_series_2016_at_Lat_38.500_Lon_-83.125.csv,,,0.0148,,,,,,,0.1120,
node_1_wind_at_Lat_38.500_Lon_-83.125,fixed_generator,,node_1,Wind_time_series_by_year/Wind_time_series_2016_at_Lat_38.500_Lon_-83.125.csv,,,0.0160,,,,,,,0.0224,
node_1_solar_at_Lat_38.500_Lon_-82.500,fixed_generator,,node_1,Solar_time_series_by_year/Solar_time_series_2016_at_Lat_38.500_Lon_-82.500.csv,,,0.0148,,,,,,,0.1120,
node_1_wind_at_Lat_38.500_Lon_-82.500,fixed_generator,,node_1,Wind_time_series_by_year/Wind_time_series_2016_at_Lat_38.500_Lon_-82.500.csv,,,0.0160,,,,,,,0.0224,
node_1_solar_at_Lat_38.500_Lon_-81.875,fixed_generator,,node_1,Solar_time_series_by_year/Solar_time_series_2016_at_Lat_38.500_Lon_-81.875.csv,,,0.0148,,,,,,,0.1120,
node_1_wind_at_Lat_38.500_Lon_-81.875,fixed_generator,,node_1,Wind_time_series_by_year/Wind_time_series_2016_at_Lat_38.500_Lon_-81.875.csv,,,0.0160,,,,,,,0.0224,
node_1_solar_at_Lat_38.500_Lon_-81.250,fixed_generator,,node_1,Solar_time_series_by_year/Solar_time_series_2016_at_Lat_38.500_Lon_-81.250.csv,,,0.0148,,,,,,,0.1120,
node_1_wind_at_Lat_38.500_Lon_-81.250,fixed_generator,,node_1,Wind_time_series_by_year/Wind_time_series_2016_at_Lat_38.500_Lon_-81.250.csv,,,0.0160,,,,,,,0.0224,
node_1_solar_at_Lat_38.500_Lon_-80.625,fixed_generator,,node_1,Solar_time_series_by_year/Solar_time_series_2016_at_Lat_38.500_Lon_-80.625.csv,,,0.0148,,,,,,,0.1120,
node_1_wind_at_Lat_38.500_Lon_-80.625,fixed_generator,,node_1,Wind_time_series_by_year/Wind_time_series_2016_at_Lat_38.500_Lon_-80.625.csv,,,0.0160,,,,,,,0.0224,
node_1_solar_at_Lat_38.500_Lon_-80.000,fixed_generator,,node_1,Solar_time_series_by_year/Solar_time_series_2016_at_Lat_38.500_Lon_-80.000.csv,,,0.0148,,,,,,,0.1120,
node_1_wind_at_Lat_38.500_Lon_-80.000,fixed_generator,,node_1,Wind_time_series_by_year/Wind_time_series_2016_at_Lat_38.500_Lon_-80.000.csv,,,0.0160,,,,,,,0.0224,
node_1_solar_at_Lat_38.500_Lon_-79.375,fixed_generator,,node_1,Solar_time_series_by_year/Solar_time_series_2016_at_Lat_38.500_Lon_-79.375.csv,,,0.0148,,,,,,,0.1120,
node_1_wind_at_Lat_38.500_Lon_-79.375,fixed_generator,,node_1,Wind_time_series_by_year/Wind_time_series_2016_at_Lat_38.500_Lon_-79.375.csv,,,0.0160,,,,,,,0.0224,
node_1_solar_at_Lat_38.500_Lon_-78.750,fixed_generator,,node_1,Solar_time_series_by_year/Solar_time_series_2016_at_Lat_38.500_Lon_-78.750.csv,,,0.0148,,,,,,,0.1120,
node_1_wind_at_Lat_38.500_Lon_-78.750,fixed_generator,,node_1,Wind_time_series_by_year/Wind_time_series_2016_at_Lat_38.500_Lon_-78.750.csv,,,0.0160,,,,,,,0.0224,
node_1_solar_at_Lat_38.500_Lon_-78.125,fixed_generator,,node_1,Solar_time_series_by_year/Solar_time_series_2016_at_Lat_38.500_Lon_-78.125.csv,,,0.0148,,,,,,,0.1120,
node_1_wind_at_Lat_38.500_Lon_-78.125,fixed_generator,,node_1,Wind_time_series_by_year/Wind_time_series_2016_at_Lat_38.500_Lon_-78.125.csv,,,0.0160,,,,,,,0.0224,
node_1_solar_at_Lat_38.500_Lon_-77.500,fixed_generator,,node_1,Solar_time_series_by_year/Solar_time_series_2016_at_Lat_38.500_Lon_-77.500.csv,,,0.0148,,,,,,,0.1120,
node_1_wind_at_Lat_38.500_Lon_-77.500,fixed_generator,,node_1,Wind_time_series_by_year/Wind_time_series_2016_at_Lat_38.500_Lon_-77.500.csv,,,0.0160,,,,,,,0.0224,
node_1_solar_at_Lat_38.500_Lon_-76.875,fixed_generator,,node_1,Solar_time_series_by_year/Solar_time_series_2016_at_Lat_38.500_Lon_-76.875.csv,,,0.0148,,,,,,,0.1120,
node_1_wind_at_Lat_38.500_Lon_-76.875,fixed_generator,,node_1,Wind_time_series_by_year/Wind_time_series_2016_at_Lat_38.500_Lon_-76.875.csv,,,0.0160,,,,,,,0.0224,
node_1_solar_at_Lat_38.500_Lon_-76.250,fixed_generator,,node_1,Solar_time_series_by_year/Solar_time_series_2016_at_Lat_38.500_Lon_-76.250.csv,,,0.0148,,,,,,,0.1120,
node_1_wind_at_Lat_38.500_Lon_-76.250,fixed_generator,,node_1,Wind_time_series_by_year/Wind_time_series_2016_at_Lat_38.500_Lon_-76.250.csv,,,0.0160,,,,,,,0.0224,
node_1_solar_at_Lat_38.500_Lon_-75.625,fixed_generator,,node_1,Solar_time_series_by_year/Solar_time_series_2016_at_Lat_38.500_Lon_-75.625.csv,,,0.0148,,,,,,,0.1120,
node_1_wind_at_Lat_38.500_Lon_-75.625,fixed_generator,,node_1,Wind_time_series_by_year/Wind_time_series_2016_at_Lat_38.500_Lon_-75.625.csv,,,0.0160,,,,,,,0.0224,
node_1_solar_at_Lat_39.000_Lon_-123.125,fixed_generator,,node_1,Solar_time_series_by_year/Solar_time_series_2016_at_Lat_39.000_Lon_-123.125.csv,,,0.0148,,,,,,,0.1112,
node_1_wind_at_Lat_39.000_Lon_-123.125,fixed_generator,,node_1,Wind_time_series_by_year/Wind_time_series_2016_at_Lat_39.000_Lon_-123.125.csv,,,0.0160,,,,,,,0.0222,
node_1_solar_at_Lat_39.000_Lon_-122.500,fixed_generator,,node_1,Solar_time_series_by_year/Solar_time_series_2016_at_Lat_39.000_Lon_-122.500.csv,,,0.0148,,,,,,,0.1112,
node_1_wind_at_Lat_39.000_Lon_-122.500,fixed_generator,,node_1,Wind_time_series_by_year/Wind_time_series_2016_at_Lat_39.000_Lon_-122.500.csv,,,0.0160,,,,,,,0.0222,
node_1_solar_at_Lat_39.000_Lon_-121.875,fixed_generator,,node_1,Solar_time_series_by_year/Solar_time_series_2016_at_Lat_39.000_Lon_-121.875.csv,,,0.0148,,,,,,,0.1112,
node_1_wind_at_Lat_39.000_Lon_-121.875,fixed_generator,,node_1,Wind_time_series_by_year/Wind_time_series_2016_at_Lat_39.000_Lon_-121.875.csv,,,0.0160,,,,,,,0.0222,
node_1_solar_at_Lat_39.000_Lon_-121.250,fixed_generator,,node_1,Solar_time_series_by_year/Solar_time_series_2016_at_Lat_39.000_Lon_-121.250.csv,,,0.0148,,,,,,,0.1112,
node_1_wind_at_Lat_39.000_Lon_-121.250,fixed_generator,,node_1,Wind_time_series_by_year/Wind_time_series_2016_at_Lat_39.000_Lon_-121.250.csv,,,0.0160,,,,,,,0.0222,
node_1_solar_at_Lat_39.000_Lon_-120.625,fixed_generator,,node_1,Solar_time_series_by_year/Solar_time_series_2016_at_Lat_39.000_Lon_-120.625.csv,,,0.0148,,,,,,,0.1112,
node_1_wind_at_Lat_39.000_Lon_-120.625,fixed_generator,,node_1,Wind_time_series_by_year/Wind_time_series_2016_at_Lat_39.000_Lon_-120.625.csv,,,0.0160,,,,,,,0.0222,
node_1_solar_at_Lat_39.000_Lon_-120.000,fixed_generator,,node_1,Solar_time_series_by_year/Solar_time_series_2016_at_Lat_39.000_Lon_-120.000.csv,,,0.0148,,,,,,,0.1112,
node_1_wind_at_Lat_39.000_Lon_-120.000,fixed_generator,,node_1,Wind_time_series_by_year/Wind_time_series_2016_at_Lat_39.000_Lon_-120.000.csv,,,0.0160,,,,,,,0.0222,
node_1_solar_at_Lat_39.000_Lon_-119.375,fixed_generator,,node_1,Solar_time_series_by_year/Solar_time_series_2016_at_Lat_39.000_Lon_-119.375.csv,,,0.0148,,,,,,,0.1112,
node_1_wind_at_Lat_39.000_Lon_-119.375,fixed_generator,,node_1,Wind_time_series_by_year/Wind_time_series_2016_at_Lat_39.000_Lon_-119.375.csv,,,0.0160,,,,,,,0.0222,
node_1_solar_at_Lat_39.000_Lon_-118.750,fixed_generator,,node_1,Solar_time_series_by_year/Solar_time_series_2016_at_Lat_39.000_Lon_-118.750.csv,,,0.0148,,,,,,,0.1112,
node_1_wind_at_Lat_39.000_Lon_-118.750,fixed_generator,,node_1,Wind_time_series_by_year/Wind_time_series_2016_at_Lat_39.000_Lon_-118.750.csv,,,0.0160,,,,,,,0.0222,
node_1_solar_at_Lat_39.000_Lon_-118.125,fixed_generator,,node_1,Solar_time_series_by_year/Solar_time_series_2016_at_Lat_39.000_Lon_-118.125.csv,,,0.0148,,,,,,,0.1112,
node_1_wind_at_Lat_39.000_Lon_-118.125,fixed_generator,,node_1,Wind_time_series_by_year/Wind_time_series_2016_at_Lat_39.000_Lon_-118.125.csv,,,0.0160,,,,,,,0.0222,
node_1_solar_at_Lat_39.000_Lon_-117.500,fixed_generator,,node_1,Solar_time_series_by_year/Solar_time_series_2016_at_Lat_39.000_Lon_-117.500.csv,,,0.0148,,,,,,,0.1112,
node_1_wind_at_Lat_39.000_Lon_-117.500,fixed_generator,,node_1,Wind_time_series_by_year/Wind_time_series_2016_at_Lat_39.000_Lon_-117.500.csv,,,0.0160,,,,,,,0.0222,
node_1_solar_at_Lat_39.000_Lon_-116.875,fixed_generator,,node_1,Solar_time_series_by_year/Solar_time_series_2016_at_Lat_39.000_Lon_-116.875.csv,,,0.0148,,,,,,,0.1112,
node_1_wind_at_Lat_39.000_Lon_-116.875,fixed_generator,,node_1,Wind_time_series_by_year/Wind_time_series_2016_at_Lat_39.000_Lon_-116.875.csv,,,0.0160,,,,,,,0.0222,
node_1_solar_at_Lat_39.000_Lon_-116.250,fixed_generator,,node_1,Solar_time_series_by_year/Solar_time_series_2016_at_Lat_39.000_Lon_-116.250.csv,,,0.0148,,,,,,,0.1112,
node_1_wind_at_Lat_39.000_Lon_-116.250,fixed_generator,,node_1,Wind_time_series_by_year/Wind_time_series_2016_at_Lat_39.000_Lon_-116.250.csv,,,0.0160,,,,,,,0.0222,
node_1_solar_at_Lat_39.000_Lon_-115.625,fixed_generator,,node_1,Solar_time_series_by_year/Solar_time_series_2016_at_Lat_39.000_Lon_-115.625.csv,,,0.0148,,,,,,,0.1112,
node_1_wind_at_Lat_39.000_Lon_-115.625,fixed_generator,,node_1,Wind_time_series_by_year/Wind_time_series_2016_at_Lat_39.000_Lon_-115.625.csv,,,0.0160,,,,,,,0.0222,
node_1_solar_at_Lat_39.000_Lon_-115.000,fixed_generator,,node_1,Solar_time_series_by_year/Solar_time_series_2016_at_Lat_39.000_Lon_-115.000.csv,,,0.0148,,,,,,,0.1112,
node_1_wind_at_Lat_39.000_Lon_-115.000,fixed_generator,,node_1,Wind_time_series_by_year/Wind_time_series_2016_at_Lat_39.000_Lon_-115.000.csv,,,0.0160,,,,,,,0.0222,
node_1_solar_at_Lat_39.000_Lon_-114.375,fixed_generator,,node_1,Solar_time_series_by_year/Solar_time_series_2016_at_Lat_39.000_Lon_-114.375.csv,,,0.0148,,,,,,,0.1112,
node_1_wind_at_Lat_39.000_Lon_-114.375,fixed_generator,,node_1,Wind_time_series_by_year/Wind_time_series_2016_at_Lat_39.000_Lon_-114.375.csv,,,0.0160,,,,,,,0.0222,
node_1_solar_at_Lat_39.000_Lon_-113.750,fixed_generator,,node_1,Solar_time_series_by_year/Solar_time_series_2016_at_Lat_39.000_Lon_-113.750.csv,,,0.0148,,,,,,,0.1112,
node_1_wind_at_Lat_39.000_Lon_-113.750,fixed_generator,,node_1,Wind_time_series_by_year/Wind_time_series_2016_at_Lat_39.000_Lon_-113.750.csv,,,0.0160,,,,,,,0.0222,
node_1_solar_at_Lat_39.000_Lon_-113.125,fixed_generator,,node_1,Solar_time_series_by_year/Solar_time_series_2016_at_Lat_39.000_Lon_-113.125.csv,,,0.0148,,,,,,,0.1112,
node_1_wind_at_Lat_39.000_Lon_-113.125,fixed_generator,,node_1,Wind_time_series_by_year/Wind_time_series_2016_at_Lat_39.000_Lon_-113.125.csv,,,0.0160,,,,,,,0.0222,
node_1_solar_at_Lat_39.000_Lon_-112.500,fixed_generator,,node_1,Solar_time_series_by_year/Solar_time_series_2016_at_Lat_39.000_Lon_-112.500.csv,,,0.0148,,,,,,,0.1112,
node_1_wind_at_Lat_39.000_Lon_-112.500,fixed_generator,,node_1,Wind_time_series_by_year/Wind_time_series_2016_at_Lat_39.000_Lon_-112.500.csv,,,0.0160,,,,,,,0.0222,
node_1_solar_at_Lat_39.000_Lon_-111.875,fixed_generator,,node_1,Solar_time_series_by_year/Solar_time_series_2016_at_Lat_39.000_Lon_-111.875.csv,,,0.0148,,,,,,,0.1112,
node_1_wind_at_Lat_39.000_Lon_-111.875,fixed_generator,,node_1,Wind_time_series_by_year/Wind_time_series_2016_at_Lat_39.000_Lon_-111.875.csv,,,0.0160,,,,,,,0.0222,
node_1_solar_at_Lat_39.000_Lon_-111.250,fixed_generator,,node_1,Solar_time_series_by_year/Solar_time_series_2016_at_Lat_39.000_Lon_-111.250.csv,,,0.0148,,,,,,,0.1112,
node_1_wind_at_Lat_39.000_Lon_-111.250,fixed_generator,,node_1,Wind_time_series_by_year/Wind_time_series_2016_at_Lat_39.000_Lon_-111.250.csv,,,0.0160,,,,,,,0.0222,
node_1_solar_at_Lat_39.000_Lon_-110.625,fixed_generator,,node_1,Solar_time_series_by_year/Solar_time_series_2016_at_Lat_39.000_Lon_-110.625.csv,,,0.0148,,,,,,,0.1112,
node_1_wind_at_Lat_39.000_Lon_-110.625,fixed_generator,,node_1,Wind_time_series_by_year/Wind_time_series_2016_at_Lat_39.000_Lon_-110.625.csv,,,0.0160,,,,,,,0.0222,
node_1_solar_at_Lat_39.000_Lon_-110.000,fixed_generator,,node_1,Solar_time_series_by_year/Solar_time_series_2016_at_Lat_39.000_Lon_-110.000.csv,,,0.0148,,,,,,,0.1112,
node_1_wind_at_Lat_39.000_Lon_-110.000,fixed_generator,,node_1,Wind_time_series_by_year/Wind_time_series_2016_at_Lat_39.000_Lon_-110.000.csv,,,0.0160,,,,,,,0.0222,
node_1_solar_at_Lat_39.000_Lon_-109.375,fixed_generator,,node_1,Solar_time_series_by_year/Solar_time_series_2016_at_Lat_39.000_Lon_-109.375.csv,,,0.0148,,,,,,,0.1112,
node_1_wind_at_Lat_39.000_Lon_-109.375,fixed_generator,,node_1,Wind_time_series_by_year/Wind_time_series_2016_at_Lat_39.000_Lon_-109.375.csv,,,0.0160,,,,,,,0.0222,
node_1_solar_at_Lat_39.000_Lon_-108.750,fixed_generator,,node_1,Solar_time_series_by_year/Solar_time_series_2016_at_Lat_39.000_Lon_-108.750.csv,,,0.0148,,,,,,,0.1112,
node_1_wind_at_Lat_39.000_Lon_-108.750,fixed_generator,,node_1,Wind_time_series_by_year/Wind_time_series_2016_at_Lat_39.000_Lon_-108.750.csv,,,0.0160,,,,,,,0.0222,
node_1_solar_at_Lat_39.000_Lon_-108.125,fixed_generator,,node_1,Solar_time_series_by_year/Solar_time_series_2016_at_Lat_39.000_Lon_-108.125.csv,,,0.0148,,,,,,,0.1112,
node_1_wind_at_Lat_39.000_Lon_-108.125,fixed_generator,,node_1,Wind_time_series_by_year/Wind_time_series_2016_at_Lat_39.000_Lon_-108.125.csv,,,0.0160,,,,,,,0.0222,
node_1_solar_at_Lat_39.000_Lon_-107.500,fixed_generator,,node_1,Solar_time_series_by_year/Solar_time_series_2016_at_Lat_39.000_Lon_-107.500.csv,,,0.0148,,,,,,,0.1112,
node_1_wind_at_Lat_39.000_Lon_-107.500,fixed_generator,,node_1,Wind_time_series_by_year/Wind_time_series_2016_at_Lat_39.000_Lon_-107.500.csv,,,0.0160,,,,,,,0.0222,
node_1_solar_at_Lat_39.000_Lon_-106.875,fixed_generator,,node_1,Solar_time_series_by_year/Solar_time_series_2016_at_Lat_39.000_Lon_-106.875.csv,,,0.0148,,,,,,,0.1112,
node_1_wind_at_Lat_39.000_Lon_-106.875,fixed_generator,,node_1,Wind_time_series_by_year/Wind_time_series_2016_at_Lat_39.000_Lon_-106.875.csv,,,0.0160,,,,,,,0.0222,
node_1_solar_at_Lat_39.000_Lon_-106.250,fixed_generator,,node_1,Solar_time_series_by_year/Solar_time_series_2016_at_Lat_39.000_Lon_-106.250.csv,,,0.0148,,,,,,,0.1112,
node_1_wind_at_Lat_39.000_Lon_-106.250,fixed_generator,,node_1,Wind_time_series_by_year/Wind_time_series_2016_at_Lat_39.000_Lon_-106.250.csv,,,0.0160,,,,,,,0.0222,
node_1_solar_at_Lat_39.000_Lon_-105.625,fixed_generator,,node_1,Solar_time_series_by_year/Solar_time_series_2016_at_Lat_39.000_Lon_-105.625.csv,,,0.0148,,,,,,,0.1112,
node_1_wind_at_Lat_39.000_Lon_-105.625,fixed_generator,,node_1,Wind_time_series_by_year/Wind_time_series_2016_at_Lat_39.000_Lon_-105.625.csv,,,0.0160,,,,,,,0.0222,
node_1_solar_at_Lat_39.000_Lon_-105.000,fixed_generator,,node_1,Solar_time_series_by_year/Solar_time_series_2016_at_Lat_39.000_Lon_-105.000.csv,,,0.0148,,,,,,,0.1112,
node_1_wind_at_Lat_39.000_Lon_-105.000,fixed_generator,,node_1,Wind_time_series_by_year/Wind_time_series_2016_at_Lat_39.000_Lon_-105.000.csv,,,0.0160,,,,,,,0.0222,
node_1_solar_at_Lat_39.000_Lon_-104.375,fixed_generator,,node_1,Solar_time_series_by_year/Solar_time_series_2016_at_Lat_39.000_Lon_-104.375.csv,,,0.0148,,,,,,,0.1112,
node_1_wind_at_Lat_39.000_Lon_-104.375,fixed_generator,,node_1,Wind_time_series_by_year/Wind_time_series_2016_at_Lat_39.000_Lon_-104.375.csv,,,0.0160,,,,,,,0.0222,
node_1_solar_at_Lat_39.000_Lon_-103.750,fixed_generator,,node_1,Solar_time_series_by_year/Solar_time_series_2016_at_Lat_39.000_Lon_-103.750.csv,,,0.0148,,,,,,,0.1112,
node_1_wind_at_Lat_39.000_Lon_-103.750,fixed_generator,,node_1,Wind_time_series_by_year/Wind_time_series_2016_at_Lat_39.000_Lon_-103.750.csv,,,0.0160,,,,,,,0.0222,
node_1_solar_at_Lat_39.000_Lon_-103.125,fixed_generator,,node_1,Solar_time_series_by_year/Solar_time_series_2016_at_Lat_39.000_Lon_-103.125.csv,,,0.0148,,,,,,,0.1112,
node_1_wind_at_Lat_39.000_Lon_-103.125,fixed_generator,,node_1,Wind_time_series_by_year/Wind_time_series_2016_at_Lat_39.000_Lon_-103.125.csv,,,0.0160,,,,,,,0.0222,
node_1_solar_at_Lat_39.000_Lon_-102.500,fixed_generator,,node_1,Solar_time_series_by_year/Solar_time_series_2016_at_Lat_39.000_Lon_-102.500.csv,,,0.0148,,,,,,,0.1112,
node_1_wind_at_Lat_39.000_Lon_-102.500,fixed_generator,,node_1,Wind_time_series_by_year/Wind_time_series_2016_at_Lat_39.000_Lon_-102.500.csv,,,0.0160,,,,,,,0.0222,
node_1_solar_at_Lat_39.000_Lon_-101.875,fixed_generator,,node_1,Solar_time_series_by_year/Solar_time_series_2016_at_Lat_39.000_Lon_-101.875.csv,,,0.0148,,,,,,,0.1112,
node_1_wind_at_Lat_39.000_Lon_-101.875,fixed_generator,,node_1,Wind_time_series_by_year/Wind_time_series_2016_at_Lat_39.000_Lon_-101.875.csv,,,0.0160,,,,,,,0.0222,
node_1_solar_at_Lat_39.000_Lon_-101.250,fixed_generator,,node_1,Solar_time_series_by_year/Solar_time_series_2016_at_Lat_39.000_Lon_-101.250.csv,,,0.0148,,,,,,,0.1112,
node_1_wind_at_Lat_39.000_Lon_-101.250,fixed_generator,,node_1,Wind_time_series_by_year/Wind_time_series_2016_at_Lat_39.000_Lon_-101.250.csv,,,0.0160,,,,,,,0.0222,
node_1_solar_at_Lat_39.000_Lon_-100.625,fixed_generator,,node_1,Solar_time_series_by_year/Solar_time_series_2016_at_Lat_39.000_Lon_-100.625.csv,,,0.0148,,,,,,,0.1112,
node_1_wind_at_Lat_39.000_Lon_-100.625,fixed_generator,,node_1,Wind_time_series_by_year/Wind_time_series_2016_at_Lat_39.000_Lon_-100.625.csv,,,0.0160,,,,,,,0.0222,
node_1_solar_at_Lat_39.000_Lon_-100.000,fixed_generator,,node_1,Solar_time_series_by_year/Solar_time_series_2016_at_Lat_39.000_Lon_-100.000.csv,,,0.0148,,,,,,,0.1112,
node_1_wind_at_Lat_39.000_Lon_-100.000,fixed_generator,,node_1,Wind_time_series_by_year/Wind_time_series_2016_at_Lat_39.000_Lon_-100.000.csv,,,0.0160,,,,,,,0.0222,
node_1_solar_at_Lat_39.000_Lon_-99.375,fixed_generator,,node_1,Solar_time_series_by_year/Solar_time_series_2016_at_Lat_39.000_Lon_-99.375.csv,,,0.0148,,,,,,,0.1112,
node_1_wind_at_Lat_39.000_Lon_-99.375,fixed_generator,,node_1,Wind_time_series_by_year/Wind_time_series_2016_at_Lat_39.000_Lon_-99.375.csv,,,0.0160,,,,,,,0.0222,
node_1_solar_at_Lat_39.000_Lon_-98.750,fixed_generator,,node_1,Solar_time_series_by_year/Solar_time_series_2016_at_Lat_39.000_Lon_-98.750.csv,,,0.0148,,,,,,,0.1112,
node_1_wind_at_Lat_39.000_Lon_-98.750,fixed_generator,,node_1,Wind_time_series_by_year/Wind_time_series_2016_at_Lat_39.000_Lon_-98.750.csv,,,0.0160,,,,,,,0.0222,
node_1_solar_at_Lat_39.000_Lon_-98.125,fixed_generator,,node_1,Solar_time_series_by_year/Solar_time_series_2016_at_Lat_39.000_Lon_-98.125.csv,,,0.0148,,,,,,,0.1112,
node_1_wind_at_Lat_39.000_Lon_-98.125,fixed_generator,,node_1,Wind_time_series_by_year/Wind_time_series_2016_at_Lat_39.000_Lon_-98.125.csv,,,0.0160,,,,,,,0.0222,
node_1_solar_at_Lat_39.000_Lon_-97.500,fixed_generator,,node_1,Solar_time_series_by_year/Solar_time_series_2016_at_Lat_39.000_Lon_-97.500.csv,,,0.0148,,,,,,,0.1112,
node_1_wind_at_Lat_39.000_Lon_-97.500,fixed_generator,,node_1,Wind_time_series_by_year/Wind_time_series_2016_at_Lat_39.000_Lon_-97.500.csv,,,0.0160,,,,,,,0.0222,
node_1_solar_at_Lat_39.000_Lon_-96.875,fixed_generator,,node_1,Solar_time_series_by_year/Solar_time_series_2016_at_Lat_39.000_Lon_-96.875.csv,,,0.0148,,,,,,,0.1112,
node_1_wind_at_Lat_39.000_Lon_-96.875,fixed_generator,,node_1,Wind_time_series_by_year/Wind_time_series_2016_at_Lat_39.000_Lon_-96.875.csv,,,0.0160,,,,,,,0.0222,
node_1_solar_at_Lat_39.000_Lon_-96.250,fixed_generator,,node_1,Solar_time_series_by_year/Solar_time_series_2016_at_Lat_39.000_Lon_-96.250.csv,,,0.0148,,,,,,,0.1112,
node_1_wind_at_Lat_39.000_Lon_-96.250,fixed_generator,,node_1,Wind_time_series_by_year/Wind_time_series_2016_at_Lat_39.000_Lon_-96.250.csv,,,0.0160,,,,,,,0.0222,
node_1_solar_at_Lat_39.000_Lon_-95.625,fixed_generator,,node_1,Solar_time_series_by_year/Solar_time_series_2016_at_Lat_39.000_Lon_-95.625.csv,,,0.0148,,,,,,,0.1112,
node_1_wind_at_Lat_39.000_Lon_-95.625,fixed_generator,,node_1,Wind_time_series_by_year/Wind_time_series_2016_at_Lat_39.000_Lon_-95.625.csv,,,0.0160,,,,,,,0.0222,
node_1_solar_at_Lat_39.000_Lon_-95.000,fixed_generator,,node_1,Solar_time_series_by_year/Solar_time_series_2016_at_Lat_39.000_Lon_-95.000.csv,,,0.0148,,,,,,,0.1112,
node_1_wind_at_Lat_39.000_Lon_-95.000,fixed_generator,,node_1,Wind_time_series_by_year/Wind_time_series_2016_at_Lat_39.000_Lon_-95.000.csv,,,0.0160,,,,,,,0.0222,
node_1_solar_at_Lat_39.000_Lon_-94.375,fixed_generator,,node_1,Solar_time_series_by_year/Solar_time_series_2016_at_Lat_39.000_Lon_-94.375.csv,,,0.0148,,,,,,,0.1112,
node_1_wind_at_Lat_39.000_Lon_-94.375,fixed_generator,,node_1,Wind_time_series_by_year/Wind_time_series_2016_at_Lat_39.000_Lon_-94.375.csv,,,0.0160,,,,,,,0.0222,
node_1_solar_at_Lat_39.000_Lon_-93.750,fixed_generator,,node_1,Solar_time_series_by_year/Solar_time_series_2016_at_Lat_39.000_Lon_-93.750.csv,,,0.0148,,,,,,,0.1112,
node_1_wind_at_Lat_39.000_Lon_-93.750,fixed_generator,,node_1,Wind_time_series_by_year/Wind_time_series_2016_at_Lat_39.000_Lon_-93.750.csv,,,0.0160,,,,,,,0.0222,
node_1_solar_at_Lat_39.000_Lon_-93.125,fixed_generator,,node_1,Solar_time_series_by_year/Solar_time_series_2016_at_Lat_39.000_Lon_-93.125.csv,,,0.0148,,,,,,,0.1112,
node_1_wind_at_Lat_39.000_Lon_-93.125,fixed_generator,,node_1,Wind_time_series_by_year/Wind_time_series_2016_at_Lat_39.000_Lon_-93.125.csv,,,0.0160,,,,,,,0.0222,
node_1_solar_at_Lat_39.000_Lon_-92.500,fixed_generator,,node_1,Solar_time_series_by_year/Solar_time_series_2016_at_Lat_39.000_Lon_-92.500.csv,,,0.0148,,,,,,,0.1112,
node_1_wind_at_Lat_39.000_Lon_-92.500,fixed_generator,,node_1,Wind_time_series_by_year/Wind_time_series_2016_at_Lat_39.000_Lon_-92.500.csv,,,0.0160,,,,,,,0.0222,
node_1_solar_at_Lat_39.000_Lon_-91.875,fixed_generator,,node_1,Solar_time_series_by_year/Solar_time_series_2016_at_Lat_39.000_Lon_-91.875.csv,,,0.0148,,,,,,,0.1112,
node_1_wind_at_Lat_39.000_Lon_-91.875,fixed_generator,,node_1,Wind_time_series_by_year/Wind_time_series_2016_at_Lat_39.000_Lon_-91.875.csv,,,0.0160,,,,,,,0.0222,
node_1_solar_at_Lat_39.000_Lon_-91.250,fixed_generator,,node_1,Solar_time_series_by_year/Solar_time_series_2016_at_Lat_39.000_Lon_-91.250.csv,,,0.0148,,,,,,,0.1112,
node_1_wind_at_Lat_39.000_Lon_-91.250,fixed_generator,,node_1,Wind_time_series_by_year/Wind_time_series_2016_at_Lat_39.000_Lon_-91.250.csv,,,0.0160,,,,,,,0.0222,
node_1_solar_at_Lat_39.000_Lon_-90.625,fixed_generator,,node_1,Solar_time_series_by_year/Solar_time_series_2016_at_Lat_39.000_Lon_-90.625.csv,,,0.0148,,,,,,,0.1112,
node_1_wind_at_Lat_39.000_Lon_-90.625,fixed_generator,,node_1,Wind_time_series_by_year/Wind_time_series_2016_at_Lat_39.000_Lon_-90.625.csv,,,0.0160,,,,,,,0.0222,
node_1_solar_at_Lat_39.000_Lon_-90.000,fixed_generator,,node_1,Solar_time_series_by_year/Solar_time_series_2016_at_Lat_39.000_Lon_-90.000.csv,,,0.0148,,,,,,,0.1112,
node_1_wind_at_Lat_39.000_Lon_-90.000,fixed_generator,,node_1,Wind_time_series_by_year/Wind_time_series_2016_at_Lat_39.000_Lon_-90.000.csv,,,0.0160,,,,,,,0.0222,
node_1_solar_at_Lat_39.000_Lon_-89.375,fixed_generator,,node_1,Solar_time_series_by_year/Solar_time_series_2016_at_Lat_39.000_Lon_-89.375.csv,,,0.0148,,,,,,,0.1112,
node_1_wind_at_Lat_39.000_Lon_-89.375,fixed_generator,,node_1,Wind_time_series_by_year/Wind_time_series_2016_at_Lat_39.000_Lon_-89.375.csv,,,0.0160,,,,,,,0.0222,
node_1_solar_at_Lat_39.000_Lon_-88.750,fixed_generator,,node_1,Solar_time_series_by_year/Solar_time_series_2016_at_Lat_39.000_Lon_-88.750.csv,,,0.0148,,,,,,,0.1112,
node_1_wind_at_Lat_39.000_Lon_-88.750,fixed_generator,,node_1,Wind_time_series_by_year/Wind_time_series_2016_at_Lat_39.000_Lon_-88.750.csv,,,0.0160,,,,,,,0.0222,
node_1_solar_at_Lat_39.000_Lon_-88.125,fixed_generator,,node_1,Solar_time_series_by_year/Solar_time_series_2016_at_Lat_39.000_Lon_-88.125.csv,,,0.0148,,,,,,,0.1112,
node_1_wind_at_Lat_39.000_Lon_-88.125,fixed_generator,,node_1,Wind_time_series_by_year/Wind_time_series_2016_at_Lat_39.000_Lon_-88.125.csv,,,0.0160,,,,,,,0.0222,
node_1_solar_at_Lat_39.000_Lon_-87.500,fixed_generator,,node_1,Solar_time_series_by_year/Solar_time_series_2016_at_Lat_39.000_Lon_-87.500.csv,,,0.0148,,,,,,,0.1112,
node_1_wind_at_Lat_39.000_Lon_-87.500,fixed_generator,,node_1,Wind_time_series_by_year/Wind_time_series_2016_at_Lat_39.000_Lon_-87.500.csv,,,0.0160,,,,,,,0.0222,
node_1_solar_at_Lat_39.000_Lon_-86.875,fixed_generator,,node_1,Solar_time_series_by_year/Solar_time_series_2016_at_Lat_39.000_Lon_-86.875.csv,,,0.0148,,,,,,,0.1112,
node_1_wind_at_Lat_39.000_Lon_-86.875,fixed_generator,,node_1,Wind_time_series_by_year/Wind_time_series_2016_at_Lat_39.000_Lon_-86.875.csv,,,0.0160,,,,,,,0.0222,
node_1_solar_at_Lat_39.000_Lon_-86.250,fixed_generator,,node_1,Solar_time_series_by_year/Solar_time_series_2016_at_Lat_39.000_Lon_-86.250.csv,,,0.0148,,,,,,,0.1112,
node_1_wind_at_Lat_39.000_Lon_-86.250,fixed_generator,,node_1,Wind_time_series_by_year/Wind_time_series_2016_at_Lat_39.000_Lon_-86.250.csv,,,0.0160,,,,,,,0.0222,
node_1_solar_at_Lat_39.000_Lon_-85.625,fixed_generator,,node_1,Solar_time_series_by_year/Solar_time_series_2016_at_Lat_39.000_Lon_-85.625.csv,,,0.0148,,,,,,,0.1112,
node_1_wind_at_Lat_39.000_Lon_-85.625,fixed_generator,,node_1,Wind_time_series_by_year/Wind_time_series_2016_at_Lat_39.000_Lon_-85.625.csv,,,0.0160,,,,,,,0.0222,
node_1_solar_at_Lat_39.000_Lon_-85.000,fixed_generator,,node_1,Solar_time_series_by_year/Solar_time_series_2016_at_Lat_39.000_Lon_-85.000.csv,,,0.0148,,,,,,,0.1112,
node_1_wind_at_Lat_39.000_Lon_-85.000,fixed_generator,,node_1,Wind_time_series_by_year/Wind_time_series_2016_at_Lat_39.000_Lon_-85.000.csv,,,0.0160,,,,,,,0.0222,
node_1_solar_at_Lat_39.000_Lon_-84.375,fixed_generator,,node_1,Solar_time_series_by_year/Solar_time_series_2016_at_Lat_39.000_Lon_-84.375.csv,,,0.0148,,,,,,,0.1112,
node_1_wind_at_Lat_39.000_Lon_-84.375,fixed_generator,,node_1,Wind_time_series_by_year/Wind_time_series_2016_at_Lat_39.000_Lon_-84.375.csv,,,0.0160,,,,,,,0.0222,
node_1_solar_at_Lat_39.000_Lon_-83.750,fixed_generator,,node_1,Solar_time_series_by_year/Solar_time_series_2016_at_Lat_39.000_Lon_-83.750.csv,,,0.0148,,,,,,,0.1112,
node_1_wind_at_Lat_39.000_Lon_-83.750,fixed_generator,,node_1,Wind_time_series_by_year/Wind_time_series_2016_at_Lat_39.000_Lon_-83.750.csv,,,0.0160,,,,,,,0.0222,
node_1_solar_at_Lat_39.000_Lon_-83.125,fixed_generator,,node_1,Solar_time_series_by_year/Solar_time_series_2016_at_Lat_39.000_Lon_-83.125.csv,,,0.0148,,,,,,,0.1112,
node_1_wind_at_Lat_39.000_Lon_-83.125,fixed_generator,,node_1,Wind_time_series_by_year/Wind_time_series_2016_at_Lat_39.000_Lon_-83.125.csv,,,0.0160,,,,,,,0.0222,
node_1_solar_at_Lat_39.000_Lon_-82.500,fixed_generator,,node_1,Solar_time_series_by_year/Solar_time_series_2016_at_Lat_39.000_Lon_-82.500.csv,,,0.0148,,,,,,,0.1112,
node_1_wind_at_Lat_39.000_Lon_-82.500,fixed_generator,,node_1,Wind_time_series_by_year/Wind_time_series_2016_at_Lat_39.000_Lon_-82.500.csv,,,0.0160,,,,,,,0.0222,
node_1_solar_at_Lat_39.000_Lon_-81.875,fixed_generator,,node_1,Solar_time_series_by_year/Solar_time_series_2016_at_Lat_39.000_Lon_-81.875.csv,,,0.0148,,,,,,,0.1112,
node_1_wind_at_Lat_39.000_Lon_-81.875,fixed_generator,,node_1,Wind_time_series_by_year/Wind_time_series_2016_at_Lat_39.000_Lon_-81.875.csv,,,0.0160,,,,,,,0.0222,
node_1_solar_at_Lat_39.000_Lon_-81.250,fixed_generator,,node_1,Solar_time_series_by_year/Solar_time_series_2016_at_Lat_39.000_Lon_-81.250.csv,,,0.0148,,,,,,,0.1112,
node_1_wind_at_Lat_39.000_Lon_-81.250,fixed_generator,,node_1,Wind_time_series_by_year/Wind_time_series_2016_at_Lat_39.000_Lon_-81.250.csv,,,0.0160,,,,,,,0.0222,
node_1_solar_at_Lat_39.000_Lon_-80.625,fixed_generator,,node_1,Solar_time_series_by_year/Solar_time_series_2016_at_Lat_39.000_Lon_-80.625.csv,,,0.0148,,,,,,,0.1112,
node_1_wind_at_Lat_39.000_Lon_-80.625,fixed_generator,,node_1,Wind_time_series_by_year/Wind_time_series_2016_at_Lat_39.000_Lon_-80.625.csv,,,0.0160,,,,,,,0.0222,
node_1_solar_at_Lat_39.000_Lon_-80.000,fixed_generator,,node_1,Solar_time_series_by_year/Solar_time_series_2016_at_Lat_39.000_Lon_-80.000.csv,,,0.0148,,,,,,,0.1112,
node_1_wind_at_Lat_39.000_Lon_-80.000,fixed_generator,,node_1,Wind_time_series_by_year/Wind_time_series_2016_at_Lat_39.000_Lon_-80.000.csv,,,0.0160,,,,,,,0.0222,
node_1_solar_at_Lat_39.000_Lon_-79.375,fixed_generator,,node_1,Solar_time_series_by_year/Solar_time_series_2016_at_Lat_39.000_Lon_-79.375.csv,,,0.0148,,,,,,,0.1112,
node_1_wind_at_Lat_39.000_Lon_-79.375,fixed_generator,,node_1,Wind_time_series_by_year/Wind_time_series_2016_at_Lat_39.000_Lon_-79.375.csv,,,0.0160,,,,,,,0.0222,
node_1_solar_at_Lat_39.000_Lon_-78.750,fixed_generator,,node_1,Solar_time_series_by_year/Solar_time_series_2016_at_Lat_39.000_Lon_-78.750.csv,,,0.0148,,,,,,,0.1112,
node_1_wind_at_Lat_39.000_Lon_-78.750,fixed_generator,,node_1,Wind_time_series_by_year/Wind_time_series_2016_at_Lat_39.000_Lon_-78.750.csv,,,0.0160,,,,,,,0.0222,
node_1_solar_at_Lat_39.000_Lon_-78.125,fixed_generator,,node_1,Solar_time_series_by_year/Solar_time_series_2016_at_Lat_39.000_Lon_-78.125.csv,,,0.0148,,,,,,,0.1112,
node_1_wind_at_Lat_39.000_Lon_-78.125,fixed_generator,,node_1,Wind_time_series_by_year/Wind_time_series_2016_at_Lat_39.000_Lon_-78.125.csv,,,0.0160,,,,,,,0.0222,
node_1_solar_at_Lat_39.000_Lon_-77.500,fixed_generator,,node_1,Solar_time_series_by_year/Solar_time_series_2016_at_Lat_39.000_Lon_-77.500.csv,,,0.0148,,,,,,,0.1112,
node_1_wind_at_Lat_39.000_Lon_-77.500,fixed_generator,,node_1,Wind_time_series_by_year/Wind_time_series_2016_at_Lat_39.000_Lon_-77.500.csv,,,0.0160,,,,,,,0.0222,
node_1_solar_at_Lat_39.000_Lon_-76.875,fixed_generator,,node_1,Solar_time_series_by_year/Solar_time_series_2016_at_Lat_39.000_Lon_-76.875.csv,,,0.0148,,,,,,,0.1112,
node_1_wind_at_Lat_39.000_Lon_-76.875,fixed_generator,,node_1,Wind_time_series_by_year/Wind_time_series_2016_at_Lat_39.000_Lon_-76.875.csv,,,0.0160,,,,,,,0.0222,
node_1_solar_at_Lat_39.000_Lon_-76.250,fixed_generator,,node_1,Solar_time_series_by_year/Solar_time_series_2016_at_Lat_39.000_Lon_-76.250.csv,,,0.0148,,,,,,,0.1112,
node_1_wind_at_Lat_39.000_Lon_-76.250,fixed_generator,,node_1,Wind_time_series_by_year/Wind_time_series_2016_at_Lat_39.000_Lon_-76.250.csv,,,0.0160,,,,,,,0.0222,
node_1_solar_at_Lat_39.000_Lon_-75.625,fixed_generator,,node_1,Solar_time_series_by_year/Solar_time_series_2016_at_Lat_39.000_Lon_-75.625.csv,,,0.0148,,,,,,,0.1112,
node_1_wind_at_Lat_39.000_Lon_-75.625,fixed_generator,,node_1,Wind_time_series_by_year/Wind_time_series_2016_at_Lat_39.000_Lon_-75.625.csv,,,0.0160,,,,,,,0.0222,
node_1_solar_at_Lat_39.500_Lon_-123.750,fixed_generator,,node_1,Solar_time_series_by_year/Solar_time_series_2016_at_Lat_39.500_Lon_-123.750.csv,,,0.0148,,,,,,,0.1104,
node_1_wind_at_Lat_39.500_Lon_-123.750,fixed_generator,,node_1,Wind_time_series_by_year/Wind_time_series_2016_at_Lat_39.500_Lon_-123.750.csv,,,0.0160,,,,,,,0.0221,
node_1_solar_at_Lat_39.500_Lon_-123.125,fixed_generator,,node_1,Solar_time_series_by_year/Solar_time_series_2016_at_Lat_39.500_Lon_-123.125.csv,,,0.0148,,,,,,,0.1104,
node_1_wind_at_Lat_39.500_Lon_-123.125,fixed_generator,,node_1,Wind_time_series_by_year/Wind_time_series_2016_at_Lat_39.500_Lon_-123.125.csv,,,0.0160,,,,,,,0.0221,
node_1_solar_at_Lat_39.500_Lon_-122.500,fixed_generator,,node_1,Solar_time_series_by_year/Solar_time_series_2016_at_Lat_39.500_Lon_-122.500.csv,,,0.0148,,,,,,,0.1104,
node_1_wind_at_Lat_39.500_Lon_-122.500,fixed_generator,,node_1,Wind_time_series_by_year/Wind_time_series_2016_at_Lat_39.500_Lon_-122.500.csv,,,0.0160,,,,,,,0.0221,
node_1_solar_at_Lat_39.500_Lon_-121.875,fixed_generator,,node_1,Solar_time_series_by_year/Solar_time_series_2016_at_Lat_39.500_Lon_-121.875.csv,,,0.0148,,,,,,,0.1104,
node_1_wind_at_Lat_39.500_Lon_-121.875,fixed_generator,,node_1,Wind_time_series_by_year/Wind_time_series_2016_at_Lat_39.500_Lon_-121.875.csv,,,0.0160,,,,,,,0.0221,
node_1_solar_at_Lat_39.500_Lon_-121.250,fixed_generator,,node_1,Solar_time_series_by_year/Solar_time_series_2016_at_Lat_39.500_Lon_-121.250.csv,,,0.0148,,,,,,,0.1104,
node_1_wind_at_Lat_39.500_Lon_-121.250,fixed_generator,,node_1,Wind_time_series_by_year/Wind_time_series_2016_at_Lat_39.500_Lon_-121.250.csv,,,0.0160,,,,,,,0.0221,
node_1_solar_at_Lat_39.500_Lon_-120.625,fixed_generator,,node_1,Solar_time_series_by_year/Solar_time_series_2016_at_Lat_39.500_Lon_-120.625.csv,,,0.0148,,,,,,,0.1104,
node_1_wind_at_Lat_39.500_Lon_-120.625,fixed_generator,,node_1,Wind_time_series_by_year/Wind_time_series_2016_at_Lat_39.500_Lon_-120.625.csv,,,0.0160,,,,,,,0.0221,
node_1_solar_at_Lat_39.500_Lon_-120.000,fixed_generator,,node_1,Solar_time_series_by_year/Solar_time_series_2016_at_Lat_39.500_Lon_-120.000.csv,,,0.0148,,,,,,,0.1104,
node_1_wind_at_Lat_39.500_Lon_-120.000,fixed_generator,,node_1,Wind_time_series_by_year/Wind_time_series_2016_at_Lat_39.500_Lon_-120.000.csv,,,0.0160,,,,,,,0.0221,
node_1_solar_at_Lat_39.500_Lon_-119.375,fixed_generator,,node_1,Solar_time_series_by_year/Solar_time_series_2016_at_Lat_39.500_Lon_-119.375.csv,,,0.0148,,,,,,,0.1104,
node_1_wind_at_Lat_39.500_Lon_-119.375,fixed_generator,,node_1,Wind_time_series_by_year/Wind_time_series_2016_at_Lat_39.500_Lon_-119.375.csv,,,0.0160,,,,,,,0.0221,
node_1_solar_at_Lat_39.500_Lon_-118.750,fixed_generator,,node_1,Solar_time_series_by_year/Solar_time_series_2016_at_Lat_39.500_Lon_-118.750.csv,,,0.0148,,,,,,,0.1104,
node_1_wind_at_Lat_39.500_Lon_-118.750,fixed_generator,,node_1,Wind_time_series_by_year/Wind_time_series_2016_at_Lat_39.500_Lon_-118.750.csv,,,0.0160,,,,,,,0.0221,
node_1_solar_at_Lat_39.500_Lon_-118.125,fixed_generator,,node_1,Solar_time_series_by_year/Solar_time_series_2016_at_Lat_39.500_Lon_-118.125.csv,,,0.0148,,,,,,,0.1104,
node_1_wind_at_Lat_39.500_Lon_-118.125,fixed_generator,,node_1,Wind_time_series_by_year/Wind_time_series_2016_at_Lat_39.500_Lon_-118.125.csv,,,0.0160,,,,,,,0.0221,
node_1_solar_at_Lat_39.500_Lon_-117.500,fixed_generator,,node_1,Solar_time_series_by_year/Solar_time_series_2016_at_Lat_39.500_Lon_-117.500.csv,,,0.0148,,,,,,,0.1104,
node_1_wind_at_Lat_39.500_Lon_-117.500,fixed_generator,,node_1,Wind_time_series_by_year/Wind_time_series_2016_at_Lat_39.500_Lon_-117.500.csv,,,0.0160,,,,,,,0.0221,
node_1_solar_at_Lat_39.500_Lon_-116.875,fixed_generator,,node_1,Solar_time_series_by_year/Solar_time_series_2016_at_Lat_39.500_Lon_-116.875.csv,,,0.0148,,,,,,,0.1104,
node_1_wind_at_Lat_39.500_Lon_-116.875,fixed_generator,,node_1,Wind_time_series_by_year/Wind_time_series_2016_at_Lat_39.500_Lon_-116.875.csv,,,0.0160,,,,,,,0.0221,
node_1_solar_at_Lat_39.500_Lon_-116.250,fixed_generator,,node_1,Solar_time_series_by_year/Solar_time_series_2016_at_Lat_39.500_Lon_-116.250.csv,,,0.0148,,,,,,,0.1104,
node_1_wind_at_Lat_39.500_Lon_-116.250,fixed_generator,,node_1,Wind_time_series_by_year/Wind_time_series_2016_at_Lat_39.500_Lon_-116.250.csv,,,0.0160,,,,,,,0.0221,
node_1_solar_at_Lat_39.500_Lon_-115.625,fixed_generator,,node_1,Solar_time_series_by_year/Solar_time_series_2016_at_Lat_39.500_Lon_-115.625.csv,,,0.0148,,,,,,,0.1104,
node_1_wind_at_Lat_39.500_Lon_-115.625,fixed_generator,,node_1,Wind_time_series_by_year/Wind_time_series_2016_at_Lat_39.500_Lon_-115.625.csv,,,0.0160,,,,,,,0.0221,
node_1_solar_at_Lat_39.500_Lon_-115.000,fixed_generator,,node_1,Solar_time_series_by_year/Solar_time_series_2016_at_Lat_39.500_Lon_-115.000.csv,,,0.0148,,,,,,,0.1104,
node_1_wind_at_Lat_39.500_Lon_-115.000,fixed_generator,,node_1,Wind_time_series_by_year/Wind_time_series_2016_at_Lat_39.500_Lon_-115.000.csv,,,0.0160,,,,,,,0.0221,
node_1_solar_at_Lat_39.500_Lon_-114.375,fixed_generator,,node_1,Solar_time_series_by_year/Solar_time_series_2016_at_Lat_39.500_Lon_-114.375.csv,,,0.0148,,,,,,,0.1104,
node_1_wind_at_Lat_39.500_Lon_-114.375,fixed_generator,,node_1,Wind_time_series_by_year/Wind_time_series_2016_at_Lat_39.500_Lon_-114.375.csv,,,0.0160,,,,,,,0.0221,
node_1_solar_at_Lat_39.500_Lon_-113.750,fixed_generator,,node_1,Solar_time_series_by_year/Solar_time_series_2016_at_Lat_39.500_Lon_-113.750.csv,,,0.0148,,,,,,,0.1104,
node_1_wind_at_Lat_39.500_Lon_-113.750,fixed_generator,,node_1,Wind_time_series_by_year/Wind_time_series_2016_at_Lat_39.500_Lon_-113.750.csv,,,0.0160,,,,,,,0.0221,
node_1_solar_at_Lat_39.500_Lon_-113.125,fixed_generator,,node_1,Solar_time_series_by_year/Solar_time_series_2016_at_Lat_39.500_Lon_-113.125.csv,,,0.0148,,,,,,,0.1104,
node_1_wind_at_Lat_39.500_Lon_-113.125,fixed_generator,,node_1,Wind_time_series_by_year/Wind_time_series_2016_at_Lat_39.500_Lon_-113.125.csv,,,0.0160,,,,,,,0.0221,
node_1_solar_at_Lat_39.500_Lon_-112.500,fixed_generator,,node_1,Solar_time_series_by_year/Solar_time_series_2016_at_Lat_39.500_Lon_-112.500.csv,,,0.0148,,,,,,,0.1104,
node_1_wind_at_Lat_39.500_Lon_-112.500,fixed_generator,,node_1,Wind_time_series_by_year/Wind_time_series_2016_at_Lat_39.500_Lon_-112.500.csv,,,0.0160,,,,,,,0.0221,
node_1_solar_at_Lat_39.500_Lon_-111.875,fixed_generator,,node_1,Solar_time_series_by_year/Solar_time_series_2016_at_Lat_39.500_Lon_-111.875.csv,,,0.0148,,,,,,,0.1104,
node_1_wind_at_Lat_39.500_Lon_-111.875,fixed_generator,,node_1,Wind_time_series_by_year/Wind_time_series_2016_at_Lat_39.500_Lon_-111.875.csv,,,0.0160,,,,,,,0.0221,
node_1_solar_at_Lat_39.500_Lon_-111.250,fixed_generator,,node_1,Solar_time_series_by_year/Solar_time_series_2016_at_Lat_39.500_Lon_-111.250.csv,,,0.0148,,,,,,,0.1104,
node_1_wind_at_Lat_39.500_Lon_-111.250,fixed_generator,,node_1,Wind_time_series_by_year/Wind_time_series_2016_at_Lat_39.500_Lon_-111.250.csv,,,0.0160,,,,,,,0.0221,
node_1_solar_at_Lat_39.500_Lon_-110.625,fixed_generator,,node_1,Solar_time_series_by_year/Solar_time_series_2016_at_Lat_39.500_Lon_-110.625.csv,,,0.0148,,,,,,,0.1104,
node_1_wind_at_Lat_39.500_Lon_-110.625,fixed_generator,,node_1,Wind_time_series_by_year/Wind_time_series_2016_at_Lat_39.500_Lon_-110.625.csv,,,0.0160,,,,,,,0.0221,
node_1_solar_at_Lat_39.500_Lon_-110.000,fixed_generator,,node_1,Solar_time_series_by_year/Solar_time_series_2016_at_Lat_39.500_Lon_-110.000.csv,,,0.0148,,,,,,,0.1104,
node_1_wind_at_Lat_39.500_Lon_-110.000,fixed_generator,,node_1,Wind_time_series_by_year/Wind_time_series_2016_at_Lat_39.500_Lon_-110.000.csv,,,0.0160,,,,,,,0.0221,
node_1_solar_at_Lat_39.500_Lon_-109.375,fixed_generator,,node_1,Solar_time_series_by_year/Solar_time_series_2016_at_Lat_39.500_Lon_-109.375.csv,,,0.0148,,,,,,,0.1104,
node_1_wind_at_Lat_39.500_Lon_-109.375,fixed_generator,,node_1,Wind_time_series_by_year/Wind_time_series_2016_at_Lat_39.500_Lon_-109.375.csv,,,0.0160,,,,,,,0.0221,
node_1_solar_at_Lat_39.500_Lon_-108.750,fixed_generator,,node_1,Solar_time_series_by_year/Solar_time_series_2016_at_Lat_39.500_Lon_-108.750.csv,,,0.0148,,,,,,,0.1104,
node_1_wind_at_Lat_39.500_Lon_-108.750,fixed_generator,,node_1,Wind_time_series_by_year/Wind_time_series_2016_at_Lat_39.500_Lon_-108.750.csv,,,0.0160,,,,,,,0.0221,
node_1_solar_at_Lat_39.500_Lon_-108.125,fixed_generator,,node_1,Solar_time_series_by_year/Solar_time_series_2016_at_Lat_39.500_Lon_-108.125.csv,,,0.0148,,,,,,,0.1104,
node_1_wind_at_Lat_39.500_Lon_-108.125,fixed_generator,,node_1,Wind_time_series_by_year/Wind_time_series_2016_at_Lat_39.500_Lon_-108.125.csv,,,0.0160,,,,,,,0.0221,
node_1_solar_at_Lat_39.500_Lon_-107.500,fixed_generator,,node_1,Solar_time_series_by_year/Solar_time_series_2016_at_Lat_39.500_Lon_-107.500.csv,,,0.0148,,,,,,,0.1104,
node_1_wind_at_Lat_39.500_Lon_-107.500,fixed_generator,,node_1,Wind_time_series_by_year/Wind_time_series_2016_at_Lat_39.500_Lon_-107.500.csv,,,0.0160,,,,,,,0.0221,
node_1_solar_at_Lat_39.500_Lon_-106.875,fixed_generator,,node_1,Solar_time_series_by_year/Solar_time_series_2016_at_Lat_39.500_Lon_-106.875.csv,,,0.0148,,,,,,,0.1104,
node_1_wind_at_Lat_39.500_Lon_-106.875,fixed_generator,,node_1,Wind_time_series_by_year/Wind_time_series_2016_at_Lat_39.500_Lon_-106.875.csv,,,0.0160,,,,,,,0.0221,
node_1_solar_at_Lat_39.500_Lon_-106.250,fixed_generator,,node_1,Solar_time_series_by_year/Solar_time_series_2016_at_Lat_39.500_Lon_-106.250.csv,,,0.0148,,,,,,,0.1104,
node_1_wind_at_Lat_39.500_Lon_-106.250,fixed_generator,,node_1,Wind_time_series_by_year/Wind_time_series_2016_at_Lat_39.500_Lon_-106.250.csv,,,0.0160,,,,,,,0.0221,
node_1_solar_at_Lat_39.500_Lon_-105.625,fixed_generator,,node_1,Solar_time_series_by_year/Solar_time_series_2016_at_Lat_39.500_Lon_-105.625.csv,,,0.0148,,,,,,,0.1104,
node_1_wind_at_Lat_39.500_Lon_-105.625,fixed_generator,,node_1,Wind_time_series_by_year/Wind_time_series_2016_at_Lat_39.500_Lon_-105.625.csv,,,0.0160,,,,,,,0.0221,
node_1_solar_at_Lat_39.500_Lon_-105.000,fixed_generator,,node_1,Solar_time_series_by_year/Solar_time_series_2016_at_Lat_39.500_Lon_-105.000.csv,,,0.0148,,,,,,,0.1104,
node_1_wind_at_Lat_39.500_Lon_-105.000,fixed_generator,,node_1,Wind_time_series_by_year/Wind_time_series_2016_at_Lat_39.500_Lon_-105.000.csv,,,0.0160,,,,,,,0.0221,
node_1_solar_at_Lat_39.500_Lon_-104.375,fixed_generator,,node_1,Solar_time_series_by_year/Solar_time_series_2016_at_Lat_39.500_Lon_-104.375.csv,,,0.0148,,,,,,,0.1104,
node_1_wind_at_Lat_39.500_Lon_-104.375,fixed_generator,,node_1,Wind_time_series_by_year/Wind_time_series_2016_at_Lat_39.500_Lon_-104.375.csv,,,0.0160,,,,,,,0.0221,
node_1_solar_at_Lat_39.500_Lon_-103.750,fixed_generator,,node_1,Solar_time_series_by_year/Solar_time_series_2016_at_Lat_39.500_Lon_-103.750.csv,,,0.0148,,,,,,,0.1104,
node_1_wind_at_Lat_39.500_Lon_-103.750,fixed_generator,,node_1,Wind_time_series_by_year/Wind_time_series_2016_at_Lat_39.500_Lon_-103.750.csv,,,0.0160,,,,,,,0.0221,
node_1_solar_at_Lat_39.500_Lon_-103.125,fixed_generator,,node_1,Solar_time_series_by_year/Solar_time_series_2016_at_Lat_39.500_Lon_-103.125.csv,,,0.0148,,,,,,,0.1104,
node_1_wind_at_Lat_39.500_Lon_-103.125,fixed_generator,,node_1,Wind_time_series_by_year/Wind_time_series_2016_at_Lat_39.500_Lon_-103.125.csv,,,0.0160,,,,,,,0.0221,
node_1_solar_at_Lat_39.500_Lon_-102.500,fixed_generator,,node_1,Solar_time_series_by_year/Solar_time_series_2016_at_Lat_39.500_Lon_-102.500.csv,,,0.0148,,,,,,,0.1104,
node_1_wind_at_Lat_39.500_Lon_-102.500,fixed_generator,,node_1,Wind_time_series_by_year/Wind_time_series_2016_at_Lat_39.500_Lon_-102.500.csv,,,0.0160,,,,,,,0.0221,
node_1_solar_at_Lat_39.500_Lon_-101.875,fixed_generator,,node_1,Solar_time_series_by_year/Solar_time_series_2016_at_Lat_39.500_Lon_-101.875.csv,,,0.0148,,,,,,,0.1104,
node_1_wind_at_Lat_39.500_Lon_-101.875,fixed_generator,,node_1,Wind_time_series_by_year/Wind_time_series_2016_at_Lat_39.500_Lon_-101.875.csv,,,0.0160,,,,,,,0.0221,
node_1_solar_at_Lat_39.500_Lon_-101.250,fixed_generator,,node_1,Solar_time_series_by_year/Solar_time_series_2016_at_Lat_39.500_Lon_-101.250.csv,,,0.0148,,,,,,,0.1104,
node_1_wind_at_Lat_39.500_Lon_-101.250,fixed_generator,,node_1,Wind_time_series_by_year/Wind_time_series_2016_at_Lat_39.500_Lon_-101.250.csv,,,0.0160,,,,,,,0.0221,
node_1_solar_at_Lat_39.500_Lon_-100.625,fixed_generator,,node_1,Solar_time_series_by_year/Solar_time_series_2016_at_Lat_39.500_Lon_-100.625.csv,,,0.0148,,,,,,,0.1104,
node_1_wind_at_Lat_39.500_Lon_-100.625,fixed_generator,,node_1,Wind_time_series_by_year/Wind_time_series_2016_at_Lat_39.500_Lon_-100.625.csv,,,0.0160,,,,,,,0.0221,
node_1_solar_at_Lat_39.500_Lon_-100.000,fixed_generator,,node_1,Solar_time_series_by_year/Solar_time_series_2016_at_Lat_39.500_Lon_-100.000.csv,,,0.0148,,,,,,,0.1104,
node_1_wind_at_Lat_39.500_Lon_-100.000,fixed_generator,,node_1,Wind_time_series_by_year/Wind_time_series_2016_at_Lat_39.500_Lon_-100.000.csv,,,0.0160,,,,,,,0.0221,
node_1_solar_at_Lat_39.500_Lon_-99.375,fixed_generator,,node_1,Solar_time_series_by_year/Solar_time_series_2016_at_Lat_39.500_Lon_-99.375.csv,,,0.0148,,,,,,,0.1104,
node_1_wind_at_Lat_39.500_Lon_-99.375,fixed_generator,,node_1,Wind_time_series_by_year/Wind_time_series_2016_at_Lat_39.500_Lon_-99.375.csv,,,0.0160,,,,,,,0.0221,
node_1_solar_at_Lat_39.500_Lon_-98.750,fixed_generator,,node_1,Solar_time_series_by_year/Solar_time_series_2016_at_Lat_39.500_Lon_-98.750.csv,,,0.0148,,,,,,,0.1104,
node_1_wind_at_Lat_39.500_Lon_-98.750,fixed_generator,,node_1,Wind_time_series_by_year/Wind_time_series_2016_at_Lat_39.500_Lon_-98.750.csv,,,0.0160,,,,,,,0.0221,
node_1_solar_at_Lat_39.500_Lon_-98.125,fixed_generator,,node_1,Solar_time_series_by_year/Solar_time_series_2016_at_Lat_39.500_Lon_-98.125.csv,,,0.0148,,,,,,,0.1104,
node_1_wind_at_Lat_39.500_Lon_-98.125,fixed_generator,,node_1,Wind_time_series_by_year/Wind_time_series_2016_at_Lat_39.500_Lon_-98.125.csv,,,0.0160,,,,,,,0.0221,
node_1_solar_at_Lat_39.500_Lon_-97.500,fixed_generator,,node_1,Solar_time_series_by_year/Solar_time_series_2016_at_Lat_39.500_Lon_-97.500.csv,,,0.0148,,,,,,,0.1104,
node_1_wind_at_Lat_39.500_Lon_-97.500,fixed_generator,,node_1,Wind_time_series_by_year/Wind_time_series_2016_at_Lat_39.500_Lon_-97.500.csv,,,0.0160,,,,,,,0.0221,
node_1_solar_at_Lat_39.500_Lon_-96.875,fixed_generator,,node_1,Solar_time_series_by_year/Solar_time_series_2016_at_Lat_39.500_Lon_-96.875.csv,,,0.0148,,,,,,,0.1104,
node_1_wind_at_Lat_39.500_Lon_-96.875,fixed_generator,,node_1,Wind_time_series_by_year/Wind_time_series_2016_at_Lat_39.500_Lon_-96.875.csv,,,0.0160,,,,,,,0.0221,
node_1_solar_at_Lat_39.500_Lon_-96.250,fixed_generator,,node_1,Solar_time_series_by_year/Solar_time_series_2016_at_Lat_39.500_Lon_-96.250.csv,,,0.0148,,,,,,,0.1104,
node_1_wind_at_Lat_39.500_Lon_-96.250,fixed_generator,,node_1,Wind_time_series_by_year/Wind_time_series_2016_at_Lat_39.500_Lon_-96.250.csv,,,0.0160,,,,,,,0.0221,
node_1_solar_at_Lat_39.500_Lon_-95.625,fixed_generator,,node_1,Solar_time_series_by_year/Solar_time_series_2016_at_Lat_39.500_Lon_-95.625.csv,,,0.0148,,,,,,,0.1104,
node_1_wind_at_Lat_39.500_Lon_-95.625,fixed_generator,,node_1,Wind_time_series_by_year/Wind_time_series_2016_at_Lat_39.500_Lon_-95.625.csv,,,0.0160,,,,,,,0.0221,
node_1_solar_at_Lat_39.500_Lon_-95.000,fixed_generator,,node_1,Solar_time_series_by_year/Solar_time_series_2016_at_Lat_39.500_Lon_-95.000.csv,,,0.0148,,,,,,,0.1104,
node_1_wind_at_Lat_39.500_Lon_-95.000,fixed_generator,,node_1,Wind_time_series_by_year/Wind_time_series_2016_at_Lat_39.500_Lon_-95.000.csv,,,0.0160,,,,,,,0.0221,
node_1_solar_at_Lat_39.500_Lon_-94.375,fixed_generator,,node_1,Solar_time_series_by_year/Solar_time_series_2016_at_Lat_39.500_Lon_-94.375.csv,,,0.0148,,,,,,,0.1104,
node_1_wind_at_Lat_39.500_Lon_-94.375,fixed_generator,,node_1,Wind_time_series_by_year/Wind_time_series_2016_at_Lat_39.500_Lon_-94.375.csv,,,0.0160,,,,,,,0.0221,
node_1_solar_at_Lat_39.500_Lon_-93.750,fixed_generator,,node_1,Solar_time_series_by_year/Solar_time_series_2016_at_Lat_39.500_Lon_-93.750.csv,,,0.0148,,,,,,,0.1104,
node_1_wind_at_Lat_39.500_Lon_-93.750,fixed_generator,,node_1,Wind_time_series_by_year/Wind_time_series_2016_at_Lat_39.500_Lon_-93.750.csv,,,0.0160,,,,,,,0.0221,
node_1_solar_at_Lat_39.500_Lon_-93.125,fixed_generator,,node_1,Solar_time_series_by_year/Solar_time_series_2016_at_Lat_39.500_Lon_-93.125.csv,,,0.0148,,,,,,,0.1104,
node_1_wind_at_Lat_39.500_Lon_-93.125,fixed_generator,,node_1,Wind_time_series_by_year/Wind_time_series_2016_at_Lat_39.500_Lon_-93.125.csv,,,0.0160,,,,,,,0.0221,
node_1_solar_at_Lat_39.500_Lon_-92.500,fixed_generator,,node_1,Solar_time_series_by_year/Solar_time_series_2016_at_Lat_39.500_Lon_-92.500.csv,,,0.0148,,,,,,,0.1104,
node_1_wind_at_Lat_39.500_Lon_-92.500,fixed_generator,,node_1,Wind_time_series_by_year/Wind_time_series_2016_at_Lat_39.500_Lon_-92.500.csv,,,0.0160,,,,,,,0.0221,
node_1_solar_at_Lat_39.500_Lon_-91.875,fixed_generator,,node_1,Solar_time_series_by_year/Solar_time_series_2016_at_Lat_39.500_Lon_-91.875.csv,,,0.0148,,,,,,,0.1104,
node_1_wind_at_Lat_39.500_Lon_-91.875,fixed_generator,,node_1,Wind_time_series_by_year/Wind_time_series_2016_at_Lat_39.500_Lon_-91.875.csv,,,0.0160,,,,,,,0.0221,
node_1_solar_at_Lat_39.500_Lon_-91.250,fixed_generator,,node_1,Solar_time_series_by_year/Solar_time_series_2016_at_Lat_39.500_Lon_-91.250.csv,,,0.0148,,,,,,,0.1104,
node_1_wind_at_Lat_39.500_Lon_-91.250,fixed_generator,,node_1,Wind_time_series_by_year/Wind_time_series_2016_at_Lat_39.500_Lon_-91.250.csv,,,0.0160,,,,,,,0.0221,
node_1_solar_at_Lat_39.500_Lon_-90.625,fixed_generator,,node_1,Solar_time_series_by_year/Solar_time_series_2016_at_Lat_39.500_Lon_-90.625.csv,,,0.0148,,,,,,,0.1104,
node_1_wind_at_Lat_39.500_Lon_-90.625,fixed_generator,,node_1,Wind_time_series_by_year/Wind_time_series_2016_at_Lat_39.500_Lon_-90.625.csv,,,0.0160,,,,,,,0.0221,
node_1_solar_at_Lat_39.500_Lon_-90.000,fixed_generator,,node_1,Solar_time_series_by_year/Solar_time_series_2016_at_Lat_39.500_Lon_-90.000.csv,,,0.0148,,,,,,,0.1104,
node_1_wind_at_Lat_39.500_Lon_-90.000,fixed_generator,,node_1,Wind_time_series_by_year/Wind_time_series_2016_at_Lat_39.500_Lon_-90.000.csv,,,0.0160,,,,,,,0.0221,
node_1_solar_at_Lat_39.500_Lon_-89.375,fixed_generator,,node_1,Solar_time_series_by_year/Solar_time_series_2016_at_Lat_39.500_Lon_-89.375.csv,,,0.0148,,,,,,,0.1104,
node_1_wind_at_Lat_39.500_Lon_-89.375,fixed_generator,,node_1,Wind_time_series_by_year/Wind_time_series_2016_at_Lat_39.500_Lon_-89.375.csv,,,0.0160,,,,,,,0.0221,
node_1_solar_at_Lat_39.500_Lon_-88.750,fixed_generator,,node_1,Solar_time_series_by_year/Solar_time_series_2016_at_Lat_39.500_Lon_-88.750.csv,,,0.0148,,,,,,,0.1104,
node_1_wind_at_Lat_39.500_Lon_-88.750,fixed_generator,,node_1,Wind_time_series_by_year/Wind_time_series_2016_at_Lat_39.500_Lon_-88.750.csv,,,0.0160,,,,,,,0.0221,
node_1_solar_at_Lat_39.500_Lon_-88.125,fixed_generator,,node_1,Solar_time_series_by_year/Solar_time_series_2016_at_Lat_39.500_Lon_-88.125.csv,,,0.0148,,,,,,,0.1104,
node_1_wind_at_Lat_39.500_Lon_-88.125,fixed_generator,,node_1,Wind_time_series_by_year/Wind_time_series_2016_at_Lat_39.500_Lon_-88.125.csv,,,0.0160,,,,,,,0.0221,
node_1_solar_at_Lat_39.500_Lon_-87.500,fixed_generator,,node_1,Solar_time_series_by_year/Solar_time_series_2016_at_Lat_39.500_Lon_-87.500.csv,,,0.0148,,,,,,,0.1104,
node_1_wind_at_Lat_39.500_Lon_-87.500,fixed_generator,,node_1,Wind_time_series_by_year/Wind_time_series_2016_at_Lat_39.500_Lon_-87.500.csv,,,0.0160,,,,,,,0.0221,
node_1_solar_at_Lat_39.500_Lon_-86.875,fixed_generator,,node_1,Solar_time_series_by_year/Solar_time_series_2016_at_Lat_39.500_Lon_-86.875.csv,,,0.0148,,,,,,,0.1104,
node_1_wind_at_Lat_39.500_Lon_-86.875,fixed_generator,,node_1,Wind_time_series_by_year/Wind_time_series_2016_at_Lat_39.500_Lon_-86.875.csv,,,0.0160,,,,,,,0.0221,
node_1_solar_at_Lat_39.500_Lon_-86.250,fixed_generator,,node_1,Solar_time_series_by_year/Solar_time_series_2016_at_Lat_39.500_Lon_-86.250.csv,,,0.0148,,,,,,,0.1104,
node_1_wind_at_Lat_39.500_Lon_-86.250,fixed_generator,,node_1,Wind_time_series_by_year/Wind_time_series_2016_at_Lat_39.500_Lon_-86.250.csv,,,0.0160,,,,,,,0.0221,
node_1_solar_at_Lat_39.500_Lon_-85.625,fixed_generator,,node_1,Solar_time_series_by_year/Solar_time_series_2016_at_Lat_39.500_Lon_-85.625.csv,,,0.0148,,,,,,,0.1104,
node_1_wind_at_Lat_39.500_Lon_-85.625,fixed_generator,,node_1,Wind_time_series_by_year/Wind_time_series_2016_at_Lat_39.500_Lon_-85.625.csv,,,0.0160,,,,,,,0.0221,
node_1_solar_at_Lat_39.500_Lon_-85.000,fixed_generator,,node_1,Solar_time_series_by_year/Solar_time_series_2016_at_Lat_39.500_Lon_-85.000.csv,,,0.0148,,,,,,,0.1104,
node_1_wind_at_Lat_39.500_Lon_-85.000,fixed_generator,,node_1,Wind_time_series_by_year/Wind_time_series_2016_at_Lat_39.500_Lon_-85.000.csv,,,0.0160,,,,,,,0.0221,
node_1_solar_at_Lat_39.500_Lon_-84.375,fixed_generator,,node_1,Solar_time_series_by_year/Solar_time_series_2016_at_Lat_39.500_Lon_-84.375.csv,,,0.0148,,,,,,,0.1104,
node_1_wind_at_Lat_39.500_Lon_-84.375,fixed_generator,,node_1,Wind_time_series_by_year/Wind_time_series_2016_at_Lat_39.500_Lon_-84.375.csv,,,0.0160,,,,,,,0.0221,
node_1_solar_at_Lat_39.500_Lon_-83.750,fixed_generator,,node_1,Solar_time_series_by_year/Solar_time_series_2016_at_Lat_39.500_Lon_-83.750.csv,,,0.0148,,,,,,,0.1104,
node_1_wind_at_Lat_39.500_Lon_-83.750,fixed_generator,,node_1,Wind_time_series_by_year/Wind_time_series_2016_at_Lat_39.500_Lon_-83.750.csv,,,0.0160,,,,,,,0.0221,
node_1_solar_at_Lat_39.500_Lon_-83.125,fixed_generator,,node_1,Solar_time_series_by_year/Solar_time_series_2016_at_Lat_39.500_Lon_-83.125.csv,,,0.0148,,,,,,,0.1104,
node_1_wind_at_Lat_39.500_Lon_-83.125,fixed_generator,,node_1,Wind_time_series_by_year/Wind_time_series_2016_at_Lat_39.500_Lon_-83.125.csv,,,0.0160,,,,,,,0.0221,
node_1_solar_at_Lat_39.500_Lon_-82.500,fixed_generator,,node_1,Solar_time_series_by_year/Solar_time_series_2016_at_Lat_39.500_Lon_-82.500.csv,,,0.0148,,,,,,,0.1104,
node_1_wind_at_Lat_39.500_Lon_-82.500,fixed_generator,,node_1,Wind_time_series_by_year/Wind_time_series_2016_at_Lat_39.500_Lon_-82.500.csv,,,0.0160,,,,,,,0.0221,
node_1_solar_at_Lat_39.500_Lon_-81.875,fixed_generator,,node_1,Solar_time_series_by_year/Solar_time_series_2016_at_Lat_39.500_Lon_-81.875.csv,,,0.0148,,,,,,,0.1104,
node_1_wind_at_Lat_39.500_Lon_-81.875,fixed_generator,,node_1,Wind_time_series_by_year/Wind_time_series_2016_at_Lat_39.500_Lon_-81.875.csv,,,0.0160,,,,,,,0.0221,
node_1_solar_at_Lat_39.500_Lon_-81.250,fixed_generator,,node_1,Solar_time_series_by_year/Solar_time_series_2016_at_Lat_39.500_Lon_-81.250.csv,,,0.0148,,,,,,,0.1104,
node_1_wind_at_Lat_39.500_Lon_-81.250,fixed_generator,,node_1,Wind_time_series_by_year/Wind_time_series_2016_at_Lat_39.500_Lon_-81.250.csv,,,0.0160,,,,,,,0.0221,
node_1_solar_at_Lat_39.500_Lon_-80.625,fixed_generator,,node_1,Solar_time_series_by_year/Solar_time_series_2016_at_Lat_39.500_Lon_-80.625.csv,,,0.0148,,,,,,,0.1104,
node_1_wind_at_Lat_39.500_Lon_-80.625,fixed_generator,,node_1,Wind_time_series_by_year/Wind_time_series_2016_at_Lat_39.500_Lon_-80.625.csv,,,0.0160,,,,,,,0.0221,
node_1_solar_at_Lat_39.500_Lon_-80.000,fixed_generator,,node_1,Solar_time_series_by_year/Solar_time_series_2016_at_Lat_39.500_Lon_-80.000.csv,,,0.0148,,,,,,,0.1104,
node_1_wind_at_Lat_39.500_Lon_-80.000,fixed_generator,,node_1,Wind_time_series_by_year/Wind_time_series_2016_at_Lat_39.500_Lon_-80.000.csv,,,0.0160,,,,,,,0.0221,
node_1_solar_at_Lat_39.500_Lon_-79.375,fixed_generator,,node_1,Solar_time_series_by_year/Solar_time_series_2016_at_Lat_39.500_Lon_-79.375.csv,,,0.0148,,,,,,,0.1104,
node_1_wind_at_Lat_39.500_Lon_-79.375,fixed_generator,,node_1,Wind_time_series_by_year/Wind_time_series_2016_at_Lat_39.500_Lon_-79.375.csv,,,0.0160,,,,,,,0.0221,
node_1_solar_at_Lat_39.500_Lon_-78.750,fixed_generator,,node_1,Solar_time_series_by_year/Solar_time_series_2016_at_Lat_39.500_Lon_-78.750.csv,,,0.0148,,,,,,,0.1104,
node_1_wind_at_Lat_39.500_Lon_-78.750,fixed_generator,,node_1,Wind_time_series_by_year/Wind_time_series_2016_at_Lat_39.500_Lon_-78.750.csv,,,0.0160,,,,,,,0.0221,
node_1_solar_at_Lat_39.500_Lon_-78.125,fixed_generator,,node_1,Solar_time_series_by_year/Solar_time_series_2016_at_Lat_39.500_Lon_-78.125.csv,,,0.0148,,,,,,,0.1104,
node_1_wind_at_Lat_39.500_Lon_-78.125,fixed_generator,,node_1,Wind_time_series_by_year/Wind_time_series_2016_at_Lat_39.500_Lon_-78.125.csv,,,0.0160,,,,,,,0.0221,
node_1_solar_at_Lat_39.500_Lon_-77.500,fixed_generator,,node_1,Solar_time_series_by_year/Solar_time_series_2016_at_Lat_39.500_Lon_-77.500.csv,,,0.0148,,,,,,,0.1104,
node_1_wind_at_Lat_39.500_Lon_-77.500,fixed_generator,,node_1,Wind_time_series_by_year/Wind_time_series_2016_at_Lat_39.500_Lon_-77.500.csv,,,0.0160,,,,,,,0.0221,
node_1_solar_at_Lat_39.500_Lon_-76.875,fixed_generator,,node_1,Solar_time_series_by_year/Solar_time_series_2016_at_Lat_39.500_Lon_-76.875.csv,,,0.0148,,,,,,,0.1104,
node_1_wind_at_Lat_39.500_Lon_-76.875,fixed_generator,,node_1,Wind_time_series_by_year/Wind_time_series_2016_at_Lat_39.500_Lon_-76.875.csv,,,0.0160,,,,,,,0.0221,
node_1_solar_at_Lat_39.500_Lon_-76.250,fixed_generator,,node_1,Solar_time_series_by_year/Solar_time_series_2016_at_Lat_39.500_Lon_-76.250.csv,,,0.0148,,,,,,,0.1104,
node_1_wind_at_Lat_39.500_Lon_-76.250,fixed_generator,,node_1,Wind_time_series_by_year/Wind_time_series_2016_at_Lat_39.500_Lon_-76.250.csv,,,0.0160,,,,,,,0.0221,
node_1_solar_at_Lat_39.500_Lon_-75.625,fixed_generator,,node_1,Solar_time_series_by_year/Solar_time_series_2016_at_Lat_39.500_Lon_-75.625.csv,,,0.0148,,,,,,,0.1104,
node_1_wind_at_Lat_39.500_Lon_-75.625,fixed_generator,,node_1,Wind_time_series_by_year/Wind_time_series_2016_at_Lat_39.500_Lon_-75.625.csv,,,0.0160,,,,,,,0.0221,
node_1_solar_at_Lat_39.500_Lon_-75.000,fixed_generator,,node_1,Solar_time_series_by_year/Solar_time_series_2016_at_Lat_39.500_Lon_-75.000.csv,,,0.0148,,,,,,,0.1104,
node_1_wind_at_Lat_39.500_Lon_-75.000,fixed_generator,,node_1,Wind_time_series_by_year/Wind_time_series_2016_at_Lat_39.500_Lon_-75.000.csv,,,0.0160,,,,,,,0.0221,
node_1_solar_at_Lat_40.000_Lon_-123.750,fixed_generator,,node_1,Solar_time_series_by_year/Solar_time_series_2016_at_Lat_40.000_Lon_-123.750.csv,,,0.0148,,,,,,,0.1096,
node_1_wind_at_Lat_40.000_Lon_-123.750,fixed_generator,,node_1,Wind_time_series_by_year/Wind_time_series_2016_at_Lat_40.000_Lon_-123.750.csv,,,0.0160,,,,,,,0.0219,
node_1_solar_at_Lat_40.000_Lon_-123.125,fixed_generator,,node_1,Solar_time_series_by_year/Solar_time_series_2016_at_Lat_40.000_Lon_-123.125.csv,,,0.0148,,,,,,,0.1096,
node_1_wind_at_Lat_40.000_Lon_-123.125,fixed_generator,,node_1,Wind_time_series_by_year/Wind_time_series_2016_at_Lat_40.000_Lon_-123.125.csv,,,0.0160,,,,,,,0.0219,
node_1_solar_at_Lat_40.000_Lon_-122.500,fixed_generator,,node_1,Solar_time_series_by_year/Solar_time_series_2016_at_Lat_40.000_Lon_-122.500.csv,,,0.0148,,,,,,,0.1096,
node_1_wind_at_Lat_40.000_Lon_-122.500,fixed_generator,,node_1,Wind_time_series_by_year/Wind_time_series_2016_at_Lat_40.000_Lon_-122.500.csv,,,0.0160,,,,,,,0.0219,
node_1_solar_at_Lat_40.000_Lon_-121.875,fixed_generator,,node_1,Solar_time_series_by_year/Solar_time_series_2016_at_Lat_40.000_Lon_-121.875.csv,,,0.0148,,,,,,,0.1096,
node_1_wind_at_Lat_40.000_Lon_-121.875,fixed_generator,,node_1,Wind_time_series_by_year/Wind_time_series_2016_at_Lat_40.000_Lon_-121.875.csv,,,0.0160,,,,,,,0.0219,
node_1_solar_at_Lat_40.000_Lon_-121.250,fixed_generator,,node_1,Solar_time_series_by_year/Solar_time_series_2016_at_Lat_40.000_Lon_-121.250.csv,,,0.0148,,,,,,,0.1096,
node_1_wind_at_Lat_40.000_Lon_-121.250,fixed_generator,,node_1,Wind_time_series_by_year/Wind_time_series_2016_at_Lat_40.000_Lon_-121.250.csv,,,0.0160,,,,,,,0.0219,
node_1_solar_at_Lat_40.000_Lon_-120.625,fixed_generator,,node_1,Solar_time_series_by_year/Solar_time_series_2016_at_Lat_40.000_Lon_-120.625.csv,,,0.0148,,,,,,,0.1096,
node_1_wind_at_Lat_40.000_Lon_-120.625,fixed_generator,,node_1,Wind_time_series_by_year/Wind_time_series_2016_at_Lat_40.000_Lon_-120.625.csv,,,0.0160,,,,,,,0.0219,
node_1_solar_at_Lat_40.000_Lon_-120.000,fixed_generator,,node_1,Solar_time_series_by_year/Solar_time_series_2016_at_Lat_40.000_Lon_-120.000.csv,,,0.0148,,,,,,,0.1096,
node_1_wind_at_Lat_40.000_Lon_-120.000,fixed_generator,,node_1,Wind_time_series_by_year/Wind_time_series_2016_at_Lat_40.000_Lon_-120.000.csv,,,0.0160,,,,,,,0.0219,
node_1_solar_at_Lat_40.000_Lon_-119.375,fixed_generator,,node_1,Solar_time_series_by_year/Solar_time_series_2016_at_Lat_40.000_Lon_-119.375.csv,,,0.0148,,,,,,,0.1096,
node_1_wind_at_Lat_40.000_Lon_-119.375,fixed_generator,,node_1,Wind_time_series_by_year/Wind_time_series_2016_at_Lat_40.000_Lon_-119.375.csv,,,0.0160,,,,,,,0.0219,
node_1_solar_at_Lat_40.000_Lon_-118.750,fixed_generator,,node_1,Solar_time_series_by_year/Solar_time_series_2016_at_Lat_40.000_Lon_-118.750.csv,,,0.0148,,,,,,,0.1096,
node_1_wind_at_Lat_40.000_Lon_-118.750,fixed_generator,,node_1,Wind_time_series_by_year/Wind_time_series_2016_at_Lat_40.000_Lon_-118.750.csv,,,0.0160,,,,,,,0.0219,
node_1_solar_at_Lat_40.000_Lon_-118.125,fixed_generator,,node_1,Solar_time_series_by_year/Solar_time_series_2016_at_Lat_40.000_Lon_-118.125.csv,,,0.0148,,,,,,,0.1096,
node_1_wind_at_Lat_40.000_Lon_-118.125,fixed_generator,,node_1,Wind_time_series_by_year/Wind_time_series_2016_at_Lat_40.000_Lon_-118.125.csv,,,0.0160,,,,,,,0.0219,
node_1_solar_at_Lat_40.000_Lon_-117.500,fixed_generator,,node_1,Solar_time_series_by_year/Solar_time_series_2016_at_Lat_40.000_Lon_-117.500.csv,,,0.0148,,,,,,,0.1096,
node_1_wind_at_Lat_40.000_Lon_-117.500,fixed_generator,,node_1,Wind_time_series_by_year/Wind_time_series_2016_at_Lat_40.000_Lon_-117.500.csv,,,0.0160,,,,,,,0.0219,
node_1_solar_at_Lat_40.000_Lon_-116.875,fixed_generator,,node_1,Solar_time_series_by_year/Solar_time_series_2016_at_Lat_40.000_Lon_-116.875.csv,,,0.0148,,,,,,,0.1096,
node_1_wind_at_Lat_40.000_Lon_-116.875,fixed_generator,,node_1,Wind_time_series_by_year/Wind_time_series_2016_at_Lat_40.000_Lon_-116.875.csv,,,0.0160,,,,,,,0.0219,
node_1_solar_at_Lat_40.000_Lon_-116.250,fixed_generator,,node_1,Solar_time_series_by_year/Solar_time_series_2016_at_Lat_40.000_Lon_-116.250.csv,,,0.0148,,,,,,,0.1096,
node_1_wind_at_Lat_40.000_Lon_-116.250,fixed_generator,,node_1,Wind_time_series_by_year/Wind_time_series_2016_at_Lat_40.000_Lon_-116.250.csv,,,0.0160,,,,,,,0.0219,
node_1_solar_at_Lat_40.000_Lon_-115.625,fixed_generator,,node_1,Solar_time_series_by_year/Solar_time_series_2016_at_Lat_40.000_Lon_-115.625.csv,,,0.0148,,,,,,,0.1096,
node_1_wind_at_Lat_40.000_Lon_-115.625,fixed_generator,,node_1,Wind_time_series_by_year/Wind_time_series_2016_at_Lat_40.000_Lon_-115.625.csv,,,0.0160,,,,,,,0.0219,
node_1_solar_at_Lat_40.000_Lon_-115.000,fixed_generator,,node_1,Solar_time_series_by_year/Solar_time_series_2016_at_Lat_40.000_Lon_-115.000.csv,,,0.0148,,,,,,,0.1096,
node_1_wind_at_Lat_40.000_Lon_-115.000,fixed_generator,,node_1,Wind_time_series_by_year/Wind_time_series_2016_at_Lat_40.000_Lon_-115.000.csv,,,0.0160,,,,,,,0.0219,
node_1_solar_at_Lat_40.000_Lon_-114.375,fixed_generator,,node_1,Solar_time_series_by_year/Solar_time_series_2016_at_Lat_40.000_Lon_-114.375.csv,,,0.0148,,,,,,,0.1096,
node_1_wind_at_Lat_40.000_Lon_-114.375,fixed_generator,,node_1,Wind_time_series_by_year/Wind_time_series_2016_at_Lat_40.000_Lon_-114.375.csv,,,0.0160,,,,,,,0.0219,
node_1_solar_at_Lat_40.000_Lon_-113.750,fixed_generator,,node_1,Solar_time_series_by_year/Solar_time_series_2016_at_Lat_40.000_Lon_-113.750.csv,,,0.0148,,,,,,,0.1096,
node_1_wind_at_Lat_40.000_Lon_-113.750,fixed_generator,,node_1,Wind_time_series_by_year/Wind_time_series_2016_at_Lat_40.000_Lon_-113.750.csv,,,0.0160,,,,,,,0.0219,
node_1_solar_at_Lat_40.000_Lon_-113.125,fixed_generator,,node_1,Solar_time_series_by_year/Solar_time_series_2016_at_Lat_40.000_Lon_-113.125.csv,,,0.0148,,,,,,,0.1096,
node_1_wind_at_Lat_40.000_Lon_-113.125,fixed_generator,,node_1,Wind_time_series_by_year/Wind_time_series_2016_at_Lat_40.000_Lon_-113.125.csv,,,0.0160,,,,,,,0.0219,
node_1_solar_at_Lat_40.000_Lon_-112.500,fixed_generator,,node_1,Solar_time_series_by_year/Solar_time_series_2016_at_Lat_40.000_Lon_-112.500.csv,,,0.0148,,,,,,,0.1096,
node_1_wind_at_Lat_40.000_Lon_-112.500,fixed_generator,,node_1,Wind_time_series_by_year/Wind_time_series_2016_at_Lat_40.000_Lon_-112.500.csv,,,0.0160,,,,,,,0.0219,
node_1_solar_at_Lat_40.000_Lon_-111.875,fixed_generator,,node_1,Solar_time_series_by_year/Solar_time_series_2016_at_Lat_40.000_Lon_-111.875.csv,,,0.0148,,,,,,,0.1096,
node_1_wind_at_Lat_40.000_Lon_-111.875,fixed_generator,,node_1,Wind_time_series_by_year/Wind_time_series_2016_at_Lat_40.000_Lon_-111.875.csv,,,0.0160,,,,,,,0.0219,
node_1_solar_at_Lat_40.000_Lon_-111.250,fixed_generator,,node_1,Solar_time_series_by_year/Solar_time_series_2016_at_Lat_40.000_Lon_-111.250.csv,,,0.0148,,,,,,,0.1096,
node_1_wind_at_Lat_40.000_Lon_-111.250,fixed_generator,,node_1,Wind_time_series_by_year/Wind_time_series_2016_at_Lat_40.000_Lon_-111.250.csv,,,0.0160,,,,,,,0.0219,
node_1_solar_at_Lat_40.000_Lon_-110.625,fixed_generator,,node_1,Solar_time_series_by_year/Solar_time_series_2016_at_Lat_40.000_Lon_-110.625.csv,,,0.0148,,,,,,,0.1096,
node_1_wind_at_Lat_40.000_Lon_-110.625,fixed_generator,,node_1,Wind_time_series_by_year/Wind_time_series_2016_at_Lat_40.000_Lon_-110.625.csv,,,0.0160,,,,,,,0.0219,
node_1_solar_at_Lat_40.000_Lon_-110.000,fixed_generator,,node_1,Solar_time_series_by_year/Solar_time_series_2016_at_Lat_40.000_Lon_-110.000.csv,,,0.0148,,,,,,,0.1096,
node_1_wind_at_Lat_40.000_Lon_-110.000,fixed_generator,,node_1,Wind_time_series_by_year/Wind_time_series_2016_at_Lat_40.000_Lon_-110.000.csv,,,0.0160,,,,,,,0.0219,
node_1_solar_at_Lat_40.000_Lon_-109.375,fixed_generator,,node_1,Solar_time_series_by_year/Solar_time_series_2016_at_Lat_40.000_Lon_-109.375.csv,,,0.0148,,,,,,,0.1096,
node_1_wind_at_Lat_40.000_Lon_-109.375,fixed_generator,,node_1,Wind_time_series_by_year/Wind_time_series_2016_at_Lat_40.000_Lon_-109.375.csv,,,0.0160,,,,,,,0.0219,
node_1_solar_at_Lat_40.000_Lon_-108.750,fixed_generator,,node_1,Solar_time_series_by_year/Solar_time_series_2016_at_Lat_40.000_Lon_-108.750.csv,,,0.0148,,,,,,,0.1096,
node_1_wind_at_Lat_40.000_Lon_-108.750,fixed_generator,,node_1,Wind_time_series_by_year/Wind_time_series_2016_at_Lat_40.000_Lon_-108.750.csv,,,0.0160,,,,,,,0.0219,
node_1_solar_at_Lat_40.000_Lon_-108.125,fixed_generator,,node_1,Solar_time_series_by_year/Solar_time_series_2016_at_Lat_40.000_Lon_-108.125.csv,,,0.0148,,,,,,,0.1096,
node_1_wind_at_Lat_40.000_Lon_-108.125,fixed_generator,,node_1,Wind_time_series_by_year/Wind_time_series_2016_at_Lat_40.000_Lon_-108.125.csv,,,0.0160,,,,,,,0.0219,
node_1_solar_at_Lat_40.000_Lon_-107.500,fixed_generator,,node_1,Solar_time_series_by_year/Solar_time_series_2016_at_Lat_40.000_Lon_-107.500.csv,,,0.0148,,,,,,,0.1096,
node_1_wind_at_Lat_40.000_Lon_-107.500,fixed_generator,,node_1,Wind_time_series_by_year/Wind_time_series_2016_at_Lat_40.000_Lon_-107.500.csv,,,0.0160,,,,,,,0.0219,
node_1_solar_at_Lat_40.000_Lon_-106.875,fixed_generator,,node_1,Solar_time_series_by_year/Solar_time_series_2016_at_Lat_40.000_Lon_-106.875.csv,,,0.0148,,,,,,,0.1096,
node_1_wind_at_Lat_40.000_Lon_-106.875,fixed_generator,,node_1,Wind_time_series_by_year/Wind_time_series_2016_at_Lat_40.000_Lon_-106.875.csv,,,0.0160,,,,,,,0.0219,
node_1_solar_at_Lat_40.000_Lon_-106.250,fixed_generator,,node_1,Solar_time_series_by_year/Solar_time_series_2016_at_Lat_40.000_Lon_-106.250.csv,,,0.0148,,,,,,,0.1096,
node_1_wind_at_Lat_40.000_Lon_-106.250,fixed_generator,,node_1,Wind_time_series_by_year/Wind_time_series_2016_at_Lat_40.000_Lon_-106.250.csv,,,0.0160,,,,,,,0.0219,
node_1_solar_at_Lat_40.000_Lon_-105.625,fixed_generator,,node_1,Solar_time_series_by_year/Solar_time_series_2016_at_Lat_40.000_Lon_-105.625.csv,,,0.0148,,,,,,,0.1096,
node_1_wind_at_Lat_40.000_Lon_-105.625,fixed_generator,,node_1,Wind_time_series_by_year/Wind_time_series_2016_at_Lat_40.000_Lon_-105.625.csv,,,0.0160,,,,,,,0.0219,
node_1_solar_at_Lat_40.000_Lon_-105.000,fixed_generator,,node_1,Solar_time_series_by_year/Solar_time_series_2016_at_Lat_40.000_Lon_-105.000.csv,,,0.0148,,,,,,,0.1096,
node_1_wind_at_Lat_40.000_Lon_-105.000,fixed_generator,,node_1,Wind_time_series_by_year/Wind_time_series_2016_at_Lat_40.000_Lon_-105.000.csv,,,0.0160,,,,,,,0.0219,
node_1_solar_at_Lat_40.000_Lon_-104.375,fixed_generator,,node_1,Solar_time_series_by_year/Solar_time_series_2016_at_Lat_40.000_Lon_-104.375.csv,,,0.0148,,,,,,,0.1096,
node_1_wind_at_Lat_40.000_Lon_-104.375,fixed_generator,,node_1,Wind_time_series_by_year/Wind_time_series_2016_at_Lat_40.000_Lon_-104.375.csv,,,0.0160,,,,,,,0.0219,
node_1_solar_at_Lat_40.000_Lon_-103.750,fixed_generator,,node_1,Solar_time_series_by_year/Solar_time_series_2016_at_Lat_40.000_Lon_-103.750.csv,,,0.0148,,,,,,,0.1096,
node_1_wind_at_Lat_40.000_Lon_-103.750,fixed_generator,,node_1,Wind_time_series_by_year/Wind_time_series_2016_at_Lat_40.000_Lon_-103.750.csv,,,0.0160,,,,,,,0.0219,
node_1_solar_at_Lat_40.000_Lon_-103.125,fixed_generator,,node_1,Solar_time_series_by_year/Solar_time_series_2016_at_Lat_40.000_Lon_-103.125.csv,,,0.0148,,,,,,,0.1096,
node_1_wind_at_Lat_40.000_Lon_-103.125,fixed_generator,,node_1,Wind_time_series_by_year/Wind_time_series_2016_at_Lat_40.000_Lon_-103.125.csv,,,0.0160,,,,,,,0.0219,
node_1_solar_at_Lat_40.000_Lon_-102.500,fixed_generator,,node_1,Solar_time_series_by_year/Solar_time_series_2016_at_Lat_40.000_Lon_-102.500.csv,,,0.0148,,,,,,,0.1096,
node_1_wind_at_Lat_40.000_Lon_-102.500,fixed_generator,,node_1,Wind_time_series_by_year/Wind_time_series_2016_at_Lat_40.000_Lon_-102.500.csv,,,0.0160,,,,,,,0.0219,
node_1_solar_at_Lat_40.000_Lon_-101.875,fixed_generator,,node_1,Solar_time_series_by_year/Solar_time_series_2016_at_Lat_40.000_Lon_-101.875.csv,,,0.0148,,,,,,,0.1096,
node_1_wind_at_Lat_40.000_Lon_-101.875,fixed_generator,,node_1,Wind_time_series_by_year/Wind_time_series_2016_at_Lat_40.000_Lon_-101.875.csv,,,0.0160,,,,,,,0.0219,
node_1_solar_at_Lat_40.000_Lon_-101.250,fixed_generator,,node_1,Solar_time_series_by_year/Solar_time_series_2016_at_Lat_40.000_Lon_-101.250.csv,,,0.0148,,,,,,,0.1096,
node_1_wind_at_Lat_40.000_Lon_-101.250,fixed_generator,,node_1,Wind_time_series_by_year/Wind_time_series_2016_at_Lat_40.000_Lon_-101.250.csv,,,0.0160,,,,,,,0.0219,
node_1_solar_at_Lat_40.000_Lon_-100.625,fixed_generator,,node_1,Solar_time_series_by_year/Solar_time_series_2016_at_Lat_40.000_Lon_-100.625.csv,,,0.0148,,,,,,,0.1096,
node_1_wind_at_Lat_40.000_Lon_-100.625,fixed_generator,,node_1,Wind_time_series_by_year/Wind_time_series_2016_at_Lat_40.000_Lon_-100.625.csv,,,0.0160,,,,,,,0.0219,
node_1_solar_at_Lat_40.000_Lon_-100.000,fixed_generator,,node_1,Solar_time_series_by_year/Solar_time_series_2016_at_Lat_40.000_Lon_-100.000.csv,,,0.0148,,,,,,,0.1096,
node_1_wind_at_Lat_40.000_Lon_-100.000,fixed_generator,,node_1,Wind_time_series_by_year/Wind_time_series_2016_at_Lat_40.000_Lon_-100.000.csv,,,0.0160,,,,,,,0.0219,
node_1_solar_at_Lat_40.000_Lon_-99.375,fixed_generator,,node_1,Solar_time_series_by_year/Solar_time_series_2016_at_Lat_40.000_Lon_-99.375.csv,,,0.0148,,,,,,,0.1096,
node_1_wind_at_Lat_40.000_Lon_-99.375,fixed_generator,,node_1,Wind_time_series_by_year/Wind_time_series_2016_at_Lat_40.000_Lon_-99.375.csv,,,0.0160,,,,,,,0.0219,
node_1_solar_at_Lat_40.000_Lon_-98.750,fixed_generator,,node_1,Solar_time_series_by_year/Solar_time_series_2016_at_Lat_40.000_Lon_-98.750.csv,,,0.0148,,,,,,,0.1096,
node_1_wind_at_Lat_40.000_Lon_-98.750,fixed_generator,,node_1,Wind_time_series_by_year/Wind_time_series_2016_at_Lat_40.000_Lon_-98.750.csv,,,0.0160,,,,,,,0.0219,
node_1_solar_at_Lat_40.000_Lon_-98.125,fixed_generator,,node_1,Solar_time_series_by_year/Solar_time_series_2016_at_Lat_40.000_Lon_-98.125.csv,,,0.0148,,,,,,,0.1096,
node_1_wind_at_Lat_40.000_Lon_-98.125,fixed_generator,,node_1,Wind_time_series_by_year/Wind_time_series_2016_at_Lat_40.000_Lon_-98.125.csv,,,0.0160,,,,,,,0.0219,
node_1_solar_at_Lat_40.000_Lon_-97.500,fixed_generator,,node_1,Solar_time_series_by_year/Solar_time_series_2016_at_Lat_40.000_Lon_-97.500.csv,,,0.0148,,,,,,,0.1096,
node_1_wind_at_Lat_40.000_Lon_-97.500,fixed_generator,,node_1,Wind_time_series_by_year/Wind_time_series_2016_at_Lat_40.000_Lon_-97.500.csv,,,0.0160,,,,,,,0.0219,
node_1_solar_at_Lat_40.000_Lon_-96.875,fixed_generator,,node_1,Solar_time_series_by_year/Solar_time_series_2016_at_Lat_40.000_Lon_-96.875.csv,,,0.0148,,,,,,,0.1096,
node_1_wind_at_Lat_40.000_Lon_-96.875,fixed_generator,,node_1,Wind_time_series_by_year/Wind_time_series_2016_at_Lat_40.000_Lon_-96.875.csv,,,0.0160,,,,,,,0.0219,
node_1_solar_at_Lat_40.000_Lon_-96.250,fixed_generator,,node_1,Solar_time_series_by_year/Solar_time_series_2016_at_Lat_40.000_Lon_-96.250.csv,,,0.0148,,,,,,,0.1096,
node_1_wind_at_Lat_40.000_Lon_-96.250,fixed_generator,,node_1,Wind_time_series_by_year/Wind_time_series_2016_at_Lat_40.000_Lon_-96.250.csv,,,0.0160,,,,,,,0.0219,
node_1_solar_at_Lat_40.000_Lon_-95.625,fixed_generator,,node_1,Solar_time_series_by_year/Solar_time_series_2016_at_Lat_40.000_Lon_-95.625.csv,,,0.0148,,,,,,,0.1096,
node_1_wind_at_Lat_40.000_Lon_-95.625,fixed_generator,,node_1,Wind_time_series_by_year/Wind_time_series_2016_at_Lat_40.000_Lon_-95.625.csv,,,0.0160,,,,,,,0.0219,
node_1_solar_at_Lat_40.000_Lon_-95.000,fixed_generator,,node_1,Solar_time_series_by_year/Solar_time_series_2016_at_Lat_40.000_Lon_-95.000.csv,,,0.0148,,,,,,,0.1096,
node_1_wind_at_Lat_40.000_Lon_-95.000,fixed_generator,,node_1,Wind_time_series_by_year/Wind_time_series_2016_at_Lat_40.000_Lon_-95.000.csv,,,0.0160,,,,,,,0.0219,
node_1_solar_at_Lat_40.000_Lon_-94.375,fixed_generator,,node_1,Solar_time_series_by_year/Solar_time_series_2016_at_Lat_40.000_Lon_-94.375.csv,,,0.0148,,,,,,,0.1096,
node_1_wind_at_Lat_40.000_Lon_-94.375,fixed_generator,,node_1,Wind_time_series_by_year/Wind_time_series_2016_at_Lat_40.000_Lon_-94.375.csv,,,0.0160,,,,,,,0.0219,
node_1_solar_at_Lat_40.000_Lon_-93.750,fixed_generator,,node_1,Solar_time_series_by_year/Solar_time_series_2016_at_Lat_40.000_Lon_-93.750.csv,,,0.0148,,,,,,,0.1096,
node_1_wind_at_Lat_40.000_Lon_-93.750,fixed_generator,,node_1,Wind_time_series_by_year/Wind_time_series_2016_at_Lat_40.000_Lon_-93.750.csv,,,0.0160,,,,,,,0.0219,
node_1_solar_at_Lat_40.000_Lon_-93.125,fixed_generator,,node_1,Solar_time_series_by_year/Solar_time_series_2016_at_Lat_40.000_Lon_-93.125.csv,,,0.0148,,,,,,,0.1096,
node_1_wind_at_Lat_40.000_Lon_-93.125,fixed_generator,,node_1,Wind_time_series_by_year/Wind_time_series_2016_at_Lat_40.000_Lon_-93.125.csv,,,0.0160,,,,,,,0.0219,
node_1_solar_at_Lat_40.000_Lon_-92.500,fixed_generator,,node_1,Solar_time_series_by_year/Solar_time_series_2016_at_Lat_40.000_Lon_-92.500.csv,,,0.0148,,,,,,,0.1096,
node_1_wind_at_Lat_40.000_Lon_-92.500,fixed_generator,,node_1,Wind_time_series_by_year/Wind_time_series_2016_at_Lat_40.000_Lon_-92.500.csv,,,0.0160,,,,,,,0.0219,
node_1_solar_at_Lat_40.000_Lon_-91.875,fixed_generator,,node_1,Solar_time_series_by_year/Solar_time_series_2016_at_Lat_40.000_Lon_-91.875.csv,,,0.0148,,,,,,,0.1096,
node_1_wind_at_Lat_40.000_Lon_-91.875,fixed_generator,,node_1,Wind_time_series_by_year/Wind_time_series_2016_at_Lat_40.000_Lon_-91.875.csv,,,0.0160,,,,,,,0.0219,
node_1_solar_at_Lat_40.000_Lon_-91.250,fixed_generator,,node_1,Solar_time_series_by_year/Solar_time_series_2016_at_Lat_40.000_Lon_-91.250.csv,,,0.0148,,,,,,,0.1096,
node_1_wind_at_Lat_40.000_Lon_-91.250,fixed_generator,,node_1,Wind_time_series_by_year/Wind_time_series_2016_at_Lat_40.000_Lon_-91.250.csv,,,0.0160,,,,,,,0.0219,
node_1_solar_at_Lat_40.000_Lon_-90.625,fixed_generator,,node_1,Solar_time_series_by_year/Solar_time_series_2016_at_Lat_40.000_Lon_-90.625.csv,,,0.0148,,,,,,,0.1096,
node_1_wind_at_Lat_40.000_Lon_-90.625,fixed_generator,,node_1,Wind_time_series_by_year/Wind_time_series_2016_at_Lat_40.000_Lon_-90.625.csv,,,0.0160,,,,,,,0.0219,
node_1_solar_at_Lat_40.000_Lon_-90.000,fixed_generator,,node_1,Solar_time_series_by_year/Solar_time_series_2016_at_Lat_40.000_Lon_-90.000.csv,,,0.0148,,,,,,,0.1096,
node_1_wind_at_Lat_40.000_Lon_-90.000,fixed_generator,,node_1,Wind_time_series_by_year/Wind_time_series_2016_at_Lat_40.000_Lon_-90.000.csv,,,0.0160,,,,,,,0.0219,
node_1_solar_at_Lat_40.000_Lon_-89.375,fixed_generator,,node_1,Solar_time_series_by_year/Solar_time_series_2016_at_Lat_40.000_Lon_-89.375.csv,,,0.0148,,,,,,,0.1096,
node_1_wind_at_Lat_40.000_Lon_-89.375,fixed_generator,,node_1,Wind_time_series_by_year/Wind_time_series_2016_at_Lat_40.000_Lon_-89.375.csv,,,0.0160,,,,,,,0.0219,
node_1_solar_at_Lat_40.000_Lon_-88.750,fixed_generator,,node_1,Solar_time_series_by_year/Solar_time_series_2016_at_Lat_40.000_Lon_-88.750.csv,,,0.0148,,,,,,,0.1096,
node_1_wind_at_Lat_40.000_Lon_-88.750,fixed_generator,,node_1,Wind_time_series_by_year/Wind_time_series_2016_at_Lat_40.000_Lon_-88.750.csv,,,0.0160,,,,,,,0.0219,
node_1_solar_at_Lat_40.000_Lon_-88.125,fixed_generator,,node_1,Solar_time_series_by_year/Solar_time_series_2016_at_Lat_40.000_Lon_-88.125.csv,,,0.0148,,,,,,,0.1096,
node_1_wind_at_Lat_40.000_Lon_-88.125,fixed_generator,,node_1,Wind_time_series_by_year/Wind_time_series_2016_at_Lat_40.000_Lon_-88.125.csv,,,0.0160,,,,,,,0.0219,
node_1_solar_at_Lat_40.000_Lon_-87.500,fixed_generator,,node_1,Solar_time_series_by_year/Solar_time_series_2016_at_Lat_40.000_Lon_-87.500.csv,,,0.0148,,,,,,,0.1096,
node_1_wind_at_Lat_40.000_Lon_-87.500,fixed_generator,,node_1,Wind_time_series_by_year/Wind_time_series_2016_at_Lat_40.000_Lon_-87.500.csv,,,0.0160,,,,,,,0.0219,
node_1_solar_at_Lat_40.000_Lon_-86.875,fixed_generator,,node_1,Solar_time_series_by_year/Solar_time_series_2016_at_Lat_40.000_Lon_-86.875.csv,,,0.0148,,,,,,,0.1096,
node_1_wind_at_Lat_40.000_Lon_-86.875,fixed_generator,,node_1,Wind_time_series_by_year/Wind_time_series_2016_at_Lat_40.000_Lon_-86.875.csv,,,0.0160,,,,,,,0.0219,
node_1_solar_at_Lat_40.000_Lon_-86.250,fixed_generator,,node_1,Solar_time_series_by_year/Solar_time_series_2016_at_Lat_40.000_Lon_-86.250.csv,,,0.0148,,,,,,,0.1096,
node_1_wind_at_Lat_40.000_Lon_-86.250,fixed_generator,,node_1,Wind_time_series_by_year/Wind_time_series_2016_at_Lat_40.000_Lon_-86.250.csv,,,0.0160,,,,,,,0.0219,
node_1_solar_at_Lat_40.000_Lon_-85.625,fixed_generator,,node_1,Solar_time_series_by_year/Solar_time_series_2016_at_Lat_40.000_Lon_-85.625.csv,,,0.0148,,,,,,,0.1096,
node_1_wind_at_Lat_40.000_Lon_-85.625,fixed_generator,,node_1,Wind_time_series_by_year/Wind_time_series_2016_at_Lat_40.000_Lon_-85.625.csv,,,0.0160,,,,,,,0.0219,
node_1_solar_at_Lat_40.000_Lon_-85.000,fixed_generator,,node_1,Solar_time_series_by_year/Solar_time_series_2016_at_Lat_40.000_Lon_-85.000.csv,,,0.0148,,,,,,,0.1096,
node_1_wind_at_Lat_40.000_Lon_-85.000,fixed_generator,,node_1,Wind_time_series_by_year/Wind_time_series_2016_at_Lat_40.000_Lon_-85.000.csv,,,0.0160,,,,,,,0.0219,
node_1_solar_at_Lat_40.000_Lon_-84.375,fixed_generator,,node_1,Solar_time_series_by_year/Solar_time_series_2016_at_Lat_40.000_Lon_-84.375.csv,,,0.0148,,,,,,,0.1096,
node_1_wind_at_Lat_40.000_Lon_-84.375,fixed_generator,,node_1,Wind_time_series_by_year/Wind_time_series_2016_at_Lat_40.000_Lon_-84.375.csv,,,0.0160,,,,,,,0.0219,
node_1_solar_at_Lat_40.000_Lon_-83.750,fixed_generator,,node_1,Solar_time_series_by_year/Solar_time_series_2016_at_Lat_40.000_Lon_-83.750.csv,,,0.0148,,,,,,,0.1096,
node_1_wind_at_Lat_40.000_Lon_-83.750,fixed_generator,,node_1,Wind_time_series_by_year/Wind_time_series_2016_at_Lat_40.000_Lon_-83.750.csv,,,0.0160,,,,,,,0.0219,
node_1_solar_at_Lat_40.000_Lon_-83.125,fixed_generator,,node_1,Solar_time_series_by_year/Solar_time_series_2016_at_Lat_40.000_Lon_-83.125.csv,,,0.0148,,,,,,,0.1096,
node_1_wind_at_Lat_40.000_Lon_-83.125,fixed_generator,,node_1,Wind_time_series_by_year/Wind_time_series_2016_at_Lat_40.000_Lon_-83.125.csv,,,0.0160,,,,,,,0.0219,
node_1_solar_at_Lat_40.000_Lon_-82.500,fixed_generator,,node_1,Solar_time_series_by_year/Solar_time_series_2016_at_Lat_40.000_Lon_-82.500.csv,,,0.0148,,,,,,,0.1096,
node_1_wind_at_Lat_40.000_Lon_-82.500,fixed_generator,,node_1,Wind_time_series_by_year/Wind_time_series_2016_at_Lat_40.000_Lon_-82.500.csv,,,0.0160,,,,,,,0.0219,
node_1_solar_at_Lat_40.000_Lon_-81.875,fixed_generator,,node_1,Solar_time_series_by_year/Solar_time_series_2016_at_Lat_40.000_Lon_-81.875.csv,,,0.0148,,,,,,,0.1096,
node_1_wind_at_Lat_40.000_Lon_-81.875,fixed_generator,,node_1,Wind_time_series_by_year/Wind_time_series_2016_at_Lat_40.000_Lon_-81.875.csv,,,0.0160,,,,,,,0.0219,
node_1_solar_at_Lat_40.000_Lon_-81.250,fixed_generator,,node_1,Solar_time_series_by_year/Solar_time_series_2016_at_Lat_40.000_Lon_-81.250.csv,,,0.0148,,,,,,,0.1096,
node_1_wind_at_Lat_40.000_Lon_-81.250,fixed_generator,,node_1,Wind_time_series_by_year/Wind_time_series_2016_at_Lat_40.000_Lon_-81.250.csv,,,0.0160,,,,,,,0.0219,
node_1_solar_at_Lat_40.000_Lon_-80.625,fixed_generator,,node_1,Solar_time_series_by_year/Solar_time_series_2016_at_Lat_40.000_Lon_-80.625.csv,,,0.0148,,,,,,,0.1096,
node_1_wind_at_Lat_40.000_Lon_-80.625,fixed_generator,,node_1,Wind_time_series_by_year/Wind_time_series_2016_at_Lat_40.000_Lon_-80.625.csv,,,0.0160,,,,,,,0.0219,
node_1_solar_at_Lat_40.000_Lon_-80.000,fixed_generator,,node_1,Solar_time_series_by_year/Solar_time_series_2016_at_Lat_40.000_Lon_-80.000.csv,,,0.0148,,,,,,,0.1096,
node_1_wind_at_Lat_40.000_Lon_-80.000,fixed_generator,,node_1,Wind_time_series_by_year/Wind_time_series_2016_at_Lat_40.000_Lon_-80.000.csv,,,0.0160,,,,,,,0.0219,
node_1_solar_at_Lat_40.000_Lon_-79.375,fixed_generator,,node_1,Solar_time_series_by_year/Solar_time_series_2016_at_Lat_40.000_Lon_-79.375.csv,,,0.0148,,,,,,,0.1096,
node_1_wind_at_Lat_40.000_Lon_-79.375,fixed_generator,,node_1,Wind_time_series_by_year/Wind_time_series_2016_at_Lat_40.000_Lon_-79.375.csv,,,0.0160,,,,,,,0.0219,
node_1_solar_at_Lat_40.000_Lon_-78.750,fixed_generator,,node_1,Solar_time_series_by_year/Solar_time_series_2016_at_Lat_40.000_Lon_-78.750.csv,,,0.0148,,,,,,,0.1096,
node_1_wind_at_Lat_40.000_Lon_-78.750,fixed_generator,,node_1,Wind_time_series_by_year/Wind_time_series_2016_at_Lat_40.000_Lon_-78.750.csv,,,0.0160,,,,,,,0.0219,
node_1_solar_at_Lat_40.000_Lon_-78.125,fixed_generator,,node_1,Solar_time_series_by_year/Solar_time_series_2016_at_Lat_40.000_Lon_-78.125.csv,,,0.0148,,,,,,,0.1096,
node_1_wind_at_Lat_40.000_Lon_-78.125,fixed_generator,,node_1,Wind_time_series_by_year/Wind_time_series_2016_at_Lat_40.000_Lon_-78.125.csv,,,0.0160,,,,,,,0.0219,
node_1_solar_at_Lat_40.000_Lon_-77.500,fixed_generator,,node_1,Solar_time_series_by_year/Solar_time_series_2016_at_Lat_40.000_Lon_-77.500.csv,,,0.0148,,,,,,,0.1096,
node_1_wind_at_Lat_40.000_Lon_-77.500,fixed_generator,,node_1,Wind_time_series_by_year/Wind_time_series_2016_at_Lat_40.000_Lon_-77.500.csv,,,0.0160,,,,,,,0.0219,
node_1_solar_at_Lat_40.000_Lon_-76.875,fixed_generator,,node_1,Solar_time_series_by_year/Solar_time_series_2016_at_Lat_40.000_Lon_-76.875.csv,,,0.0148,,,,,,,0.1096,
node_1_wind_at_Lat_40.000_Lon_-76.875,fixed_generator,,node_1,Wind_time_series_by_year/Wind_time_series_2016_at_Lat_40.000_Lon_-76.875.csv,,,0.0160,,,,,,,0.0219,
node_1_solar_at_Lat_40.000_Lon_-76.250,fixed_generator,,node_1,Solar_time_series_by_year/Solar_time_series_2016_at_Lat_40.000_Lon_-76.250.csv,,,0.0148,,,,,,,0.1096,
node_1_wind_at_Lat_40.000_Lon_-76.250,fixed_generator,,node_1,Wind_time_series_by_year/Wind_time_series_2016_at_Lat_40.000_Lon_-76.250.csv,,,0.0160,,,,,,,0.0219,
node_1_solar_at_Lat_40.000_Lon_-75.625,fixed_generator,,node_1,Solar_time_series_by_year/Solar_time_series_2016_at_Lat_40.000_Lon_-75.625.csv,,,0.0148,,,,,,,0.1096,
node_1_wind_at_Lat_40.000_Lon_-75.625,fixed_generator,,node_1,Wind_time_series_by_year/Wind_time_series_2016_at_Lat_40.000_Lon_-75.625.csv,,,0.0160,,,,,,,0.0219,
node_1_solar_at_Lat_40.000_Lon_-75.000,fixed_generator,,node_1,Solar_time_series_by_year/Solar_time_series_2016_at_Lat_40.000_Lon_-75.000.csv,,,0.0148,,,,,,,0.1096,
node_1_wind_at_Lat_40.000_Lon_-75.000,fixed_generator,,node_1,Wind_time_series_by_year/Wind_time_series_2016_at_Lat_40.000_Lon_-75.000.csv,,,0.0160,,,,,,,0.0219,
node_1_solar_at_Lat_40.000_Lon_-74.375,fixed_generator,,node_1,Solar_time_series_by_year/Solar_time_series_2016_at_Lat_40.000_Lon_-74.375.csv,,,0.0148,,,,,,,0.1096,
node_1_wind_at_Lat_40.000_Lon_-74.375,fixed_generator,,node_1,Wind_time_series_by_year/Wind_time_series_2016_at_Lat_40.000_Lon_-74.375.csv,,,0.0160,,,,,,,0.0219,
node_1_solar_at_Lat_40.500_Lon_-123.750,fixed_generator,,node_1,Solar_time_series_by_year/Solar_time_series_2016_at_Lat_40.500_Lon_-123.750.csv,,,0.0148,,,,,,,0.1088,
node_1_wind_at_Lat_40.500_Lon_-123.750,fixed_generator,,node_1,Wind_time_series_by_year/Wind_time_series_2016_at_Lat_40.500_Lon_-123.750.csv,,,0.0160,,,,,,,0.0218,
node_1_solar_at_Lat_40.500_Lon_-123.125,fixed_generator,,node_1,Solar_time_series_by_year/Solar_time_series_2016_at_Lat_40.500_Lon_-123.125.csv,,,0.0148,,,,,,,0.1088,
node_1_wind_at_Lat_40.500_Lon_-123.125,fixed_generator,,node_1,Wind_time_series_by_year/Wind_time_series_2016_at_Lat_40.500_Lon_-123.125.csv,,,0.0160,,,,,,,0.0218,
node_1_solar_at_Lat_40.500_Lon_-122.500,fixed_generator,,node_1,Solar_time_series_by_year/Solar_time_series_2016_at_Lat_40.500_Lon_-122.500.csv,,,0.0148,,,,,,,0.1088,
node_1_wind_at_Lat_40.500_Lon_-122.500,fixed_generator,,node_1,Wind_time_series_by_year/Wind_time_series_2016_at_Lat_40.500_Lon_-122.500.csv,,,0.0160,,,,,,,0.0218,
node_1_solar_at_Lat_40.500_Lon_-121.875,fixed_generator,,node_1,Solar_time_series_by_year/Solar_time_series_2016_at_Lat_40.500_Lon_-121.875.csv,,,0.0148,,,,,,,0.1088,
node_1_wind_at_Lat_40.500_Lon_-121.875,fixed_generator,,node_1,Wind_time_series_by_year/Wind_time_series_2016_at_Lat_40.500_Lon_-121.875.csv,,,0.0160,,,,,,,0.0218,
node_1_solar_at_Lat_40.500_Lon_-121.250,fixed_generator,,node_1,Solar_time_series_by_year/Solar_time_series_2016_at_Lat_40.500_Lon_-121.250.csv,,,0.0148,,,,,,,0.1088,
node_1_wind_at_Lat_40.500_Lon_-121.250,fixed_generator,,node_1,Wind_time_series_by_year/Wind_time_series_2016_at_Lat_40.500_Lon_-121.250.csv,,,0.0160,,,,,,,0.0218,
node_1_solar_at_Lat_40.500_Lon_-120.625,fixed_generator,,node_1,Solar_time_series_by_year/Solar_time_series_2016_at_Lat_40.500_Lon_-120.625.csv,,,0.0148,,,,,,,0.1088,
node_1_wind_at_Lat_40.500_Lon_-120.625,fixed_generator,,node_1,Wind_time_series_by_year/Wind_time_series_2016_at_Lat_40.500_Lon_-120.625.csv,,,0.0160,,,,,,,0.0218,
node_1_solar_at_Lat_40.500_Lon_-120.000,fixed_generator,,node_1,Solar_time_series_by_year/Solar_time_series_2016_at_Lat_40.500_Lon_-120.000.csv,,,0.0148,,,,,,,0.1088,
node_1_wind_at_Lat_40.500_Lon_-120.000,fixed_generator,,node_1,Wind_time_series_by_year/Wind_time_series_2016_at_Lat_40.500_Lon_-120.000.csv,,,0.0160,,,,,,,0.0218,
node_1_solar_at_Lat_40.500_Lon_-119.375,fixed_generator,,node_1,Solar_time_series_by_year/Solar_time_series_2016_at_Lat_40.500_Lon_-119.375.csv,,,0.0148,,,,,,,0.1088,
node_1_wind_at_Lat_40.500_Lon_-119.375,fixed_generator,,node_1,Wind_time_series_by_year/Wind_time_series_2016_at_Lat_40.500_Lon_-119.375.csv,,,0.0160,,,,,,,0.0218,
node_1_solar_at_Lat_40.500_Lon_-118.750,fixed_generator,,node_1,Solar_time_series_by_year/Solar_time_series_2016_at_Lat_40.500_Lon_-118.750.csv,,,0.0148,,,,,,,0.1088,
node_1_wind_at_Lat_40.500_Lon_-118.750,fixed_generator,,node_1,Wind_time_series_by_year/Wind_time_series_2016_at_Lat_40.500_Lon_-118.750.csv,,,0.0160,,,,,,,0.0218,
node_1_solar_at_Lat_40.500_Lon_-118.125,fixed_generator,,node_1,Solar_time_series_by_year/Solar_time_series_2016_at_Lat_40.500_Lon_-118.125.csv,,,0.0148,,,,,,,0.1088,
node_1_wind_at_Lat_40.500_Lon_-118.125,fixed_generator,,node_1,Wind_time_series_by_year/Wind_time_series_2016_at_Lat_40.500_Lon_-118.125.csv,,,0.0160,,,,,,,0.0218,
node_1_solar_at_Lat_40.500_Lon_-117.500,fixed_generator,,node_1,Solar_time_series_by_year/Solar_time_series_2016_at_Lat_40.500_Lon_-117.500.csv,,,0.0148,,,,,,,0.1088,
node_1_wind_at_Lat_40.500_Lon_-117.500,fixed_generator,,node_1,Wind_time_series_by_year/Wind_time_series_2016_at_Lat_40.500_Lon_-117.500.csv,,,0.0160,,,,,,,0.0218,
node_1_solar_at_Lat_40.500_Lon_-116.875,fixed_generator,,node_1,Solar_time_series_by_year/Solar_time_series_2016_at_Lat_40.500_Lon_-116.875.csv,,,0.0148,,,,,,,0.1088,
node_1_wind_at_Lat_40.500_Lon_-116.875,fixed_generator,,node_1,Wind_time_series_by_year/Wind_time_series_2016_at_Lat_40.500_Lon_-116.875.csv,,,0.0160,,,,,,,0.0218,
node_1_solar_at_Lat_40.500_Lon_-116.250,fixed_generator,,node_1,Solar_time_series_by_year/Solar_time_series_2016_at_Lat_40.500_Lon_-116.250.csv,,,0.0148,,,,,,,0.1088,
node_1_wind_at_Lat_40.500_Lon_-116.250,fixed_generator,,node_1,Wind_time_series_by_year/Wind_time_series_2016_at_Lat_40.500_Lon_-116.250.csv,,,0.0160,,,,,,,0.0218,
node_1_solar_at_Lat_40.500_Lon_-115.625,fixed_generator,,node_1,Solar_time_series_by_year/Solar_time_series_2016_at_Lat_40.500_Lon_-115.625.csv,,,0.0148,,,,,,,0.1088,
node_1_wind_at_Lat_40.500_Lon_-115.625,fixed_generator,,node_1,Wind_time_series_by_year/Wind_time_series_2016_at_Lat_40.500_Lon_-115.625.csv,,,0.0160,,,,,,,0.0218,
node_1_solar_at_Lat_40.500_Lon_-115.000,fixed_generator,,node_1,Solar_time_series_by_year/Solar_time_series_2016_at_Lat_40.500_Lon_-115.000.csv,,,0.0148,,,,,,,0.1088,
node_1_wind_at_Lat_40.500_Lon_-115.000,fixed_generator,,node_1,Wind_time_series_by_year/Wind_time_series_2016_at_Lat_40.500_Lon_-115.000.csv,,,0.0160,,,,,,,0.0218,
node_1_solar_at_Lat_40.500_Lon_-114.375,fixed_generator,,node_1,Solar_time_series_by_year/Solar_time_series_2016_at_Lat_40.500_Lon_-114.375.csv,,,0.0148,,,,,,,0.1088,
node_1_wind_at_Lat_40.500_Lon_-114.375,fixed_generator,,node_1,Wind_time_series_by_year/Wind_time_series_2016_at_Lat_40.500_Lon_-114.375.csv,,,0.0160,,,,,,,0.0218,
node_1_solar_at_Lat_40.500_Lon_-113.750,fixed_generator,,node_1,Solar_time_series_by_year/Solar_time_series_2016_at_Lat_40.500_Lon_-113.750.csv,,,0.0148,,,,,,,0.1088,
node_1_wind_at_Lat_40.500_Lon_-113.750,fixed_generator,,node_1,Wind_time_series_by_year/Wind_time_series_2016_at_Lat_40.500_Lon_-113.750.csv,,,0.0160,,,,,,,0.0218,
node_1_solar_at_Lat_40.500_Lon_-113.125,fixed_generator,,node_1,Solar_time_series_by_year/Solar_time_series_2016_at_Lat_40.500_Lon_-113.125.csv,,,0.0148,,,,,,,0.1088,
node_1_wind_at_Lat_40.500_Lon_-113.125,fixed_generator,,node_1,Wind_time_series_by_year/Wind_time_series_2016_at_Lat_40.500_Lon_-113.125.csv,,,0.0160,,,,,,,0.0218,
node_1_solar_at_Lat_40.500_Lon_-112.500,fixed_generator,,node_1,Solar_time_series_by_year/Solar_time_series_2016_at_Lat_40.500_Lon_-112.500.csv,,,0.0148,,,,,,,0.1088,
node_1_wind_at_Lat_40.500_Lon_-112.500,fixed_generator,,node_1,Wind_time_series_by_year/Wind_time_series_2016_at_Lat_40.500_Lon_-112.500.csv,,,0.0160,,,,,,,0.0218,
node_1_solar_at_Lat_40.500_Lon_-111.875,fixed_generator,,node_1,Solar_time_series_by_year/Solar_time_series_2016_at_Lat_40.500_Lon_-111.875.csv,,,0.0148,,,,,,,0.1088,
node_1_wind_at_Lat_40.500_Lon_-111.875,fixed_generator,,node_1,Wind_time_series_by_year/Wind_time_series_2016_at_Lat_40.500_Lon_-111.875.csv,,,0.0160,,,,,,,0.0218,
node_1_solar_at_Lat_40.500_Lon_-111.250,fixed_generator,,node_1,Solar_time_series_by_year/Solar_time_series_2016_at_Lat_40.500_Lon_-111.250.csv,,,0.0148,,,,,,,0.1088,
node_1_wind_at_Lat_40.500_Lon_-111.250,fixed_generator,,node_1,Wind_time_series_by_year/Wind_time_series_2016_at_Lat_40.500_Lon_-111.250.csv,,,0.0160,,,,,,,0.0218,
node_1_solar_at_Lat_40.500_Lon_-110.625,fixed_generator,,node_1,Solar_time_series_by_year/Solar_time_series_2016_at_Lat_40.500_Lon_-110.625.csv,,,0.0148,,,,,,,0.1088,
node_1_wind_at_Lat_40.500_Lon_-110.625,fixed_generator,,node_1,Wind_time_series_by_year/Wind_time_series_2016_at_Lat_40.500_Lon_-110.625.csv,,,0.0160,,,,,,,0.0218,
node_1_solar_at_Lat_40.500_Lon_-110.000,fixed_generator,,node_1,Solar_time_series_by_year/Solar_time_series_2016_at_Lat_40.500_Lon_-110.000.csv,,,0.0148,,,,,,,0.1088,
node_1_wind_at_Lat_40.500_Lon_-110.000,fixed_generator,,node_1,Wind_time_series_by_year/Wind_time_series_2016_at_Lat_40.500_Lon_-110.000.csv,,,0.0160,,,,,,,0.0218,
node_1_solar_at_Lat_40.500_Lon_-109.375,fixed_generator,,node_1,Solar_time_series_by_year/Solar_time_series_2016_at_Lat_40.500_Lon_-109.375.csv,,,0.0148,,,,,,,0.1088,
node_1_wind_at_Lat_40.500_Lon_-109.375,fixed_generator,,node_1,Wind_time_series_by_year/Wind_time_series_2016_at_Lat_40.500_Lon_-109.375.csv,,,0.0160,,,,,,,0.0218,
node_1_solar_at_Lat_40.500_Lon_-108.750,fixed_generator,,node_1,Solar_time_series_by_year/Solar_time_series_2016_at_Lat_40.500_Lon_-108.750.csv,,,0.0148,,,,,,,0.1088,
node_1_wind_at_Lat_40.500_Lon_-108.750,fixed_generator,,node_1,Wind_time_series_by_year/Wind_time_series_2016_at_Lat_40.500_Lon_-108.750.csv,,,0.0160,,,,,,,0.0218,
node_1_solar_at_Lat_40.500_Lon_-108.125,fixed_generator,,node_1,Solar_time_series_by_year/Solar_time_series_2016_at_Lat_40.500_Lon_-108.125.csv,,,0.0148,,,,,,,0.1088,
node_1_wind_at_Lat_40.500_Lon_-108.125,fixed_generator,,node_1,Wind_time_series_by_year/Wind_time_series_2016_at_Lat_40.500_Lon_-108.125.csv,,,0.0160,,,,,,,0.0218,
node_1_solar_at_Lat_40.500_Lon_-107.500,fixed_generator,,node_1,Solar_time_series_by_year/Solar_time_series_2016_at_Lat_40.500_Lon_-107.500.csv,,,0.0148,,,,,,,0.1088,
node_1_wind_at_Lat_40.500_Lon_-107.500,fixed_generator,,node_1,Wind_time_series_by_year/Wind_time_series_2016_at_Lat_40.500_Lon_-107.500.csv,,,0.0160,,,,,,,0.0218,
node_1_solar_at_Lat_40.500_Lon_-106.875,fixed_generator,,node_1,Solar_time_series_by_year/Solar_time_series_2016_at_Lat_40.500_Lon_-106.875.csv,,,0.0148,,,,,,,0.1088,
node_1_wind_at_Lat_40.500_Lon_-106.875,fixed_generator,,node_1,Wind_time_series_by_year/Wind_time_series_2016_at_Lat_40.500_Lon_-106.875.csv,,,0.0160,,,,,,,0.0218,
node_1_solar_at_Lat_40.500_Lon_-106.250,fixed_generator,,node_1,Solar_time_series_by_year/Solar_time_series_2016_at_Lat_40.500_Lon_-106.250.csv,,,0.0148,,,,,,,0.1088,
node_1_wind_at_Lat_40.500_Lon_-106.250,fixed_generator,,node_1,Wind_time_series_by_year/Wind_time_series_2016_at_Lat_40.500_Lon_-106.250.csv,,,0.0160,,,,,,,0.0218,
node_1_solar_at_Lat_40.500_Lon_-105.625,fixed_generator,,node_1,Solar_time_series_by_year/Solar_time_series_2016_at_Lat_40.500_Lon_-105.625.csv,,,0.0148,,,,,,,0.1088,
node_1_wind_at_Lat_40.500_Lon_-105.625,fixed_generator,,node_1,Wind_time_series_by_year/Wind_time_series_2016_at_Lat_40.500_Lon_-105.625.csv,,,0.0160,,,,,,,0.0218,
node_1_solar_at_Lat_40.500_Lon_-105.000,fixed_generator,,node_1,Solar_time_series_by_year/Solar_time_series_2016_at_Lat_40.500_Lon_-105.000.csv,,,0.0148,,,,,,,0.1088,
node_1_wind_at_Lat_40.500_Lon_-105.000,fixed_generator,,node_1,Wind_time_series_by_year/Wind_time_series_2016_at_Lat_40.500_Lon_-105.000.csv,,,0.0160,,,,,,,0.0218,
node_1_solar_at_Lat_40.500_Lon_-104.375,fixed_generator,,node_1,Solar_time_series_by_year/Solar_time_series_2016_at_Lat_40.500_Lon_-104.375.csv,,,0.0148,,,,,,,0.1088,
node_1_wind_at_Lat_40.500_Lon_-104.375,fixed_generator,,node_1,Wind_time_series_by_year/Wind_time_series_2016_at_Lat_40.500_Lon_-104.375.csv,,,0.0160,,,,,,,0.0218,
node_1_solar_at_Lat_40.500_Lon_-103.750,fixed_generator,,node_1,Solar_time_series_by_year/Solar_time_series_2016_at_Lat_40.500_Lon_-103.750.csv,,,0.0148,,,,,,,0.1088,
node_1_wind_at_Lat_40.500_Lon_-103.750,fixed_generator,,node_1,Wind_time_series_by_year/Wind_time_series_2016_at_Lat_40.500_Lon_-103.750.csv,,,0.0160,,,,,,,0.0218,
node_1_solar_at_Lat_40.500_Lon_-103.125,fixed_generator,,node_1,Solar_time_series_by_year/Solar_time_series_2016_at_Lat_40.500_Lon_-103.125.csv,,,0.0148,,,,,,,0.1088,
node_1_wind_at_Lat_40.500_Lon_-103.125,fixed_generator,,node_1,Wind_time_series_by_year/Wind_time_series_2016_at_Lat_40.500_Lon_-103.125.csv,,,0.0160,,,,,,,0.0218,
node_1_solar_at_Lat_40.500_Lon_-102.500,fixed_generator,,node_1,Solar_time_series_by_year/Solar_time_series_2016_at_Lat_40.500_Lon_-102.500.csv,,,0.0148,,,,,,,0.1088,
node_1_wind_at_Lat_40.500_Lon_-102.500,fixed_generator,,node_1,Wind_time_series_by_year/Wind_time_series_2016_at_Lat_40.500_Lon_-102.500.csv,,,0.0160,,,,,,,0.0218,
node_1_solar_at_Lat_40.500_Lon_-101.875,fixed_generator,,node_1,Solar_time_series_by_year/Solar_time_series_2016_at_Lat_40.500_Lon_-101.875.csv,,,0.0148,,,,,,,0.1088,
node_1_wind_at_Lat_40.500_Lon_-101.875,fixed_generator,,node_1,Wind_time_series_by_year/Wind_time_series_2016_at_Lat_40.500_Lon_-101.875.csv,,,0.0160,,,,,,,0.0218,
node_1_solar_at_Lat_40.500_Lon_-101.250,fixed_generator,,node_1,Solar_time_series_by_year/Solar_time_series_2016_at_Lat_40.500_Lon_-101.250.csv,,,0.0148,,,,,,,0.1088,
node_1_wind_at_Lat_40.500_Lon_-101.250,fixed_generator,,node_1,Wind_time_series_by_year/Wind_time_series_2016_at_Lat_40.500_Lon_-101.250.csv,,,0.0160,,,,,,,0.0218,
node_1_solar_at_Lat_40.500_Lon_-100.625,fixed_generator,,node_1,Solar_time_series_by_year/Solar_time_series_2016_at_Lat_40.500_Lon_-100.625.csv,,,0.0148,,,,,,,0.1088,
node_1_wind_at_Lat_40.500_Lon_-100.625,fixed_generator,,node_1,Wind_time_series_by_year/Wind_time_series_2016_at_Lat_40.500_Lon_-100.625.csv,,,0.0160,,,,,,,0.0218,
node_1_solar_at_Lat_40.500_Lon_-100.000,fixed_generator,,node_1,Solar_time_series_by_year/Solar_time_series_2016_at_Lat_40.500_Lon_-100.000.csv,,,0.0148,,,,,,,0.1088,
node_1_wind_at_Lat_40.500_Lon_-100.000,fixed_generator,,node_1,Wind_time_series_by_year/Wind_time_series_2016_at_Lat_40.500_Lon_-100.000.csv,,,0.0160,,,,,,,0.0218,
node_1_solar_at_Lat_40.500_Lon_-99.375,fixed_generator,,node_1,Solar_time_series_by_year/Solar_time_series_2016_at_Lat_40.500_Lon_-99.375.csv,,,0.0148,,,,,,,0.1088,
node_1_wind_at_Lat_40.500_Lon_-99.375,fixed_generator,,node_1,Wind_time_series_by_year/Wind_time_series_2016_at_Lat_40.500_Lon_-99.375.csv,,,0.0160,,,,,,,0.0218,
node_1_solar_at_Lat_40.500_Lon_-98.750,fixed_generator,,node_1,Solar_time_series_by_year/Solar_time_series_2016_at_Lat_40.500_Lon_-98.750.csv,,,0.0148,,,,,,,0.1088,
node_1_wind_at_Lat_40.500_Lon_-98.750,fixed_generator,,node_1,Wind_time_series_by_year/Wind_time_series_2016_at_Lat_40.500_Lon_-98.750.csv,,,0.0160,,,,,,,0.0218,
node_1_solar_at_Lat_40.500_Lon_-98.125,fixed_generator,,node_1,Solar_time_series_by_year/Solar_time_series_2016_at_Lat_40.500_Lon_-98.125.csv,,,0.0148,,,,,,,0.1088,
node_1_wind_at_Lat_40.500_Lon_-98.125,fixed_generator,,node_1,Wind_time_series_by_year/Wind_time_series_2016_at_Lat_40.500_Lon_-98.125.csv,,,0.0160,,,,,,,0.0218,
node_1_solar_at_Lat_40.500_Lon_-97.500,fixed_generator,,node_1,Solar_time_series_by_year/Solar_time_series_2016_at_Lat_40.500_Lon_-97.500.csv,,,0.0148,,,,,,,0.1088,
node_1_wind_at_Lat_40.500_Lon_-97.500,fixed_generator,,node_1,Wind_time_series_by_year/Wind_time_series_2016_at_Lat_40.500_Lon_-97.500.csv,,,0.0160,,,,,,,0.0218,
node_1_solar_at_Lat_40.500_Lon_-96.875,fixed_generator,,node_1,Solar_time_series_by_year/Solar_time_series_2016_at_Lat_40.500_Lon_-96.875.csv,,,0.0148,,,,,,,0.1088,
node_1_wind_at_Lat_40.500_Lon_-96.875,fixed_generator,,node_1,Wind_time_series_by_year/Wind_time_series_2016_at_Lat_40.500_Lon_-96.875.csv,,,0.0160,,,,,,,0.0218,
node_1_solar_at_Lat_40.500_Lon_-96.250,fixed_generator,,node_1,Solar_time_series_by_year/Solar_time_series_2016_at_Lat_40.500_Lon_-96.250.csv,,,0.0148,,,,,,,0.1088,
node_1_wind_at_Lat_40.500_Lon_-96.250,fixed_generator,,node_1,Wind_time_series_by_year/Wind_time_series_2016_at_Lat_40.500_Lon_-96.250.csv,,,0.0160,,,,,,,0.0218,
node_1_solar_at_Lat_40.500_Lon_-95.625,fixed_generator,,node_1,Solar_time_series_by_year/Solar_time_series_2016_at_Lat_40.500_Lon_-95.625.csv,,,0.0148,,,,,,,0.1088,
node_1_wind_at_Lat_40.500_Lon_-95.625,fixed_generator,,node_1,Wind_time_series_by_year/Wind_time_series_2016_at_Lat_40.500_Lon_-95.625.csv,,,0.0160,,,,,,,0.0218,
node_1_solar_at_Lat_40.500_Lon_-95.000,fixed_generator,,node_1,Solar_time_series_by_year/Solar_time_series_2016_at_Lat_40.500_Lon_-95.000.csv,,,0.0148,,,,,,,0.1088,
node_1_wind_at_Lat_40.500_Lon_-95.000,fixed_generator,,node_1,Wind_time_series_by_year/Wind_time_series_2016_at_Lat_40.500_Lon_-95.000.csv,,,0.0160,,,,,,,0.0218,
node_1_solar_at_Lat_40.500_Lon_-94.375,fixed_generator,,node_1,Solar_time_series_by_year/Solar_time_series_2016_at_Lat_40.500_Lon_-94.375.csv,,,0.0148,,,,,,,0.1088,
node_1_wind_at_Lat_40.500_Lon_-94.375,fixed_generator,,node_1,Wind_time_series_by_year/Wind_time_series_2016_at_Lat_40.500_Lon_-94.375.csv,,,0.0160,,,,,,,0.0218,
node_1_solar_at_Lat_40.500_Lon_-93.750,fixed_generator,,node_1,Solar_time_series_by_year/Solar_time_series_2016_at_Lat_40.500_Lon_-93.750.csv,,,0.0148,,,,,,,0.1088,
node_1_wind_at_Lat_40.500_Lon_-93.750,fixed_generator,,node_1,Wind_time_series_by_year/Wind_time_series_2016_at_Lat_40.500_Lon_-93.750.csv,,,0.0160,,,,,,,0.0218,
node_1_solar_at_Lat_40.500_Lon_-93.125,fixed_generator,,node_1,Solar_time_series_by_year/Solar_time_series_2016_at_Lat_40.500_Lon_-93.125.csv,,,0.0148,,,,,,,0.1088,
node_1_wind_at_Lat_40.500_Lon_-93.125,fixed_generator,,node_1,Wind_time_series_by_year/Wind_time_series_2016_at_Lat_40.500_Lon_-93.125.csv,,,0.0160,,,,,,,0.0218,
node_1_solar_at_Lat_40.500_Lon_-92.500,fixed_generator,,node_1,Solar_time_series_by_year/Solar_time_series_2016_at_Lat_40.500_Lon_-92.500.csv,,,0.0148,,,,,,,0.1088,
node_1_wind_at_Lat_40.500_Lon_-92.500,fixed_generator,,node_1,Wind_time_series_by_year/Wind_time_series_2016_at_Lat_40.500_Lon_-92.500.csv,,,0.0160,,,,,,,0.0218,
node_1_solar_at_Lat_40.500_Lon_-91.875,fixed_generator,,node_1,Solar_time_series_by_year/Solar_time_series_2016_at_Lat_40.500_Lon_-91.875.csv,,,0.0148,,,,,,,0.1088,
node_1_wind_at_Lat_40.500_Lon_-91.875,fixed_generator,,node_1,Wind_time_series_by_year/Wind_time_series_2016_at_Lat_40.500_Lon_-91.875.csv,,,0.0160,,,,,,,0.0218,
node_1_solar_at_Lat_40.500_Lon_-91.250,fixed_generator,,node_1,Solar_time_series_by_year/Solar_time_series_2016_at_Lat_40.500_Lon_-91.250.csv,,,0.0148,,,,,,,0.1088,
node_1_wind_at_Lat_40.500_Lon_-91.250,fixed_generator,,node_1,Wind_time_series_by_year/Wind_time_series_2016_at_Lat_40.500_Lon_-91.250.csv,,,0.0160,,,,,,,0.0218,
node_1_solar_at_Lat_40.500_Lon_-90.625,fixed_generator,,node_1,Solar_time_series_by_year/Solar_time_series_2016_at_Lat_40.500_Lon_-90.625.csv,,,0.0148,,,,,,,0.1088,
node_1_wind_at_Lat_40.500_Lon_-90.625,fixed_generator,,node_1,Wind_time_series_by_year/Wind_time_series_2016_at_Lat_40.500_Lon_-90.625.csv,,,0.0160,,,,,,,0.0218,
node_1_solar_at_Lat_40.500_Lon_-90.000,fixed_generator,,node_1,Solar_time_series_by_year/Solar_time_series_2016_at_Lat_40.500_Lon_-90.000.csv,,,0.0148,,,,,,,0.1088,
node_1_wind_at_Lat_40.500_Lon_-90.000,fixed_generator,,node_1,Wind_time_series_by_year/Wind_time_series_2016_at_Lat_40.500_Lon_-90.000.csv,,,0.0160,,,,,,,0.0218,
node_1_solar_at_Lat_40.500_Lon_-89.375,fixed_generator,,node_1,Solar_time_series_by_year/Solar_time_series_2016_at_Lat_40.500_Lon_-89.375.csv,,,0.0148,,,,,,,0.1088,
node_1_wind_at_Lat_40.500_Lon_-89.375,fixed_generator,,node_1,Wind_time_series_by_year/Wind_time_series_2016_at_Lat_40.500_Lon_-89.375.csv,,,0.0160,,,,,,,0.0218,
node_1_solar_at_Lat_40.500_Lon_-88.750,fixed_generator,,node_1,Solar_time_series_by_year/Solar_time_series_2016_at_Lat_40.500_Lon_-88.750.csv,,,0.0148,,,,,,,0.1088,
node_1_wind_at_Lat_40.500_Lon_-88.750,fixed_generator,,node_1,Wind_time_series_by_year/Wind_time_series_2016_at_Lat_40.500_Lon_-88.750.csv,,,0.0160,,,,,,,0.0218,
node_1_solar_at_Lat_40.500_Lon_-88.125,fixed_generator,,node_1,Solar_time_series_by_year/Solar_time_series_2016_at_Lat_40.500_Lon_-88.125.csv,,,0.0148,,,,,,,0.1088,
node_1_wind_at_Lat_40.500_Lon_-88.125,fixed_generator,,node_1,Wind_time_series_by_year/Wind_time_series_2016_at_Lat_40.500_Lon_-88.125.csv,,,0.0160,,,,,,,0.0218,
node_1_solar_at_Lat_40.500_Lon_-87.500,fixed_generator,,node_1,Solar_time_series_by_year/Solar_time_series_2016_at_Lat_40.500_Lon_-87.500.csv,,,0.0148,,,,,,,0.1088,
node_1_wind_at_Lat_40.500_Lon_-87.500,fixed_generator,,node_1,Wind_time_series_by_year/Wind_time_series_2016_at_Lat_40.500_Lon_-87.500.csv,,,0.0160,,,,,,,0.0218,
node_1_solar_at_Lat_40.500_Lon_-86.875,fixed_generator,,node_1,Solar_time_series_by_year/Solar_time_series_2016_at_Lat_40.500_Lon_-86.875.csv,,,0.0148,,,,,,,0.1088,
node_1_wind_at_Lat_40.500_Lon_-86.875,fixed_generator,,node_1,Wind_time_series_by_year/Wind_time_series_2016_at_Lat_40.500_Lon_-86.875.csv,,,0.0160,,,,,,,0.0218,
node_1_solar_at_Lat_40.500_Lon_-86.250,fixed_generator,,node_1,Solar_time_series_by_year/Solar_time_series_2016_at_Lat_40.500_Lon_-86.250.csv,,,0.0148,,,,,,,0.1088,
node_1_wind_at_Lat_40.500_Lon_-86.250,fixed_generator,,node_1,Wind_time_series_by_year/Wind_time_series_2016_at_Lat_40.500_Lon_-86.250.csv,,,0.0160,,,,,,,0.0218,
node_1_solar_at_Lat_40.500_Lon_-85.625,fixed_generator,,node_1,Solar_time_series_by_year/Solar_time_series_2016_at_Lat_40.500_Lon_-85.625.csv,,,0.0148,,,,,,,0.1088,
node_1_wind_at_Lat_40.500_Lon_-85.625,fixed_generator,,node_1,Wind_time_series_by_year/Wind_time_series_2016_at_Lat_40.500_Lon_-85.625.csv,,,0.0160,,,,,,,0.0218,
node_1_solar_at_Lat_40.500_Lon_-85.000,fixed_generator,,node_1,Solar_time_series_by_year/Solar_time_series_2016_at_Lat_40.500_Lon_-85.000.csv,,,0.0148,,,,,,,0.1088,
node_1_wind_at_Lat_40.500_Lon_-85.000,fixed_generator,,node_1,Wind_time_series_by_year/Wind_time_series_2016_at_Lat_40.500_Lon_-85.000.csv,,,0.0160,,,,,,,0.0218,
node_1_solar_at_Lat_40.500_Lon_-84.375,fixed_generator,,node_1,Solar_time_series_by_year/Solar_time_series_2016_at_Lat_40.500_Lon_-84.375.csv,,,0.0148,,,,,,,0.1088,
node_1_wind_at_Lat_40.500_Lon_-84.375,fixed_generator,,node_1,Wind_time_series_by_year/Wind_time_series_2016_at_Lat_40.500_Lon_-84.375.csv,,,0.0160,,,,,,,0.0218,
node_1_solar_at_Lat_40.500_Lon_-83.750,fixed_generator,,node_1,Solar_time_series_by_year/Solar_time_series_2016_at_Lat_40.500_Lon_-83.750.csv,,,0.0148,,,,,,,0.1088,
node_1_wind_at_Lat_40.500_Lon_-83.750,fixed_generator,,node_1,Wind_time_series_by_year/Wind_time_series_2016_at_Lat_40.500_Lon_-83.750.csv,,,0.0160,,,,,,,0.0218,
node_1_solar_at_Lat_40.500_Lon_-83.125,fixed_generator,,node_1,Solar_time_series_by_year/Solar_time_series_2016_at_Lat_40.500_Lon_-83.125.csv,,,0.0148,,,,,,,0.1088,
node_1_wind_at_Lat_40.500_Lon_-83.125,fixed_generator,,node_1,Wind_time_series_by_year/Wind_time_series_2016_at_Lat_40.500_Lon_-83.125.csv,,,0.0160,,,,,,,0.0218,
node_1_solar_at_Lat_40.500_Lon_-82.500,fixed_generator,,node_1,Solar_time_series_by_year/Solar_time_series_2016_at_Lat_40.500_Lon_-82.500.csv,,,0.0148,,,,,,,0.1088,
node_1_wind_at_Lat_40.500_Lon_-82.500,fixed_generator,,node_1,Wind_time_series_by_year/Wind_time_series_2016_at_Lat_40.500_Lon_-82.500.csv,,,0.0160,,,,,,,0.0218,
node_1_solar_at_Lat_40.500_Lon_-81.875,fixed_generator,,node_1,Solar_time_series_by_year/Solar_time_series_2016_at_Lat_40.500_Lon_-81.875.csv,,,0.0148,,,,,,,0.1088,
node_1_wind_at_Lat_40.500_Lon_-81.875,fixed_generator,,node_1,Wind_time_series_by_year/Wind_time_series_2016_at_Lat_40.500_Lon_-81.875.csv,,,0.0160,,,,,,,0.0218,
node_1_solar_at_Lat_40.500_Lon_-81.250,fixed_generator,,node_1,Solar_time_series_by_year/Solar_time_series_2016_at_Lat_40.500_Lon_-81.250.csv,,,0.0148,,,,,,,0.1088,
node_1_wind_at_Lat_40.500_Lon_-81.250,fixed_generator,,node_1,Wind_time_series_by_year/Wind_time_series_2016_at_Lat_40.500_Lon_-81.250.csv,,,0.0160,,,,,,,0.0218,
node_1_solar_at_Lat_40.500_Lon_-80.625,fixed_generator,,node_1,Solar_time_series_by_year/Solar_time_series_2016_at_Lat_40.500_Lon_-80.625.csv,,,0.0148,,,,,,,0.1088,
node_1_wind_at_Lat_40.500_Lon_-80.625,fixed_generator,,node_1,Wind_time_series_by_year/Wind_time_series_2016_at_Lat_40.500_Lon_-80.625.csv,,,0.0160,,,,,,,0.0218,
node_1_solar_at_Lat_40.500_Lon_-80.000,fixed_generator,,node_1,Solar_time_series_by_year/Solar_time_series_2016_at_Lat_40.500_Lon_-80.000.csv,,,0.0148,,,,,,,0.1088,
node_1_wind_at_Lat_40.500_Lon_-80.000,fixed_generator,,node_1,Wind_time_series_by_year/Wind_time_series_2016_at_Lat_40.500_Lon_-80.000.csv,,,0.0160,,,,,,,0.0218,
node_1_solar_at_Lat_40.500_Lon_-79.375,fixed_generator,,node_1,Solar_time_series_by_year/Solar_time_series_2016_at_Lat_40.500_Lon_-79.375.csv,,,0.0148,,,,,,,0.1088,
node_1_wind_at_Lat_40.500_Lon_-79.375,fixed_generator,,node_1,Wind_time_series_by_year/Wind_time_series_2016_at_Lat_40.500_Lon_-79.375.csv,,,0.0160,,,,,,,0.0218,
node_1_solar_at_Lat_40.500_Lon_-78.750,fixed_generator,,node_1,Solar_time_series_by_year/Solar_time_series_2016_at_Lat_40.500_Lon_-78.750.csv,,,0.0148,,,,,,,0.1088,
node_1_wind_at_Lat_40.500_Lon_-78.750,fixed_generator,,node_1,Wind_time_series_by_year/Wind_time_series_2016_at_Lat_40.500_Lon_-78.750.csv,,,0.0160,,,,,,,0.0218,
node_1_solar_at_Lat_40.500_Lon_-78.125,fixed_generator,,node_1,Solar_time_series_by_year/Solar_time_series_2016_at_Lat_40.500_Lon_-78.125.csv,,,0.0148,,,,,,,0.1088,
node_1_wind_at_Lat_40.500_Lon_-78.125,fixed_generator,,node_1,Wind_time_series_by_year/Wind_time_series_2016_at_Lat_40.500_Lon_-78.125.csv,,,0.0160,,,,,,,0.0218,
node_1_solar_at_Lat_40.500_Lon_-77.500,fixed_generator,,node_1,Solar_time_series_by_year/Solar_time_series_2016_at_Lat_40.500_Lon_-77.500.csv,,,0.0148,,,,,,,0.1088,
node_1_wind_at_Lat_40.500_Lon_-77.500,fixed_generator,,node_1,Wind_time_series_by_year/Wind_time_series_2016_at_Lat_40.500_Lon_-77.500.csv,,,0.0160,,,,,,,0.0218,
node_1_solar_at_Lat_40.500_Lon_-76.875,fixed_generator,,node_1,Solar_time_series_by_year/Solar_time_series_2016_at_Lat_40.500_Lon_-76.875.csv,,,0.0148,,,,,,,0.1088,
node_1_wind_at_Lat_40.500_Lon_-76.875,fixed_generator,,node_1,Wind_time_series_by_year/Wind_time_series_2016_at_Lat_40.500_Lon_-76.875.csv,,,0.0160,,,,,,,0.0218,
node_1_solar_at_Lat_40.500_Lon_-76.250,fixed_generator,,node_1,Solar_time_series_by_year/Solar_time_series_2016_at_Lat_40.500_Lon_-76.250.csv,,,0.0148,,,,,,,0.1088,
node_1_wind_at_Lat_40.500_Lon_-76.250,fixed_generator,,node_1,Wind_time_series_by_year/Wind_time_series_2016_at_Lat_40.500_Lon_-76.250.csv,,,0.0160,,,,,,,0.0218,
node_1_solar_at_Lat_40.500_Lon_-75.625,fixed_generator,,node_1,Solar_time_series_by_year/Solar_time_series_2016_at_Lat_40.500_Lon_-75.625.csv,,,0.0148,,,,,,,0.1088,
node_1_wind_at_Lat_40.500_Lon_-75.625,fixed_generator,,node_1,Wind_time_series_by_year/Wind_time_series_2016_at_Lat_40.500_Lon_-75.625.csv,,,0.0160,,,,,,,0.0218,
node_1_solar_at_Lat_40.500_Lon_-75.000,fixed_generator,,node_1,Solar_time_series_by_year/Solar_time_series_2016_at_Lat_40.500_Lon_-75.000.csv,,,0.0148,,,,,,,0.1088,
node_1_wind_at_Lat_40.500_Lon_-75.000,fixed_generator,,node_1,Wind_time_series_by_year/Wind_time_series_2016_at_Lat_40.500_Lon_-75.000.csv,,,0.0160,,,,,,,0.0218,
node_1_solar_at_Lat_40.500_Lon_-74.375,fixed_generator,,node_1,Solar_time_series_by_year/Solar_time_series_2016_at_Lat_40.500_Lon_-74.375.csv,,,0.0148,,,,,,,0.1088,
node_1_wind_at_Lat_40.500_Lon_-74.375,fixed_generator,,node_1,Wind_time_series_by_year/Wind_time_series_2016_at_Lat_40.500_Lon_-74.375.csv,,,0.0160,,,,,,,0.0218,
node_1_solar_at_Lat_41.000_Lon_-123.750,fixed_generator,,node_1,Solar_time_series_by_year/Solar_time_series_2016_at_Lat_41.000_Lon_-123.750.csv,,,0.0148,,,,,,,0.1080,
node_1_wind_at_Lat_41.000_Lon_-123.750,fixed_generator,,node_1,Wind_time_series_by_year/Wind_time_series_2016_at_Lat_41.000_Lon_-123.750.csv,,,0.0160,,,,,,,0.0216,
node_1_solar_at_Lat_41.000_Lon_-123.125,fixed_generator,,node_1,Solar_time_series_by_year/Solar_time_series_2016_at_Lat_41.000_Lon_-123.125.csv,,,0.0148,,,,,,,0.1080,
node_1_wind_at_Lat_41.000_Lon_-123.125,fixed_generator,,node_1,Wind_time_series_by_year/Wind_time_series_2016_at_Lat_41.000_Lon_-123.125.csv,,,0.0160,,,,,,,0.0216,
node_1_solar_at_Lat_41.000_Lon_-122.500,fixed_generator,,node_1,Solar_time_series_by_year/Solar_time_series_2016_at_Lat_41.000_Lon_-122.500.csv,,,0.0148,,,,,,,0.1080,
node_1_wind_at_Lat_41.000_Lon_-122.500,fixed_generator,,node_1,Wind_time_series_by_year/Wind_time_series_2016_at_Lat_41.000_Lon_-122.500.csv,,,0.0160,,,,,,,0.0216,
node_1_solar_at_Lat_41.000_Lon_-121.875,fixed_generator,,node_1,Solar_time_series_by_year/Solar_time_series_2016_at_Lat_41.000_Lon_-121.875.csv,,,0.0148,,,,,,,0.1080,
node_1_wind_at_Lat_41.000_Lon_-121.875,fixed_generator,,node_1,Wind_time_series_by_year/Wind_time_series_2016_at_Lat_41.000_Lon_-121.875.csv,,,0.0160,,,,,,,0.0216,
node_1_solar_at_Lat_41.000_Lon_-121.250,fixed_generator,,node_1,Solar_time_series_by_year/Solar_time_series_2016_at_Lat_41.000_Lon_-121.250.csv,,,0.0148,,,,,,,0.1080,
node_1_wind_at_Lat_41.000_Lon_-121.250,fixed_generator,,node_1,Wind_time_series_by_year/Wind_time_series_2016_at_Lat_41.000_Lon_-121.250.csv,,,0.0160,,,,,,,0.0216,
node_1_solar_at_Lat_41.000_Lon_-120.625,fixed_generator,,node_1,Solar_time_series_by_year/Solar_time_series_2016_at_Lat_41.000_Lon_-120.625.csv,,,0.0148,,,,,,,0.1080,
node_1_wind_at_Lat_41.000_Lon_-120.625,fixed_generator,,node_1,Wind_time_series_by_year/Wind_time_series_2016_at_Lat_41.000_Lon_-120.625.csv,,,0.0160,,,,,,,0.0216,
node_1_solar_at_Lat_41.000_Lon_-120.000,fixed_generator,,node_1,Solar_time_series_by_year/Solar_time_series_2016_at_Lat_41.000_Lon_-120.000.csv,,,0.0148,,,,,,,0.1080,
node_1_wind_at_Lat_41.000_Lon_-120.000,fixed_generator,,node_1,Wind_time_series_by_year/Wind_time_series_2016_at_Lat_41.000_Lon_-120.000.csv,,,0.0160,,,,,,,0.0216,
node_1_solar_at_Lat_41.000_Lon_-119.375,fixed_generator,,node_1,Solar_time_series_by_year/Solar_time_series_2016_at_Lat_41.000_Lon_-119.375.csv,,,0.0148,,,,,,,0.1080,
node_1_wind_at_Lat_41.000_Lon_-119.375,fixed_generator,,node_1,Wind_time_series_by_year/Wind_time_series_2016_at_Lat_41.000_Lon_-119.375.csv,,,0.0160,,,,,,,0.0216,
node_1_solar_at_Lat_41.000_Lon_-118.750,fixed_generator,,node_1,Solar_time_series_by_year/Solar_time_series_2016_at_Lat_41.000_Lon_-118.750.csv,,,0.0148,,,,,,,0.1080,
node_1_wind_at_Lat_41.000_Lon_-118.750,fixed_generator,,node_1,Wind_time_series_by_year/Wind_time_series_2016_at_Lat_41.000_Lon_-118.750.csv,,,0.0160,,,,,,,0.0216,
node_1_solar_at_Lat_41.000_Lon_-118.125,fixed_generator,,node_1,Solar_time_series_by_year/Solar_time_series_2016_at_Lat_41.000_Lon_-118.125.csv,,,0.0148,,,,,,,0.1080,
node_1_wind_at_Lat_41.000_Lon_-118.125,fixed_generator,,node_1,Wind_time_series_by_year/Wind_time_series_2016_at_Lat_41.000_Lon_-118.125.csv,,,0.0160,,,,,,,0.0216,
node_1_solar_at_Lat_41.000_Lon_-117.500,fixed_generator,,node_1,Solar_time_series_by_year/Solar_time_series_2016_at_Lat_41.000_Lon_-117.500.csv,,,0.0148,,,,,,,0.1080,
node_1_wind_at_Lat_41.000_Lon_-117.500,fixed_generator,,node_1,Wind_time_series_by_year/Wind_time_series_2016_at_Lat_41.000_Lon_-117.500.csv,,,0.0160,,,,,,,0.0216,
node_1_solar_at_Lat_41.000_Lon_-116.875,fixed_generator,,node_1,Solar_time_series_by_year/Solar_time_series_2016_at_Lat_41.000_Lon_-116.875.csv,,,0.0148,,,,,,,0.1080,
node_1_wind_at_Lat_41.000_Lon_-116.875,fixed_generator,,node_1,Wind_time_series_by_year/Wind_time_series_2016_at_Lat_41.000_Lon_-116.875.csv,,,0.0160,,,,,,,0.0216,
node_1_solar_at_Lat_41.000_Lon_-116.250,fixed_generator,,node_1,Solar_time_series_by_year/Solar_time_series_2016_at_Lat_41.000_Lon_-116.250.csv,,,0.0148,,,,,,,0.1080,
node_1_wind_at_Lat_41.000_Lon_-116.250,fixed_generator,,node_1,Wind_time_series_by_year/Wind_time_series_2016_at_Lat_41.000_Lon_-116.250.csv,,,0.0160,,,,,,,0.0216,
node_1_solar_at_Lat_41.000_Lon_-115.625,fixed_generator,,node_1,Solar_time_series_by_year/Solar_time_series_2016_at_Lat_41.000_Lon_-115.625.csv,,,0.0148,,,,,,,0.1080,
node_1_wind_at_Lat_41.000_Lon_-115.625,fixed_generator,,node_1,Wind_time_series_by_year/Wind_time_series_2016_at_Lat_41.000_Lon_-115.625.csv,,,0.0160,,,,,,,0.0216,
node_1_solar_at_Lat_41.000_Lon_-115.000,fixed_generator,,node_1,Solar_time_series_by_year/Solar_time_series_2016_at_Lat_41.000_Lon_-115.000.csv,,,0.0148,,,,,,,0.1080,
node_1_wind_at_Lat_41.000_Lon_-115.000,fixed_generator,,node_1,Wind_time_series_by_year/Wind_time_series_2016_at_Lat_41.000_Lon_-115.000.csv,,,0.0160,,,,,,,0.0216,
node_1_solar_at_Lat_41.000_Lon_-114.375,fixed_generator,,node_1,Solar_time_series_by_year/Solar_time_series_2016_at_Lat_41.000_Lon_-114.375.csv,,,0.0148,,,,,,,0.1080,
node_1_wind_at_Lat_41.000_Lon_-114.375,fixed_generator,,node_1,Wind_time_series_by_year/Wind_time_series_2016_at_Lat_41.000_Lon_-114.375.csv,,,0.0160,,,,,,,0.0216,
node_1_solar_at_Lat_41.000_Lon_-113.750,fixed_generator,,node_1,Solar_time_series_by_year/Solar_time_series_2016_at_Lat_41.000_Lon_-113.750.csv,,,0.0148,,,,,,,0.1080,
node_1_wind_at_Lat_41.000_Lon_-113.750,fixed_generator,,node_1,Wind_time_series_by_year/Wind_time_series_2016_at_Lat_41.000_Lon_-113.750.csv,,,0.0160,,,,,,,0.0216,
node_1_solar_at_Lat_41.000_Lon_-113.125,fixed_generator,,node_1,Solar_time_series_by_year/Solar_time_series_2016_at_Lat_41.000_Lon_-113.125.csv,,,0.0148,,,,,,,0.1080,
node_1_wind_at_Lat_41.000_Lon_-113.125,fixed_generator,,node_1,Wind_time_series_by_year/Wind_time_series_2016_at_Lat_41.000_Lon_-113.125.csv,,,0.0160,,,,,,,0.0216,
node_1_solar_at_Lat_41.000_Lon_-111.875,fixed_generator,,node_1,Solar_time_series_by_year/Solar_time_series_2016_at_Lat_41.000_Lon_-111.875.csv,,,0.0148,,,,,,,0.1080,
node_1_wind_at_Lat_41.000_Lon_-111.875,fixed_generator,,node_1,Wind_time_series_by_year/Wind_time_series_2016_at_Lat_41.000_Lon_-111.875.csv,,,0.0160,,,,,,,0.0216,
node_1_solar_at_Lat_41.000_Lon_-111.250,fixed_generator,,node_1,Solar_time_series_by_year/Solar_time_series_2016_at_Lat_41.000_Lon_-111.250.csv,,,0.0148,,,,,,,0.1080,
node_1_wind_at_Lat_41.000_Lon_-111.250,fixed_generator,,node_1,Wind_time_series_by_year/Wind_time_series_2016_at_Lat_41.000_Lon_-111.250.csv,,,0.0160,,,,,,,0.0216,
node_1_solar_at_Lat_41.000_Lon_-110.625,fixed_generator,,node_1,Solar_time_series_by_year/Solar_time_series_2016_at_Lat_41.000_Lon_-110.625.csv,,,0.0148,,,,,,,0.1080,
node_1_wind_at_Lat_41.000_Lon_-110.625,fixed_generator,,node_1,Wind_time_series_by_year/Wind_time_series_2016_at_Lat_41.000_Lon_-110.625.csv,,,0.0160,,,,,,,0.0216,
node_1_solar_at_Lat_41.000_Lon_-110.000,fixed_generator,,node_1,Solar_time_series_by_year/Solar_time_series_2016_at_Lat_41.000_Lon_-110.000.csv,,,0.0148,,,,,,,0.1080,
node_1_wind_at_Lat_41.000_Lon_-110.000,fixed_generator,,node_1,Wind_time_series_by_year/Wind_time_series_2016_at_Lat_41.000_Lon_-110.000.csv,,,0.0160,,,,,,,0.0216,
node_1_solar_at_Lat_41.000_Lon_-109.375,fixed_generator,,node_1,Solar_time_series_by_year/Solar_time_series_2016_at_Lat_41.000_Lon_-109.375.csv,,,0.0148,,,,,,,0.1080,
node_1_wind_at_Lat_41.000_Lon_-109.375,fixed_generator,,node_1,Wind_time_series_by_year/Wind_time_series_2016_at_Lat_41.000_Lon_-109.375.csv,,,0.0160,,,,,,,0.0216,
node_1_solar_at_Lat_41.000_Lon_-108.750,fixed_generator,,node_1,Solar_time_series_by_year/Solar_time_series_2016_at_Lat_41.000_Lon_-108.750.csv,,,0.0148,,,,,,,0.1080,
node_1_wind_at_Lat_41.000_Lon_-108.750,fixed_generator,,node_1,Wind_time_series_by_year/Wind_time_series_2016_at_Lat_41.000_Lon_-108.750.csv,,,0.0160,,,,,,,0.0216,
node_1_solar_at_Lat_41.000_Lon_-108.125,fixed_generator,,node_1,Solar_time_series_by_year/Solar_time_series_2016_at_Lat_41.000_Lon_-108.125.csv,,,0.0148,,,,,,,0.1080,
node_1_wind_at_Lat_41.000_Lon_-108.125,fixed_generator,,node_1,Wind_time_series_by_year/Wind_time_series_2016_at_Lat_41.000_Lon_-108.125.csv,,,0.0160,,,,,,,0.0216,
node_1_solar_at_Lat_41.000_Lon_-107.500,fixed_generator,,node_1,Solar_time_series_by_year/Solar_time_series_2016_at_Lat_41.000_Lon_-107.500.csv,,,0.0148,,,,,,,0.1080,
node_1_wind_at_Lat_41.000_Lon_-107.500,fixed_generator,,node_1,Wind_time_series_by_year/Wind_time_series_2016_at_Lat_41.000_Lon_-107.500.csv,,,0.0160,,,,,,,0.0216,
node_1_solar_at_Lat_41.000_Lon_-106.875,fixed_generator,,node_1,Solar_time_series_by_year/Solar_time_series_2016_at_Lat_41.000_Lon_-106.875.csv,,,0.0148,,,,,,,0.1080,
node_1_wind_at_Lat_41.000_Lon_-106.875,fixed_generator,,node_1,Wind_time_series_by_year/Wind_time_series_2016_at_Lat_41.000_Lon_-106.875.csv,,,0.0160,,,,,,,0.0216,
node_1_solar_at_Lat_41.000_Lon_-106.250,fixed_generator,,node_1,Solar_time_series_by_year/Solar_time_series_2016_at_Lat_41.000_Lon_-106.250.csv,,,0.0148,,,,,,,0.1080,
node_1_wind_at_Lat_41.000_Lon_-106.250,fixed_generator,,node_1,Wind_time_series_by_year/Wind_time_series_2016_at_Lat_41.000_Lon_-106.250.csv,,,0.0160,,,,,,,0.0216,
node_1_solar_at_Lat_41.000_Lon_-105.625,fixed_generator,,node_1,Solar_time_series_by_year/Solar_time_series_2016_at_Lat_41.000_Lon_-105.625.csv,,,0.0148,,,,,,,0.1080,
node_1_wind_at_Lat_41.000_Lon_-105.625,fixed_generator,,node_1,Wind_time_series_by_year/Wind_time_series_2016_at_Lat_41.000_Lon_-105.625.csv,,,0.0160,,,,,,,0.0216,
node_1_solar_at_Lat_41.000_Lon_-105.000,fixed_generator,,node_1,Solar_time_series_by_year/Solar_time_series_2016_at_Lat_41.000_Lon_-105.000.csv,,,0.0148,,,,,,,0.1080,
node_1_wind_at_Lat_41.000_Lon_-105.000,fixed_generator,,node_1,Wind_time_series_by_year/Wind_time_series_2016_at_Lat_41.000_Lon_-105.000.csv,,,0.0160,,,,,,,0.0216,
node_1_solar_at_Lat_41.000_Lon_-104.375,fixed_generator,,node_1,Solar_time_series_by_year/Solar_time_series_2016_at_Lat_41.000_Lon_-104.375.csv,,,0.0148,,,,,,,0.1080,
node_1_wind_at_Lat_41.000_Lon_-104.375,fixed_generator,,node_1,Wind_time_series_by_year/Wind_time_series_2016_at_Lat_41.000_Lon_-104.375.csv,,,0.0160,,,,,,,0.0216,
node_1_solar_at_Lat_41.000_Lon_-103.750,fixed_generator,,node_1,Solar_time_series_by_year/Solar_time_series_2016_at_Lat_41.000_Lon_-103.750.csv,,,0.0148,,,,,,,0.1080,
node_1_wind_at_Lat_41.000_Lon_-103.750,fixed_generator,,node_1,Wind_time_series_by_year/Wind_time_series_2016_at_Lat_41.000_Lon_-103.750.csv,,,0.0160,,,,,,,0.0216,
node_1_solar_at_Lat_41.000_Lon_-103.125,fixed_generator,,node_1,Solar_time_series_by_year/Solar_time_series_2016_at_Lat_41.000_Lon_-103.125.csv,,,0.0148,,,,,,,0.1080,
node_1_wind_at_Lat_41.000_Lon_-103.125,fixed_generator,,node_1,Wind_time_series_by_year/Wind_time_series_2016_at_Lat_41.000_Lon_-103.125.csv,,,0.0160,,,,,,,0.0216,
node_1_solar_at_Lat_41.000_Lon_-102.500,fixed_generator,,node_1,Solar_time_series_by_year/Solar_time_series_2016_at_Lat_41.000_Lon_-102.500.csv,,,0.0148,,,,,,,0.1080,
node_1_wind_at_Lat_41.000_Lon_-102.500,fixed_generator,,node_1,Wind_time_series_by_year/Wind_time_series_2016_at_Lat_41.000_Lon_-102.500.csv,,,0.0160,,,,,,,0.0216,
node_1_solar_at_Lat_41.000_Lon_-101.875,fixed_generator,,node_1,Solar_time_series_by_year/Solar_time_series_2016_at_Lat_41.000_Lon_-101.875.csv,,,0.0148,,,,,,,0.1080,
node_1_wind_at_Lat_41.000_Lon_-101.875,fixed_generator,,node_1,Wind_time_series_by_year/Wind_time_series_2016_at_Lat_41.000_Lon_-101.875.csv,,,0.0160,,,,,,,0.0216,
node_1_solar_at_Lat_41.000_Lon_-101.250,fixed_generator,,node_1,Solar_time_series_by_year/Solar_time_series_2016_at_Lat_41.000_Lon_-101.250.csv,,,0.0148,,,,,,,0.1080,
node_1_wind_at_Lat_41.000_Lon_-101.250,fixed_generator,,node_1,Wind_time_series_by_year/Wind_time_series_2016_at_Lat_41.000_Lon_-101.250.csv,,,0.0160,,,,,,,0.0216,
node_1_solar_at_Lat_41.000_Lon_-100.625,fixed_generator,,node_1,Solar_time_series_by_year/Solar_time_series_2016_at_Lat_41.000_Lon_-100.625.csv,,,0.0148,,,,,,,0.1080,
node_1_wind_at_Lat_41.000_Lon_-100.625,fixed_generator,,node_1,Wind_time_series_by_year/Wind_time_series_2016_at_Lat_41.000_Lon_-100.625.csv,,,0.0160,,,,,,,0.0216,
node_1_solar_at_Lat_41.000_Lon_-100.000,fixed_generator,,node_1,Solar_time_series_by_year/Solar_time_series_2016_at_Lat_41.000_Lon_-100.000.csv,,,0.0148,,,,,,,0.1080,
node_1_wind_at_Lat_41.000_Lon_-100.000,fixed_generator,,node_1,Wind_time_series_by_year/Wind_time_series_2016_at_Lat_41.000_Lon_-100.000.csv,,,0.0160,,,,,,,0.0216,
node_1_solar_at_Lat_41.000_Lon_-99.375,fixed_generator,,node_1,Solar_time_series_by_year/Solar_time_series_2016_at_Lat_41.000_Lon_-99.375.csv,,,0.0148,,,,,,,0.1080,
node_1_wind_at_Lat_41.000_Lon_-99.375,fixed_generator,,node_1,Wind_time_series_by_year/Wind_time_series_2016_at_Lat_41.000_Lon_-99.375.csv,,,0.0160,,,,,,,0.0216,
node_1_solar_at_Lat_41.000_Lon_-98.750,fixed_generator,,node_1,Solar_time_series_by_year/Solar_time_series_2016_at_Lat_41.000_Lon_-98.750.csv,,,0.0148,,,,,,,0.1080,
node_1_wind_at_Lat_41.000_Lon_-98.750,fixed_generator,,node_1,Wind_time_series_by_year/Wind_time_series_2016_at_Lat_41.000_Lon_-98.750.csv,,,0.0160,,,,,,,0.0216,
node_1_solar_at_Lat_41.000_Lon_-98.125,fixed_generator,,node_1,Solar_time_series_by_year/Solar_time_series_2016_at_Lat_41.000_Lon_-98.125.csv,,,0.0148,,,,,,,0.1080,
node_1_wind_at_Lat_41.000_Lon_-98.125,fixed_generator,,node_1,Wind_time_series_by_year/Wind_time_series_2016_at_Lat_41.000_Lon_-98.125.csv,,,0.0160,,,,,,,0.0216,
node_1_solar_at_Lat_41.000_Lon_-97.500,fixed_generator,,node_1,Solar_time_series_by_year/Solar_time_series_2016_at_Lat_41.000_Lon_-97.500.csv,,,0.0148,,,,,,,0.1080,
node_1_wind_at_Lat_41.000_Lon_-97.500,fixed_generator,,node_1,Wind_time_series_by_year/Wind_time_series_2016_at_Lat_41.000_Lon_-97.500.csv,,,0.0160,,,,,,,0.0216,
node_1_solar_at_Lat_41.000_Lon_-96.875,fixed_generator,,node_1,Solar_time_series_by_year/Solar_time_series_2016_at_Lat_41.000_Lon_-96.875.csv,,,0.0148,,,,,,,0.1080,
node_1_wind_at_Lat_41.000_Lon_-96.875,fixed_generator,,node_1,Wind_time_series_by_year/Wind_time_series_2016_at_Lat_41.000_Lon_-96.875.csv,,,0.0160,,,,,,,0.0216,
node_1_solar_at_Lat_41.000_Lon_-96.250,fixed_generator,,node_1,Solar_time_series_by_year/Solar_time_series_2016_at_Lat_41.000_Lon_-96.250.csv,,,0.0148,,,,,,,0.1080,
node_1_wind_at_Lat_41.000_Lon_-96.250,fixed_generator,,node_1,Wind_time_series_by_year/Wind_time_series_2016_at_Lat_41.000_Lon_-96.250.csv,,,0.0160,,,,,,,0.0216,
node_1_solar_at_Lat_41.000_Lon_-95.625,fixed_generator,,node_1,Solar_time_series_by_year/Solar_time_series_2016_at_Lat_41.000_Lon_-95.625.csv,,,0.0148,,,,,,,0.1080,
node_1_wind_at_Lat_41.000_Lon_-95.625,fixed_generator,,node_1,Wind_time_series_by_year/Wind_time_series_2016_at_Lat_41.000_Lon_-95.625.csv,,,0.0160,,,,,,,0.0216,
node_1_solar_at_Lat_41.000_Lon_-95.000,fixed_generator,,node_1,Solar_time_series_by_year/Solar_time_series_2016_at_Lat_41.000_Lon_-95.000.csv,,,0.0148,,,,,,,0.1080,
node_1_wind_at_Lat_41.000_Lon_-95.000,fixed_generator,,node_1,Wind_time_series_by_year/Wind_time_series_2016_at_Lat_41.000_Lon_-95.000.csv,,,0.0160,,,,,,,0.0216,
node_1_solar_at_Lat_41.000_Lon_-94.375,fixed_generator,,node_1,Solar_time_series_by_year/Solar_time_series_2016_at_Lat_41.000_Lon_-94.375.csv,,,0.0148,,,,,,,0.1080,
node_1_wind_at_Lat_41.000_Lon_-94.375,fixed_generator,,node_1,Wind_time_series_by_year/Wind_time_series_2016_at_Lat_41.000_Lon_-94.375.csv,,,0.0160,,,,,,,0.0216,
node_1_solar_at_Lat_41.000_Lon_-93.750,fixed_generator,,node_1,Solar_time_series_by_year/Solar_time_series_2016_at_Lat_41.000_Lon_-93.750.csv,,,0.0148,,,,,,,0.1080,
node_1_wind_at_Lat_41.000_Lon_-93.750,fixed_generator,,node_1,Wind_time_series_by_year/Wind_time_series_2016_at_Lat_41.000_Lon_-93.750.csv,,,0.0160,,,,,,,0.0216,
node_1_solar_at_Lat_41.000_Lon_-93.125,fixed_generator,,node_1,Solar_time_series_by_year/Solar_time_series_2016_at_Lat_41.000_Lon_-93.125.csv,,,0.0148,,,,,,,0.1080,
node_1_wind_at_Lat_41.000_Lon_-93.125,fixed_generator,,node_1,Wind_time_series_by_year/Wind_time_series_2016_at_Lat_41.000_Lon_-93.125.csv,,,0.0160,,,,,,,0.0216,
node_1_solar_at_Lat_41.000_Lon_-92.500,fixed_generator,,node_1,Solar_time_series_by_year/Solar_time_series_2016_at_Lat_41.000_Lon_-92.500.csv,,,0.0148,,,,,,,0.1080,
node_1_wind_at_Lat_41.000_Lon_-92.500,fixed_generator,,node_1,Wind_time_series_by_year/Wind_time_series_2016_at_Lat_41.000_Lon_-92.500.csv,,,0.0160,,,,,,,0.0216,
node_1_solar_at_Lat_41.000_Lon_-91.875,fixed_generator,,node_1,Solar_time_series_by_year/Solar_time_series_2016_at_Lat_41.000_Lon_-91.875.csv,,,0.0148,,,,,,,0.1080,
node_1_wind_at_Lat_41.000_Lon_-91.875,fixed_generator,,node_1,Wind_time_series_by_year/Wind_time_series_2016_at_Lat_41.000_Lon_-91.875.csv,,,0.0160,,,,,,,0.0216,
node_1_solar_at_Lat_41.000_Lon_-91.250,fixed_generator,,node_1,Solar_time_series_by_year/Solar_time_series_2016_at_Lat_41.000_Lon_-91.250.csv,,,0.0148,,,,,,,0.1080,
node_1_wind_at_Lat_41.000_Lon_-91.250,fixed_generator,,node_1,Wind_time_series_by_year/Wind_time_series_2016_at_Lat_41.000_Lon_-91.250.csv,,,0.0160,,,,,,,0.0216,
node_1_solar_at_Lat_41.000_Lon_-90.625,fixed_generator,,node_1,Solar_time_series_by_year/Solar_time_series_2016_at_Lat_41.000_Lon_-90.625.csv,,,0.0148,,,,,,,0.1080,
node_1_wind_at_Lat_41.000_Lon_-90.625,fixed_generator,,node_1,Wind_time_series_by_year/Wind_time_series_2016_at_Lat_41.000_Lon_-90.625.csv,,,0.0160,,,,,,,0.0216,
node_1_solar_at_Lat_41.000_Lon_-90.000,fixed_generator,,node_1,Solar_time_series_by_year/Solar_time_series_2016_at_Lat_41.000_Lon_-90.000.csv,,,0.0148,,,,,,,0.1080,
node_1_wind_at_Lat_41.000_Lon_-90.000,fixed_generator,,node_1,Wind_time_series_by_year/Wind_time_series_2016_at_Lat_41.000_Lon_-90.000.csv,,,0.0160,,,,,,,0.0216,
node_1_solar_at_Lat_41.000_Lon_-89.375,fixed_generator,,node_1,Solar_time_series_by_year/Solar_time_series_2016_at_Lat_41.000_Lon_-89.375.csv,,,0.0148,,,,,,,0.1080,
node_1_wind_at_Lat_41.000_Lon_-89.375,fixed_generator,,node_1,Wind_time_series_by_year/Wind_time_series_2016_at_Lat_41.000_Lon_-89.375.csv,,,0.0160,,,,,,,0.0216,
node_1_solar_at_Lat_41.000_Lon_-88.750,fixed_generator,,node_1,Solar_time_series_by_year/Solar_time_series_2016_at_Lat_41.000_Lon_-88.750.csv,,,0.0148,,,,,,,0.1080,
node_1_wind_at_Lat_41.000_Lon_-88.750,fixed_generator,,node_1,Wind_time_series_by_year/Wind_time_series_2016_at_Lat_41.000_Lon_-88.750.csv,,,0.0160,,,,,,,0.0216,
node_1_solar_at_Lat_41.000_Lon_-88.125,fixed_generator,,node_1,Solar_time_series_by_year/Solar_time_series_2016_at_Lat_41.000_Lon_-88.125.csv,,,0.0148,,,,,,,0.1080,
node_1_wind_at_Lat_41.000_Lon_-88.125,fixed_generator,,node_1,Wind_time_series_by_year/Wind_time_series_2016_at_Lat_41.000_Lon_-88.125.csv,,,0.0160,,,,,,,0.0216,
node_1_solar_at_Lat_41.000_Lon_-87.500,fixed_generator,,node_1,Solar_time_series_by_year/Solar_time_series_2016_at_Lat_41.000_Lon_-87.500.csv,,,0.0148,,,,,,,0.1080,
node_1_wind_at_Lat_41.000_Lon_-87.500,fixed_generator,,node_1,Wind_time_series_by_year/Wind_time_series_2016_at_Lat_41.000_Lon_-87.500.csv,,,0.0160,,,,,,,0.0216,
node_1_solar_at_Lat_41.000_Lon_-86.875,fixed_generator,,node_1,Solar_time_series_by_year/Solar_time_series_2016_at_Lat_41.000_Lon_-86.875.csv,,,0.0148,,,,,,,0.1080,
node_1_wind_at_Lat_41.000_Lon_-86.875,fixed_generator,,node_1,Wind_time_series_by_year/Wind_time_series_2016_at_Lat_41.000_Lon_-86.875.csv,,,0.0160,,,,,,,0.0216,
node_1_solar_at_Lat_41.000_Lon_-86.250,fixed_generator,,node_1,Solar_time_series_by_year/Solar_time_series_2016_at_Lat_41.000_Lon_-86.250.csv,,,0.0148,,,,,,,0.1080,
node_1_wind_at_Lat_41.000_Lon_-86.250,fixed_generator,,node_1,Wind_time_series_by_year/Wind_time_series_2016_at_Lat_41.000_Lon_-86.250.csv,,,0.0160,,,,,,,0.0216,
node_1_solar_at_Lat_41.000_Lon_-85.625,fixed_generator,,node_1,Solar_time_series_by_year/Solar_time_series_2016_at_Lat_41.000_Lon_-85.625.csv,,,0.0148,,,,,,,0.1080,
node_1_wind_at_Lat_41.000_Lon_-85.625,fixed_generator,,node_1,Wind_time_series_by_year/Wind_time_series_2016_at_Lat_41.000_Lon_-85.625.csv,,,0.0160,,,,,,,0.0216,
node_1_solar_at_Lat_41.000_Lon_-85.000,fixed_generator,,node_1,Solar_time_series_by_year/Solar_time_series_2016_at_Lat_41.000_Lon_-85.000.csv,,,0.0148,,,,,,,0.1080,
node_1_wind_at_Lat_41.000_Lon_-85.000,fixed_generator,,node_1,Wind_time_series_by_year/Wind_time_series_2016_at_Lat_41.000_Lon_-85.000.csv,,,0.0160,,,,,,,0.0216,
node_1_solar_at_Lat_41.000_Lon_-84.375,fixed_generator,,node_1,Solar_time_series_by_year/Solar_time_series_2016_at_Lat_41.000_Lon_-84.375.csv,,,0.0148,,,,,,,0.1080,
node_1_wind_at_Lat_41.000_Lon_-84.375,fixed_generator,,node_1,Wind_time_series_by_year/Wind_time_series_2016_at_Lat_41.000_Lon_-84.375.csv,,,0.0160,,,,,,,0.0216,
node_1_solar_at_Lat_41.000_Lon_-83.750,fixed_generator,,node_1,Solar_time_series_by_year/Solar_time_series_2016_at_Lat_41.000_Lon_-83.750.csv,,,0.0148,,,,,,,0.1080,
node_1_wind_at_Lat_41.000_Lon_-83.750,fixed_generator,,node_1,Wind_time_series_by_year/Wind_time_series_2016_at_Lat_41.000_Lon_-83.750.csv,,,0.0160,,,,,,,0.0216,
node_1_solar_at_Lat_41.000_Lon_-83.125,fixed_generator,,node_1,Solar_time_series_by_year/Solar_time_series_2016_at_Lat_41.000_Lon_-83.125.csv,,,0.0148,,,,,,,0.1080,
node_1_wind_at_Lat_41.000_Lon_-83.125,fixed_generator,,node_1,Wind_time_series_by_year/Wind_time_series_2016_at_Lat_41.000_Lon_-83.125.csv,,,0.0160,,,,,,,0.0216,
node_1_solar_at_Lat_41.000_Lon_-82.500,fixed_generator,,node_1,Solar_time_series_by_year/Solar_time_series_2016_at_Lat_41.000_Lon_-82.500.csv,,,0.0148,,,,,,,0.1080,
node_1_wind_at_Lat_41.000_Lon_-82.500,fixed_generator,,node_1,Wind_time_series_by_year/Wind_time_series_2016_at_Lat_41.000_Lon_-82.500.csv,,,0.0160,,,,,,,0.0216,
node_1_solar_at_Lat_41.000_Lon_-81.875,fixed_generator,,node_1,Solar_time_series_by_year/Solar_time_series_2016_at_Lat_41.000_Lon_-81.875.csv,,,0.0148,,,,,,,0.1080,
node_1_wind_at_Lat_41.000_Lon_-81.875,fixed_generator,,node_1,Wind_time_series_by_year/Wind_time_series_2016_at_Lat_41.000_Lon_-81.875.csv,,,0.0160,,,,,,,0.0216,
node_1_solar_at_Lat_41.000_Lon_-81.250,fixed_generator,,node_1,Solar_time_series_by_year/Solar_time_series_2016_at_Lat_41.000_Lon_-81.250.csv,,,0.0148,,,,,,,0.1080,
node_1_wind_at_Lat_41.000_Lon_-81.250,fixed_generator,,node_1,Wind_time_series_by_year/Wind_time_series_2016_at_Lat_41.000_Lon_-81.250.csv,,,0.0160,,,,,,,0.0216,
node_1_solar_at_Lat_41.000_Lon_-80.625,fixed_generator,,node_1,Solar_time_series_by_year/Solar_time_series_2016_at_Lat_41.000_Lon_-80.625.csv,,,0.0148,,,,,,,0.1080,
node_1_wind_at_Lat_41.000_Lon_-80.625,fixed_generator,,node_1,Wind_time_series_by_year/Wind_time_series_2016_at_Lat_41.000_Lon_-80.625.csv,,,0.0160,,,,,,,0.0216,
node_1_solar_at_Lat_41.000_Lon_-80.000,fixed_generator,,node_1,Solar_time_series_by_year/Solar_time_series_2016_at_Lat_41.000_Lon_-80.000.csv,,,0.0148,,,,,,,0.1080,
node_1_wind_at_Lat_41.000_Lon_-80.000,fixed_generator,,node_1,Wind_time_series_by_year/Wind_time_series_2016_at_Lat_41.000_Lon_-80.000.csv,,,0.0160,,,,,,,0.0216,
node_1_solar_at_Lat_41.000_Lon_-79.375,fixed_generator,,node_1,Solar_time_series_by_year/Solar_time_series_2016_at_Lat_41.000_Lon_-79.375.csv,,,0.0148,,,,,,,0.1080,
node_1_wind_at_Lat_41.000_Lon_-79.375,fixed_generator,,node_1,Wind_time_series_by_year/Wind_time_series_2016_at_Lat_41.000_Lon_-79.375.csv,,,0.0160,,,,,,,0.0216,
node_1_solar_at_Lat_41.000_Lon_-78.750,fixed_generator,,node_1,Solar_time_series_by_year/Solar_time_series_2016_at_Lat_41.000_Lon_-78.750.csv,,,0.0148,,,,,,,0.1080,
node_1_wind_at_Lat_41.000_Lon_-78.750,fixed_generator,,node_1,Wind_time_series_by_year/Wind_time_series_2016_at_Lat_41.000_Lon_-78.750.csv,,,0.0160,,,,,,,0.0216,
node_1_solar_at_Lat_41.000_Lon_-78.125,fixed_generator,,node_1,Solar_time_series_by_year/Solar_time_series_2016_at_Lat_41.000_Lon_-78.125.csv,,,0.0148,,,,,,,0.1080,
node_1_wind_at_Lat_41.000_Lon_-78.125,fixed_generator,,node_1,Wind_time_series_by_year/Wind_time_series_2016_at_Lat_41.000_Lon_-78.125.csv,,,0.0160,,,,,,,0.0216,
node_1_solar_at_Lat_41.000_Lon_-77.500,fixed_generator,,node_1,Solar_time_series_by_year/Solar_time_series_2016_at_Lat_41.000_Lon_-77.500.csv,,,0.0148,,,,,,,0.1080,
node_1_wind_at_Lat_41.000_Lon_-77.500,fixed_generator,,node_1,Wind_time_series_by_year/Wind_time_series_2016_at_Lat_41.000_Lon_-77.500.csv,,,0.0160,,,,,,,0.0216,
node_1_solar_at_Lat_41.000_Lon_-76.875,fixed_generator,,node_1,Solar_time_series_by_year/Solar_time_series_2016_at_Lat_41.000_Lon_-76.875.csv,,,0.0148,,,,,,,0.1080,
node_1_wind_at_Lat_41.000_Lon_-76.875,fixed_generator,,node_1,Wind_time_series_by_year/Wind_time_series_2016_at_Lat_41.000_Lon_-76.875.csv,,,0.0160,,,,,,,0.0216,
node_1_solar_at_Lat_41.000_Lon_-76.250,fixed_generator,,node_1,Solar_time_series_by_year/Solar_time_series_2016_at_Lat_41.000_Lon_-76.250.csv,,,0.0148,,,,,,,0.1080,
node_1_wind_at_Lat_41.000_Lon_-76.250,fixed_generator,,node_1,Wind_time_series_by_year/Wind_time_series_2016_at_Lat_41.000_Lon_-76.250.csv,,,0.0160,,,,,,,0.0216,
node_1_solar_at_Lat_41.000_Lon_-75.625,fixed_generator,,node_1,Solar_time_series_by_year/Solar_time_series_2016_at_Lat_41.000_Lon_-75.625.csv,,,0.0148,,,,,,,0.1080,
node_1_wind_at_Lat_41.000_Lon_-75.625,fixed_generator,,node_1,Wind_time_series_by_year/Wind_time_series_2016_at_Lat_41.000_Lon_-75.625.csv,,,0.0160,,,,,,,0.0216,
node_1_solar_at_Lat_41.000_Lon_-75.000,fixed_generator,,node_1,Solar_time_series_by_year/Solar_time_series_2016_at_Lat_41.000_Lon_-75.000.csv,,,0.0148,,,,,,,0.1080,
node_1_wind_at_Lat_41.000_Lon_-75.000,fixed_generator,,node_1,Wind_time_series_by_year/Wind_time_series_2016_at_Lat_41.000_Lon_-75.000.csv,,,0.0160,,,,,,,0.0216,
node_1_solar_at_Lat_41.000_Lon_-74.375,fixed_generator,,node_1,Solar_time_series_by_year/Solar_time_series_2016_at_Lat_41.000_Lon_-74.375.csv,,,0.0148,,,,,,,0.1080,
node_1_wind_at_Lat_41.000_Lon_-74.375,fixed_generator,,node_1,Wind_time_series_by_year/Wind_time_series_2016_at_Lat_41.000_Lon_-74.375.csv,,,0.0160,,,,,,,0.0216,
node_1_solar_at_Lat_41.000_Lon_-73.750,fixed_generator,,node_1,Solar_time_series_by_year/Solar_time_series_2016_at_Lat_41.000_Lon_-73.750.csv,,,0.0148,,,,,,,0.1080,
node_1_wind_at_Lat_41.000_Lon_-73.750,fixed_generator,,node_1,Wind_time_series_by_year/Wind_time_series_2016_at_Lat_41.000_Lon_-73.750.csv,,,0.0160,,,,,,,0.0216,
node_1_solar_at_Lat_41.500_Lon_-123.750,fixed_generator,,node_1,Solar_time_series_by_year/Solar_time_series_2016_at_Lat_41.500_Lon_-123.750.csv,,,0.0148,,,,,,,0.1072,
node_1_wind_at_Lat_41.500_Lon_-123.750,fixed_generator,,node_1,Wind_time_series_by_year/Wind_time_series_2016_at_Lat_41.500_Lon_-123.750.csv,,,0.0160,,,,,,,0.0214,
node_1_solar_at_Lat_41.500_Lon_-123.125,fixed_generator,,node_1,Solar_time_series_by_year/Solar_time_series_2016_at_Lat_41.500_Lon_-123.125.csv,,,0.0148,,,,,,,0.1072,
node_1_wind_at_Lat_41.500_Lon_-123.125,fixed_generator,,node_1,Wind_time_series_by_year/Wind_time_series_2016_at_Lat_41.500_Lon_-123.125.csv,,,0.0160,,,,,,,0.0214,
node_1_solar_at_Lat_41.500_Lon_-122.500,fixed_generator,,node_1,Solar_time_series_by_year/Solar_time_series_2016_at_Lat_41.500_Lon_-122.500.csv,,,0.0148,,,,,,,0.1072,
node_1_wind_at_Lat_41.500_Lon_-122.500,fixed_generator,,node_1,Wind_time_series_by_year/Wind_time_series_2016_at_Lat_41.500_Lon_-122.500.csv,,,0.0160,,,,,,,0.0214,
node_1_solar_at_Lat_41.500_Lon_-121.875,fixed_generator,,node_1,Solar_time_series_by_year/Solar_time_series_2016_at_Lat_41.500_Lon_-121.875.csv,,,0.0148,,,,,,,0.1072,
node_1_wind_at_Lat_41.500_Lon_-121.875,fixed_generator,,node_1,Wind_time_series_by_year/Wind_time_series_2016_at_Lat_41.500_Lon_-121.875.csv,,,0.0160,,,,,,,0.0214,
node_1_solar_at_Lat_41.500_Lon_-121.250,fixed_generator,,node_1,Solar_time_series_by_year/Solar_time_series_2016_at_Lat_41.500_Lon_-121.250.csv,,,0.0148,,,,,,,0.1072,
node_1_wind_at_Lat_41.500_Lon_-121.250,fixed_generator,,node_1,Wind_time_series_by_year/Wind_time_series_2016_at_Lat_41.500_Lon_-121.250.csv,,,0.0160,,,,,,,0.0214,
node_1_solar_at_Lat_41.500_Lon_-120.625,fixed_generator,,node_1,Solar_time_series_by_year/Solar_time_series_2016_at_Lat_41.500_Lon_-120.625.csv,,,0.0148,,,,,,,0.1072,
node_1_wind_at_Lat_41.500_Lon_-120.625,fixed_generator,,node_1,Wind_time_series_by_year/Wind_time_series_2016_at_Lat_41.500_Lon_-120.625.csv,,,0.0160,,,,,,,0.0214,
node_1_solar_at_Lat_41.500_Lon_-120.000,fixed_generator,,node_1,Solar_time_series_by_year/Solar_time_series_2016_at_Lat_41.500_Lon_-120.000.csv,,,0.0148,,,,,,,0.1072,
node_1_wind_at_Lat_41.500_Lon_-120.000,fixed_generator,,node_1,Wind_time_series_by_year/Wind_time_series_2016_at_Lat_41.500_Lon_-120.000.csv,,,0.0160,,,,,,,0.0214,
node_1_solar_at_Lat_41.500_Lon_-119.375,fixed_generator,,node_1,Solar_time_series_by_year/Solar_time_series_2016_at_Lat_41.500_Lon_-119.375.csv,,,0.0148,,,,,,,0.1072,
node_1_wind_at_Lat_41.500_Lon_-119.375,fixed_generator,,node_1,Wind_time_series_by_year/Wind_time_series_2016_at_Lat_41.500_Lon_-119.375.csv,,,0.0160,,,,,,,0.0214,
node_1_solar_at_Lat_41.500_Lon_-118.750,fixed_generator,,node_1,Solar_time_series_by_year/Solar_time_series_2016_at_Lat_41.500_Lon_-118.750.csv,,,0.0148,,,,,,,0.1072,
node_1_wind_at_Lat_41.500_Lon_-118.750,fixed_generator,,node_1,Wind_time_series_by_year/Wind_time_series_2016_at_Lat_41.500_Lon_-118.750.csv,,,0.0160,,,,,,,0.0214,
node_1_solar_at_Lat_41.500_Lon_-118.125,fixed_generator,,node_1,Solar_time_series_by_year/Solar_time_series_2016_at_Lat_41.500_Lon_-118.125.csv,,,0.0148,,,,,,,0.1072,
node_1_wind_at_Lat_41.500_Lon_-118.125,fixed_generator,,node_1,Wind_time_series_by_year/Wind_time_series_2016_at_Lat_41.500_Lon_-118.125.csv,,,0.0160,,,,,,,0.0214,
node_1_solar_at_Lat_41.500_Lon_-117.500,fixed_generator,,node_1,Solar_time_series_by_year/Solar_time_series_2016_at_Lat_41.500_Lon_-117.500.csv,,,0.0148,,,,,,,0.1072,
node_1_wind_at_Lat_41.500_Lon_-117.500,fixed_generator,,node_1,Wind_time_series_by_year/Wind_time_series_2016_at_Lat_41.500_Lon_-117.500.csv,,,0.0160,,,,,,,0.0214,
node_1_solar_at_Lat_41.500_Lon_-116.875,fixed_generator,,node_1,Solar_time_series_by_year/Solar_time_series_2016_at_Lat_41.500_Lon_-116.875.csv,,,0.0148,,,,,,,0.1072,
node_1_wind_at_Lat_41.500_Lon_-116.875,fixed_generator,,node_1,Wind_time_series_by_year/Wind_time_series_2016_at_Lat_41.500_Lon_-116.875.csv,,,0.0160,,,,,,,0.0214,
node_1_solar_at_Lat_41.500_Lon_-116.250,fixed_generator,,node_1,Solar_time_series_by_year/Solar_time_series_2016_at_Lat_41.500_Lon_-116.250.csv,,,0.0148,,,,,,,0.1072,
node_1_wind_at_Lat_41.500_Lon_-116.250,fixed_generator,,node_1,Wind_time_series_by_year/Wind_time_series_2016_at_Lat_41.500_Lon_-116.250.csv,,,0.0160,,,,,,,0.0214,
node_1_solar_at_Lat_41.500_Lon_-115.625,fixed_generator,,node_1,Solar_time_series_by_year/Solar_time_series_2016_at_Lat_41.500_Lon_-115.625.csv,,,0.0148,,,,,,,0.1072,
node_1_wind_at_Lat_41.500_Lon_-115.625,fixed_generator,,node_1,Wind_time_series_by_year/Wind_time_series_2016_at_Lat_41.500_Lon_-115.625.csv,,,0.0160,,,,,,,0.0214,
node_1_solar_at_Lat_41.500_Lon_-115.000,fixed_generator,,node_1,Solar_time_series_by_year/Solar_time_series_2016_at_Lat_41.500_Lon_-115.000.csv,,,0.0148,,,,,,,0.1072,
node_1_wind_at_Lat_41.500_Lon_-115.000,fixed_generator,,node_1,Wind_time_series_by_year/Wind_time_series_2016_at_Lat_41.500_Lon_-115.000.csv,,,0.0160,,,,,,,0.0214,
node_1_solar_at_Lat_41.500_Lon_-114.375,fixed_generator,,node_1,Solar_time_series_by_year/Solar_time_series_2016_at_Lat_41.500_Lon_-114.375.csv,,,0.0148,,,,,,,0.1072,
node_1_wind_at_Lat_41.500_Lon_-114.375,fixed_generator,,node_1,Wind_time_series_by_year/Wind_time_series_2016_at_Lat_41.500_Lon_-114.375.csv,,,0.0160,,,,,,,0.0214,
node_1_solar_at_Lat_41.500_Lon_-113.750,fixed_generator,,node_1,Solar_time_series_by_year/Solar_time_series_2016_at_Lat_41.500_Lon_-113.750.csv,,,0.0148,,,,,,,0.1072,
node_1_wind_at_Lat_41.500_Lon_-113.750,fixed_generator,,node_1,Wind_time_series_by_year/Wind_time_series_2016_at_Lat_41.500_Lon_-113.750.csv,,,0.0160,,,,,,,0.0214,
node_1_solar_at_Lat_41.500_Lon_-113.125,fixed_generator,,node_1,Solar_time_series_by_year/Solar_time_series_2016_at_Lat_41.500_Lon_-113.125.csv,,,0.0148,,,,,,,0.1072,
node_1_wind_at_Lat_41.500_Lon_-113.125,fixed_generator,,node_1,Wind_time_series_by_year/Wind_time_series_2016_at_Lat_41.500_Lon_-113.125.csv,,,0.0160,,,,,,,0.0214,
node_1_solar_at_Lat_41.500_Lon_-112.500,fixed_generator,,node_1,Solar_time_series_by_year/Solar_time_series_2016_at_Lat_41.500_Lon_-112.500.csv,,,0.0148,,,,,,,0.1072,
node_1_wind_at_Lat_41.500_Lon_-112.500,fixed_generator,,node_1,Wind_time_series_by_year/Wind_time_series_2016_at_Lat_41.500_Lon_-112.500.csv,,,0.0160,,,,,,,0.0214,
node_1_solar_at_Lat_41.500_Lon_-111.875,fixed_generator,,node_1,Solar_time_series_by_year/Solar_time_series_2016_at_Lat_41.500_Lon_-111.875.csv,,,0.0148,,,,,,,0.1072,
node_1_wind_at_Lat_41.500_Lon_-111.875,fixed_generator,,node_1,Wind_time_series_by_year/Wind_time_series_2016_at_Lat_41.500_Lon_-111.875.csv,,,0.0160,,,,,,,0.0214,
node_1_solar_at_Lat_41.500_Lon_-111.250,fixed_generator,,node_1,Solar_time_series_by_year/Solar_time_series_2016_at_Lat_41.500_Lon_-111.250.csv,,,0.0148,,,,,,,0.1072,
node_1_wind_at_Lat_41.500_Lon_-111.250,fixed_generator,,node_1,Wind_time_series_by_year/Wind_time_series_2016_at_Lat_41.500_Lon_-111.250.csv,,,0.0160,,,,,,,0.0214,
node_1_solar_at_Lat_41.500_Lon_-110.625,fixed_generator,,node_1,Solar_time_series_by_year/Solar_time_series_2016_at_Lat_41.500_Lon_-110.625.csv,,,0.0148,,,,,,,0.1072,
node_1_wind_at_Lat_41.500_Lon_-110.625,fixed_generator,,node_1,Wind_time_series_by_year/Wind_time_series_2016_at_Lat_41.500_Lon_-110.625.csv,,,0.0160,,,,,,,0.0214,
node_1_solar_at_Lat_41.500_Lon_-110.000,fixed_generator,,node_1,Solar_time_series_by_year/Solar_time_series_2016_at_Lat_41.500_Lon_-110.000.csv,,,0.0148,,,,,,,0.1072,
node_1_wind_at_Lat_41.500_Lon_-110.000,fixed_generator,,node_1,Wind_time_series_by_year/Wind_time_series_2016_at_Lat_41.500_Lon_-110.000.csv,,,0.0160,,,,,,,0.0214,
node_1_solar_at_Lat_41.500_Lon_-109.375,fixed_generator,,node_1,Solar_time_series_by_year/Solar_time_series_2016_at_Lat_41.500_Lon_-109.375.csv,,,0.0148,,,,,,,0.1072,
node_1_wind_at_Lat_41.500_Lon_-109.375,fixed_generator,,node_1,Wind_time_series_by_year/Wind_time_series_2016_at_Lat_41.500_Lon_-109.375.csv,,,0.0160,,,,,,,0.0214,
node_1_solar_at_Lat_41.500_Lon_-108.750,fixed_generator,,node_1,Solar_time_series_by_year/Solar_time_series_2016_at_Lat_41.500_Lon_-108.750.csv,,,0.0148,,,,,,,0.1072,
node_1_wind_at_Lat_41.500_Lon_-108.750,fixed_generator,,node_1,Wind_time_series_by_year/Wind_time_series_2016_at_Lat_41.500_Lon_-108.750.csv,,,0.0160,,,,,,,0.0214,
node_1_solar_at_Lat_41.500_Lon_-108.125,fixed_generator,,node_1,Solar_time_series_by_year/Solar_time_series_2016_at_Lat_41.500_Lon_-108.125.csv,,,0.0148,,,,,,,0.1072,
node_1_wind_at_Lat_41.500_Lon_-108.125,fixed_generator,,node_1,Wind_time_series_by_year/Wind_time_series_2016_at_Lat_41.500_Lon_-108.125.csv,,,0.0160,,,,,,,0.0214,
node_1_solar_at_Lat_41.500_Lon_-107.500,fixed_generator,,node_1,Solar_time_series_by_year/Solar_time_series_2016_at_Lat_41.500_Lon_-107.500.csv,,,0.0148,,,,,,,0.1072,
node_1_wind_at_Lat_41.500_Lon_-107.500,fixed_generator,,node_1,Wind_time_series_by_year/Wind_time_series_2016_at_Lat_41.500_Lon_-107.500.csv,,,0.0160,,,,,,,0.0214,
node_1_solar_at_Lat_41.500_Lon_-106.875,fixed_generator,,node_1,Solar_time_series_by_year/Solar_time_series_2016_at_Lat_41.500_Lon_-106.875.csv,,,0.0148,,,,,,,0.1072,
node_1_wind_at_Lat_41.500_Lon_-106.875,fixed_generator,,node_1,Wind_time_series_by_year/Wind_time_series_2016_at_Lat_41.500_Lon_-106.875.csv,,,0.0160,,,,,,,0.0214,
node_1_solar_at_Lat_41.500_Lon_-106.250,fixed_generator,,node_1,Solar_time_series_by_year/Solar_time_series_2016_at_Lat_41.500_Lon_-106.250.csv,,,0.0148,,,,,,,0.1072,
node_1_wind_at_Lat_41.500_Lon_-106.250,fixed_generator,,node_1,Wind_time_series_by_year/Wind_time_series_2016_at_Lat_41.500_Lon_-106.250.csv,,,0.0160,,,,,,,0.0214,
node_1_solar_at_Lat_41.500_Lon_-105.625,fixed_generator,,node_1,Solar_time_series_by_year/Solar_time_series_2016_at_Lat_41.500_Lon_-105.625.csv,,,0.0148,,,,,,,0.1072,
node_1_wind_at_Lat_41.500_Lon_-105.625,fixed_generator,,node_1,Wind_time_series_by_year/Wind_time_series_2016_at_Lat_41.500_Lon_-105.625.csv,,,0.0160,,,,,,,0.0214,
node_1_solar_at_Lat_41.500_Lon_-105.000,fixed_generator,,node_1,Solar_time_series_by_year/Solar_time_series_2016_at_Lat_41.500_Lon_-105.000.csv,,,0.0148,,,,,,,0.1072,
node_1_wind_at_Lat_41.500_Lon_-105.000,fixed_generator,,node_1,Wind_time_series_by_year/Wind_time_series_2016_at_Lat_41.500_Lon_-105.000.csv,,,0.0160,,,,,,,0.0214,
node_1_solar_at_Lat_41.500_Lon_-104.375,fixed_generator,,node_1,Solar_time_series_by_year/Solar_time_series_2016_at_Lat_41.500_Lon_-104.375.csv,,,0.0148,,,,,,,0.1072,
node_1_wind_at_Lat_41.500_Lon_-104.375,fixed_generator,,node_1,Wind_time_series_by_year/Wind_time_series_2016_at_Lat_41.500_Lon_-104.375.csv,,,0.0160,,,,,,,0.0214,
node_1_solar_at_Lat_41.500_Lon_-103.750,fixed_generator,,node_1,Solar_time_series_by_year/Solar_time_series_2016_at_Lat_41.500_Lon_-103.750.csv,,,0.0148,,,,,,,0.1072,
node_1_wind_at_Lat_41.500_Lon_-103.750,fixed_generator,,node_1,Wind_time_series_by_year/Wind_time_series_2016_at_Lat_41.500_Lon_-103.750.csv,,,0.0160,,,,,,,0.0214,
node_1_solar_at_Lat_41.500_Lon_-103.125,fixed_generator,,node_1,Solar_time_series_by_year/Solar_time_series_2016_at_Lat_41.500_Lon_-103.125.csv,,,0.0148,,,,,,,0.1072,
node_1_wind_at_Lat_41.500_Lon_-103.125,fixed_generator,,node_1,Wind_time_series_by_year/Wind_time_series_2016_at_Lat_41.500_Lon_-103.125.csv,,,0.0160,,,,,,,0.0214,
node_1_solar_at_Lat_41.500_Lon_-102.500,fixed_generator,,node_1,Solar_time_series_by_year/Solar_time_series_2016_at_Lat_41.500_Lon_-102.500.csv,,,0.0148,,,,,,,0.1072,
node_1_wind_at_Lat_41.500_Lon_-102.500,fixed_generator,,node_1,Wind_time_series_by_year/Wind_time_series_2016_at_Lat_41.500_Lon_-102.500.csv,,,0.0160,,,,,,,0.0214,
node_1_solar_at_Lat_41.500_Lon_-101.875,fixed_generator,,node_1,Solar_time_series_by_year/Solar_time_series_2016_at_Lat_41.500_Lon_-101.875.csv,,,0.0148,,,,,,,0.1072,
node_1_wind_at_Lat_41.500_Lon_-101.875,fixed_generator,,node_1,Wind_time_series_by_year/Wind_time_series_2016_at_Lat_41.500_Lon_-101.875.csv,,,0.0160,,,,,,,0.0214,
node_1_solar_at_Lat_41.500_Lon_-101.250,fixed_generator,,node_1,Solar_time_series_by_year/Solar_time_series_2016_at_Lat_41.500_Lon_-101.250.csv,,,0.0148,,,,,,,0.1072,
node_1_wind_at_Lat_41.500_Lon_-101.250,fixed_generator,,node_1,Wind_time_series_by_year/Wind_time_series_2016_at_Lat_41.500_Lon_-101.250.csv,,,0.0160,,,,,,,0.0214,
node_1_solar_at_Lat_41.500_Lon_-100.625,fixed_generator,,node_1,Solar_time_series_by_year/Solar_time_series_2016_at_Lat_41.500_Lon_-100.625.csv,,,0.0148,,,,,,,0.1072,
node_1_wind_at_Lat_41.500_Lon_-100.625,fixed_generator,,node_1,Wind_time_series_by_year/Wind_time_series_2016_at_Lat_41.500_Lon_-100.625.csv,,,0.0160,,,,,,,0.0214,
node_1_solar_at_Lat_41.500_Lon_-100.000,fixed_generator,,node_1,Solar_time_series_by_year/Solar_time_series_2016_at_Lat_41.500_Lon_-100.000.csv,,,0.0148,,,,,,,0.1072,
node_1_wind_at_Lat_41.500_Lon_-100.000,fixed_generator,,node_1,Wind_time_series_by_year/Wind_time_series_2016_at_Lat_41.500_Lon_-100.000.csv,,,0.0160,,,,,,,0.0214,
node_1_solar_at_Lat_41.500_Lon_-99.375,fixed_generator,,node_1,Solar_time_series_by_year/Solar_time_series_2016_at_Lat_41.500_Lon_-99.375.csv,,,0.0148,,,,,,,0.1072,
node_1_wind_at_Lat_41.500_Lon_-99.375,fixed_generator,,node_1,Wind_time_series_by_year/Wind_time_series_2016_at_Lat_41.500_Lon_-99.375.csv,,,0.0160,,,,,,,0.0214,
node_1_solar_at_Lat_41.500_Lon_-98.750,fixed_generator,,node_1,Solar_time_series_by_year/Solar_time_series_2016_at_Lat_41.500_Lon_-98.750.csv,,,0.0148,,,,,,,0.1072,
node_1_wind_at_Lat_41.500_Lon_-98.750,fixed_generator,,node_1,Wind_time_series_by_year/Wind_time_series_2016_at_Lat_41.500_Lon_-98.750.csv,,,0.0160,,,,,,,0.0214,
node_1_solar_at_Lat_41.500_Lon_-98.125,fixed_generator,,node_1,Solar_time_series_by_year/Solar_time_series_2016_at_Lat_41.500_Lon_-98.125.csv,,,0.0148,,,,,,,0.1072,
node_1_wind_at_Lat_41.500_Lon_-98.125,fixed_generator,,node_1,Wind_time_series_by_year/Wind_time_series_2016_at_Lat_41.500_Lon_-98.125.csv,,,0.0160,,,,,,,0.0214,
node_1_solar_at_Lat_41.500_Lon_-97.500,fixed_generator,,node_1,Solar_time_series_by_year/Solar_time_series_2016_at_Lat_41.500_Lon_-97.500.csv,,,0.0148,,,,,,,0.1072,
node_1_wind_at_Lat_41.500_Lon_-97.500,fixed_generator,,node_1,Wind_time_series_by_year/Wind_time_series_2016_at_Lat_41.500_Lon_-97.500.csv,,,0.0160,,,,,,,0.0214,
node_1_solar_at_Lat_41.500_Lon_-96.875,fixed_generator,,node_1,Solar_time_series_by_year/Solar_time_series_2016_at_Lat_41.500_Lon_-96.875.csv,,,0.0148,,,,,,,0.1072,
node_1_wind_at_Lat_41.500_Lon_-96.875,fixed_generator,,node_1,Wind_time_series_by_year/Wind_time_series_2016_at_Lat_41.500_Lon_-96.875.csv,,,0.0160,,,,,,,0.0214,
node_1_solar_at_Lat_41.500_Lon_-96.250,fixed_generator,,node_1,Solar_time_series_by_year/Solar_time_series_2016_at_Lat_41.500_Lon_-96.250.csv,,,0.0148,,,,,,,0.1072,
node_1_wind_at_Lat_41.500_Lon_-96.250,fixed_generator,,node_1,Wind_time_series_by_year/Wind_time_series_2016_at_Lat_41.500_Lon_-96.250.csv,,,0.0160,,,,,,,0.0214,
node_1_solar_at_Lat_41.500_Lon_-95.625,fixed_generator,,node_1,Solar_time_series_by_year/Solar_time_series_2016_at_Lat_41.500_Lon_-95.625.csv,,,0.0148,,,,,,,0.1072,
node_1_wind_at_Lat_41.500_Lon_-95.625,fixed_generator,,node_1,Wind_time_series_by_year/Wind_time_series_2016_at_Lat_41.500_Lon_-95.625.csv,,,0.0160,,,,,,,0.0214,
node_1_solar_at_Lat_41.500_Lon_-95.000,fixed_generator,,node_1,Solar_time_series_by_year/Solar_time_series_2016_at_Lat_41.500_Lon_-95.000.csv,,,0.0148,,,,,,,0.1072,
node_1_wind_at_Lat_41.500_Lon_-95.000,fixed_generator,,node_1,Wind_time_series_by_year/Wind_time_series_2016_at_Lat_41.500_Lon_-95.000.csv,,,0.0160,,,,,,,0.0214,
node_1_solar_at_Lat_41.500_Lon_-94.375,fixed_generator,,node_1,Solar_time_series_by_year/Solar_time_series_2016_at_Lat_41.500_Lon_-94.375.csv,,,0.0148,,,,,,,0.1072,
node_1_wind_at_Lat_41.500_Lon_-94.375,fixed_generator,,node_1,Wind_time_series_by_year/Wind_time_series_2016_at_Lat_41.500_Lon_-94.375.csv,,,0.0160,,,,,,,0.0214,
node_1_solar_at_Lat_41.500_Lon_-93.750,fixed_generator,,node_1,Solar_time_series_by_year/Solar_time_series_2016_at_Lat_41.500_Lon_-93.750.csv,,,0.0148,,,,,,,0.1072,
node_1_wind_at_Lat_41.500_Lon_-93.750,fixed_generator,,node_1,Wind_time_series_by_year/Wind_time_series_2016_at_Lat_41.500_Lon_-93.750.csv,,,0.0160,,,,,,,0.0214,
node_1_solar_at_Lat_41.500_Lon_-93.125,fixed_generator,,node_1,Solar_time_series_by_year/Solar_time_series_2016_at_Lat_41.500_Lon_-93.125.csv,,,0.0148,,,,,,,0.1072,
node_1_wind_at_Lat_41.500_Lon_-93.125,fixed_generator,,node_1,Wind_time_series_by_year/Wind_time_series_2016_at_Lat_41.500_Lon_-93.125.csv,,,0.0160,,,,,,,0.0214,
node_1_solar_at_Lat_41.500_Lon_-92.500,fixed_generator,,node_1,Solar_time_series_by_year/Solar_time_series_2016_at_Lat_41.500_Lon_-92.500.csv,,,0.0148,,,,,,,0.1072,
node_1_wind_at_Lat_41.500_Lon_-92.500,fixed_generator,,node_1,Wind_time_series_by_year/Wind_time_series_2016_at_Lat_41.500_Lon_-92.500.csv,,,0.0160,,,,,,,0.0214,
node_1_solar_at_Lat_41.500_Lon_-91.875,fixed_generator,,node_1,Solar_time_series_by_year/Solar_time_series_2016_at_Lat_41.500_Lon_-91.875.csv,,,0.0148,,,,,,,0.1072,
node_1_wind_at_Lat_41.500_Lon_-91.875,fixed_generator,,node_1,Wind_time_series_by_year/Wind_time_series_2016_at_Lat_41.500_Lon_-91.875.csv,,,0.0160,,,,,,,0.0214,
node_1_solar_at_Lat_41.500_Lon_-91.250,fixed_generator,,node_1,Solar_time_series_by_year/Solar_time_series_2016_at_Lat_41.500_Lon_-91.250.csv,,,0.0148,,,,,,,0.1072,
node_1_wind_at_Lat_41.500_Lon_-91.250,fixed_generator,,node_1,Wind_time_series_by_year/Wind_time_series_2016_at_Lat_41.500_Lon_-91.250.csv,,,0.0160,,,,,,,0.0214,
node_1_solar_at_Lat_41.500_Lon_-90.625,fixed_generator,,node_1,Solar_time_series_by_year/Solar_time_series_2016_at_Lat_41.500_Lon_-90.625.csv,,,0.0148,,,,,,,0.1072,
node_1_wind_at_Lat_41.500_Lon_-90.625,fixed_generator,,node_1,Wind_time_series_by_year/Wind_time_series_2016_at_Lat_41.500_Lon_-90.625.csv,,,0.0160,,,,,,,0.0214,
node_1_solar_at_Lat_41.500_Lon_-90.000,fixed_generator,,node_1,Solar_time_series_by_year/Solar_time_series_2016_at_Lat_41.500_Lon_-90.000.csv,,,0.0148,,,,,,,0.1072,
node_1_wind_at_Lat_41.500_Lon_-90.000,fixed_generator,,node_1,Wind_time_series_by_year/Wind_time_series_2016_at_Lat_41.500_Lon_-90.000.csv,,,0.0160,,,,,,,0.0214,
node_1_solar_at_Lat_41.500_Lon_-89.375,fixed_generator,,node_1,Solar_time_series_by_year/Solar_time_series_2016_at_Lat_41.500_Lon_-89.375.csv,,,0.0148,,,,,,,0.1072,
node_1_wind_at_Lat_41.500_Lon_-89.375,fixed_generator,,node_1,Wind_time_series_by_year/Wind_time_series_2016_at_Lat_41.500_Lon_-89.375.csv,,,0.0160,,,,,,,0.0214,
node_1_solar_at_Lat_41.500_Lon_-88.750,fixed_generator,,node_1,Solar_time_series_by_year/Solar_time_series_2016_at_Lat_41.500_Lon_-88.750.csv,,,0.0148,,,,,,,0.1072,
node_1_wind_at_Lat_41.500_Lon_-88.750,fixed_generator,,node_1,Wind_time_series_by_year/Wind_time_series_2016_at_Lat_41.500_Lon_-88.750.csv,,,0.0160,,,,,,,0.0214,
node_1_solar_at_Lat_41.500_Lon_-88.125,fixed_generator,,node_1,Solar_time_series_by_year/Solar_time_series_2016_at_Lat_41.500_Lon_-88.125.csv,,,0.0148,,,,,,,0.1072,
node_1_wind_at_Lat_41.500_Lon_-88.125,fixed_generator,,node_1,Wind_time_series_by_year/Wind_time_series_2016_at_Lat_41.500_Lon_-88.125.csv,,,0.0160,,,,,,,0.0214,
node_1_solar_at_Lat_41.500_Lon_-87.500,fixed_generator,,node_1,Solar_time_series_by_year/Solar_time_series_2016_at_Lat_41.500_Lon_-87.500.csv,,,0.0148,,,,,,,0.1072,
node_1_wind_at_Lat_41.500_Lon_-87.500,fixed_generator,,node_1,Wind_time_series_by_year/Wind_time_series_2016_at_Lat_41.500_Lon_-87.500.csv,,,0.0160,,,,,,,0.0214,
node_1_solar_at_Lat_41.500_Lon_-86.875,fixed_generator,,node_1,Solar_time_series_by_year/Solar_time_series_2016_at_Lat_41.500_Lon_-86.875.csv,,,0.0148,,,,,,,0.1072,
node_1_wind_at_Lat_41.500_Lon_-86.875,fixed_generator,,node_1,Wind_time_series_by_year/Wind_time_series_2016_at_Lat_41.500_Lon_-86.875.csv,,,0.0160,,,,,,,0.0214,
node_1_solar_at_Lat_41.500_Lon_-86.250,fixed_generator,,node_1,Solar_time_series_by_year/Solar_time_series_2016_at_Lat_41.500_Lon_-86.250.csv,,,0.0148,,,,,,,0.1072,
node_1_wind_at_Lat_41.500_Lon_-86.250,fixed_generator,,node_1,Wind_time_series_by_year/Wind_time_series_2016_at_Lat_41.500_Lon_-86.250.csv,,,0.0160,,,,,,,0.0214,
node_1_solar_at_Lat_41.500_Lon_-85.625,fixed_generator,,node_1,Solar_time_series_by_year/Solar_time_series_2016_at_Lat_41.500_Lon_-85.625.csv,,,0.0148,,,,,,,0.1072,
node_1_wind_at_Lat_41.500_Lon_-85.625,fixed_generator,,node_1,Wind_time_series_by_year/Wind_time_series_2016_at_Lat_41.500_Lon_-85.625.csv,,,0.0160,,,,,,,0.0214,
node_1_solar_at_Lat_41.500_Lon_-85.000,fixed_generator,,node_1,Solar_time_series_by_year/Solar_time_series_2016_at_Lat_41.500_Lon_-85.000.csv,,,0.0148,,,,,,,0.1072,
node_1_wind_at_Lat_41.500_Lon_-85.000,fixed_generator,,node_1,Wind_time_series_by_year/Wind_time_series_2016_at_Lat_41.500_Lon_-85.000.csv,,,0.0160,,,,,,,0.0214,
node_1_solar_at_Lat_41.500_Lon_-84.375,fixed_generator,,node_1,Solar_time_series_by_year/Solar_time_series_2016_at_Lat_41.500_Lon_-84.375.csv,,,0.0148,,,,,,,0.1072,
node_1_wind_at_Lat_41.500_Lon_-84.375,fixed_generator,,node_1,Wind_time_series_by_year/Wind_time_series_2016_at_Lat_41.500_Lon_-84.375.csv,,,0.0160,,,,,,,0.0214,
node_1_solar_at_Lat_41.500_Lon_-83.750,fixed_generator,,node_1,Solar_time_series_by_year/Solar_time_series_2016_at_Lat_41.500_Lon_-83.750.csv,,,0.0148,,,,,,,0.1072,
node_1_wind_at_Lat_41.500_Lon_-83.750,fixed_generator,,node_1,Wind_time_series_by_year/Wind_time_series_2016_at_Lat_41.500_Lon_-83.750.csv,,,0.0160,,,,,,,0.0214,
node_1_solar_at_Lat_41.500_Lon_-83.125,fixed_generator,,node_1,Solar_time_series_by_year/Solar_time_series_2016_at_Lat_41.500_Lon_-83.125.csv,,,0.0148,,,,,,,0.1072,
node_1_wind_at_Lat_41.500_Lon_-83.125,fixed_generator,,node_1,Wind_time_series_by_year/Wind_time_series_2016_at_Lat_41.500_Lon_-83.125.csv,,,0.0160,,,,,,,0.0214,
node_1_solar_at_Lat_41.500_Lon_-81.250,fixed_generator,,node_1,Solar_time_series_by_year/Solar_time_series_2016_at_Lat_41.500_Lon_-81.250.csv,,,0.0148,,,,,,,0.1072,
node_1_wind_at_Lat_41.500_Lon_-81.250,fixed_generator,,node_1,Wind_time_series_by_year/Wind_time_series_2016_at_Lat_41.500_Lon_-81.250.csv,,,0.0160,,,,,,,0.0214,
node_1_solar_at_Lat_41.500_Lon_-80.625,fixed_generator,,node_1,Solar_time_series_by_year/Solar_time_series_2016_at_Lat_41.500_Lon_-80.625.csv,,,0.0148,,,,,,,0.1072,
node_1_wind_at_Lat_41.500_Lon_-80.625,fixed_generator,,node_1,Wind_time_series_by_year/Wind_time_series_2016_at_Lat_41.500_Lon_-80.625.csv,,,0.0160,,,,,,,0.0214,
node_1_solar_at_Lat_41.500_Lon_-80.000,fixed_generator,,node_1,Solar_time_series_by_year/Solar_time_series_2016_at_Lat_41.500_Lon_-80.000.csv,,,0.0148,,,,,,,0.1072,
node_1_wind_at_Lat_41.500_Lon_-80.000,fixed_generator,,node_1,Wind_time_series_by_year/Wind_time_series_2016_at_Lat_41.500_Lon_-80.000.csv,,,0.0160,,,,,,,0.0214,
node_1_solar_at_Lat_41.500_Lon_-79.375,fixed_generator,,node_1,Solar_time_series_by_year/Solar_time_series_2016_at_Lat_41.500_Lon_-79.375.csv,,,0.0148,,,,,,,0.1072,
node_1_wind_at_Lat_41.500_Lon_-79.375,fixed_generator,,node_1,Wind_time_series_by_year/Wind_time_series_2016_at_Lat_41.500_Lon_-79.375.csv,,,0.0160,,,,,,,0.0214,
node_1_solar_at_Lat_41.500_Lon_-78.750,fixed_generator,,node_1,Solar_time_series_by_year/Solar_time_series_2016_at_Lat_41.500_Lon_-78.750.csv,,,0.0148,,,,,,,0.1072,
node_1_wind_at_Lat_41.500_Lon_-78.750,fixed_generator,,node_1,Wind_time_series_by_year/Wind_time_series_2016_at_Lat_41.500_Lon_-78.750.csv,,,0.0160,,,,,,,0.0214,
node_1_solar_at_Lat_41.500_Lon_-78.125,fixed_generator,,node_1,Solar_time_series_by_year/Solar_time_series_2016_at_Lat_41.500_Lon_-78.125.csv,,,0.0148,,,,,,,0.1072,
node_1_wind_at_Lat_41.500_Lon_-78.125,fixed_generator,,node_1,Wind_time_series_by_year/Wind_time_series_2016_at_Lat_41.500_Lon_-78.125.csv,,,0.0160,,,,,,,0.0214,
node_1_solar_at_Lat_41.500_Lon_-77.500,fixed_generator,,node_1,Solar_time_series_by_year/Solar_time_series_2016_at_Lat_41.500_Lon_-77.500.csv,,,0.0148,,,,,,,0.1072,
node_1_wind_at_Lat_41.500_Lon_-77.500,fixed_generator,,node_1,Wind_time_series_by_year/Wind_time_series_2016_at_Lat_41.500_Lon_-77.500.csv,,,0.0160,,,,,,,0.0214,
node_1_solar_at_Lat_41.500_Lon_-76.875,fixed_generator,,node_1,Solar_time_series_by_year/Solar_time_series_2016_at_Lat_41.500_Lon_-76.875.csv,,,0.0148,,,,,,,0.1072,
node_1_wind_at_Lat_41.500_Lon_-76.875,fixed_generator,,node_1,Wind_time_series_by_year/Wind_time_series_2016_at_Lat_41.500_Lon_-76.875.csv,,,0.0160,,,,,,,0.0214,
node_1_solar_at_Lat_41.500_Lon_-76.250,fixed_generator,,node_1,Solar_time_series_by_year/Solar_time_series_2016_at_Lat_41.500_Lon_-76.250.csv,,,0.0148,,,,,,,0.1072,
node_1_wind_at_Lat_41.500_Lon_-76.250,fixed_generator,,node_1,Wind_time_series_by_year/Wind_time_series_2016_at_Lat_41.500_Lon_-76.250.csv,,,0.0160,,,,,,,0.0214,
node_1_solar_at_Lat_41.500_Lon_-75.625,fixed_generator,,node_1,Solar_time_series_by_year/Solar_time_series_2016_at_Lat_41.500_Lon_-75.625.csv,,,0.0148,,,,,,,0.1072,
node_1_wind_at_Lat_41.500_Lon_-75.625,fixed_generator,,node_1,Wind_time_series_by_year/Wind_time_series_2016_at_Lat_41.500_Lon_-75.625.csv,,,0.0160,,,,,,,0.0214,
node_1_solar_at_Lat_41.500_Lon_-75.000,fixed_generator,,node_1,Solar_time_series_by_year/Solar_time_series_2016_at_Lat_41.500_Lon_-75.000.csv,,,0.0148,,,,,,,0.1072,
node_1_wind_at_Lat_41.500_Lon_-75.000,fixed_generator,,node_1,Wind_time_series_by_year/Wind_time_series_2016_at_Lat_41.500_Lon_-75.000.csv,,,0.0160,,,,,,,0.0214,
node_1_solar_at_Lat_41.500_Lon_-74.375,fixed_generator,,node_1,Solar_time_series_by_year/Solar_time_series_2016_at_Lat_41.500_Lon_-74.375.csv,,,0.0148,,,,,,,0.1072,
node_1_wind_at_Lat_41.500_Lon_-74.375,fixed_generator,,node_1,Wind_time_series_by_year/Wind_time_series_2016_at_Lat_41.500_Lon_-74.375.csv,,,0.0160,,,,,,,0.0214,
node_1_solar_at_Lat_41.500_Lon_-73.750,fixed_generator,,node_1,Solar_time_series_by_year/Solar_time_series_2016_at_Lat_41.500_Lon_-73.750.csv,,,0.0148,,,,,,,0.1072,
node_1_wind_at_Lat_41.500_Lon_-73.750,fixed_generator,,node_1,Wind_time_series_by_year/Wind_time_series_2016_at_Lat_41.500_Lon_-73.750.csv,,,0.0160,,,,,,,0.0214,
node_1_solar_at_Lat_41.500_Lon_-73.125,fixed_generator,,node_1,Solar_time_series_by_year/Solar_time_series_2016_at_Lat_41.500_Lon_-73.125.csv,,,0.0148,,,,,,,0.1072,
node_1_wind_at_Lat_41.500_Lon_-73.125,fixed_generator,,node_1,Wind_time_series_by_year/Wind_time_series_2016_at_Lat_41.500_Lon_-73.125.csv,,,0.0160,,,,,,,0.0214,
node_1_solar_at_Lat_41.500_Lon_-72.500,fixed_generator,,node_1,Solar_time_series_by_year/Solar_time_series_2016_at_Lat_41.500_Lon_-72.500.csv,,,0.0148,,,,,,,0.1072,
node_1_wind_at_Lat_41.500_Lon_-72.500,fixed_generator,,node_1,Wind_time_series_by_year/Wind_time_series_2016_at_Lat_41.500_Lon_-72.500.csv,,,0.0160,,,,,,,0.0214,
node_1_solar_at_Lat_41.500_Lon_-71.875,fixed_generator,,node_1,Solar_time_series_by_year/Solar_time_series_2016_at_Lat_41.500_Lon_-71.875.csv,,,0.0148,,,,,,,0.1072,
node_1_wind_at_Lat_41.500_Lon_-71.875,fixed_generator,,node_1,Wind_time_series_by_year/Wind_time_series_2016_at_Lat_41.500_Lon_-71.875.csv,,,0.0160,,,,,,,0.0214,
node_1_solar_at_Lat_41.500_Lon_-71.250,fixed_generator,,node_1,Solar_time_series_by_year/Solar_time_series_2016_at_Lat_41.500_Lon_-71.250.csv,,,0.0148,,,,,,,0.1072,
node_1_wind_at_Lat_41.500_Lon_-71.250,fixed_generator,,node_1,Wind_time_series_by_year/Wind_time_series_2016_at_Lat_41.500_Lon_-71.250.csv,,,0.0160,,,,,,,0.0214,
node_1_solar_at_Lat_42.000_Lon_-123.750,fixed_generator,,node_1,Solar_time_series_by_year/Solar_time_series_2016_at_Lat_42.000_Lon_-123.750.csv,,,0.0148,,,,,,,0.1063,
node_1_wind_at_Lat_42.000_Lon_-123.750,fixed_generator,,node_1,Wind_time_series_by_year/Wind_time_series_2016_at_Lat_42.000_Lon_-123.750.csv,,,0.0160,,,,,,,0.0213,
node_1_solar_at_Lat_42.000_Lon_-123.125,fixed_generator,,node_1,Solar_time_series_by_year/Solar_time_series_2016_at_Lat_42.000_Lon_-123.125.csv,,,0.0148,,,,,,,0.1063,
node_1_wind_at_Lat_42.000_Lon_-123.125,fixed_generator,,node_1,Wind_time_series_by_year/Wind_time_series_2016_at_Lat_42.000_Lon_-123.125.csv,,,0.0160,,,,,,,0.0213,
node_1_solar_at_Lat_42.000_Lon_-122.500,fixed_generator,,node_1,Solar_time_series_by_year/Solar_time_series_2016_at_Lat_42.000_Lon_-122.500.csv,,,0.0148,,,,,,,0.1063,
node_1_wind_at_Lat_42.000_Lon_-122.500,fixed_generator,,node_1,Wind_time_series_by_year/Wind_time_series_2016_at_Lat_42.000_Lon_-122.500.csv,,,0.0160,,,,,,,0.0213,
node_1_solar_at_Lat_42.000_Lon_-121.875,fixed_generator,,node_1,Solar_time_series_by_year/Solar_time_series_2016_at_Lat_42.000_Lon_-121.875.csv,,,0.0148,,,,,,,0.1063,
node_1_wind_at_Lat_42.000_Lon_-121.875,fixed_generator,,node_1,Wind_time_series_by_year/Wind_time_series_2016_at_Lat_42.000_Lon_-121.875.csv,,,0.0160,,,,,,,0.0213,
node_1_solar_at_Lat_42.000_Lon_-121.250,fixed_generator,,node_1,Solar_time_series_by_year/Solar_time_series_2016_at_Lat_42.000_Lon_-121.250.csv,,,0.0148,,,,,,,0.1063,
node_1_wind_at_Lat_42.000_Lon_-121.250,fixed_generator,,node_1,Wind_time_series_by_year/Wind_time_series_2016_at_Lat_42.000_Lon_-121.250.csv,,,0.0160,,,,,,,0.0213,
node_1_solar_at_Lat_42.000_Lon_-120.625,fixed_generator,,node_1,Solar_time_series_by_year/Solar_time_series_2016_at_Lat_42.000_Lon_-120.625.csv,,,0.0148,,,,,,,0.1063,
node_1_wind_at_Lat_42.000_Lon_-120.625,fixed_generator,,node_1,Wind_time_series_by_year/Wind_time_series_2016_at_Lat_42.000_Lon_-120.625.csv,,,0.0160,,,,,,,0.0213,
node_1_solar_at_Lat_42.000_Lon_-120.000,fixed_generator,,node_1,Solar_time_series_by_year/Solar_time_series_2016_at_Lat_42.000_Lon_-120.000.csv,,,0.0148,,,,,,,0.1063,
node_1_wind_at_Lat_42.000_Lon_-120.000,fixed_generator,,node_1,Wind_time_series_by_year/Wind_time_series_2016_at_Lat_42.000_Lon_-120.000.csv,,,0.0160,,,,,,,0.0213,
node_1_solar_at_Lat_42.000_Lon_-119.375,fixed_generator,,node_1,Solar_time_series_by_year/Solar_time_series_2016_at_Lat_42.000_Lon_-119.375.csv,,,0.0148,,,,,,,0.1063,
node_1_wind_at_Lat_42.000_Lon_-119.375,fixed_generator,,node_1,Wind_time_series_by_year/Wind_time_series_2016_at_Lat_42.000_Lon_-119.375.csv,,,0.0160,,,,,,,0.0213,
node_1_solar_at_Lat_42.000_Lon_-118.750,fixed_generator,,node_1,Solar_time_series_by_year/Solar_time_series_2016_at_Lat_42.000_Lon_-118.750.csv,,,0.0148,,,,,,,0.1063,
node_1_wind_at_Lat_42.000_Lon_-118.750,fixed_generator,,node_1,Wind_time_series_by_year/Wind_time_series_2016_at_Lat_42.000_Lon_-118.750.csv,,,0.0160,,,,,,,0.0213,
node_1_solar_at_Lat_42.000_Lon_-118.125,fixed_generator,,node_1,Solar_time_series_by_year/Solar_time_series_2016_at_Lat_42.000_Lon_-118.125.csv,,,0.0148,,,,,,,0.1063,
node_1_wind_at_Lat_42.000_Lon_-118.125,fixed_generator,,node_1,Wind_time_series_by_year/Wind_time_series_2016_at_Lat_42.000_Lon_-118.125.csv,,,0.0160,,,,,,,0.0213,
node_1_solar_at_Lat_42.000_Lon_-117.500,fixed_generator,,node_1,Solar_time_series_by_year/Solar_time_series_2016_at_Lat_42.000_Lon_-117.500.csv,,,0.0148,,,,,,,0.1063,
node_1_wind_at_Lat_42.000_Lon_-117.500,fixed_generator,,node_1,Wind_time_series_by_year/Wind_time_series_2016_at_Lat_42.000_Lon_-117.500.csv,,,0.0160,,,,,,,0.0213,
node_1_solar_at_Lat_42.000_Lon_-116.875,fixed_generator,,node_1,Solar_time_series_by_year/Solar_time_series_2016_at_Lat_42.000_Lon_-116.875.csv,,,0.0148,,,,,,,0.1063,
node_1_wind_at_Lat_42.000_Lon_-116.875,fixed_generator,,node_1,Wind_time_series_by_year/Wind_time_series_2016_at_Lat_42.000_Lon_-116.875.csv,,,0.0160,,,,,,,0.0213,
node_1_solar_at_Lat_42.000_Lon_-116.250,fixed_generator,,node_1,Solar_time_series_by_year/Solar_time_series_2016_at_Lat_42.000_Lon_-116.250.csv,,,0.0148,,,,,,,0.1063,
node_1_wind_at_Lat_42.000_Lon_-116.250,fixed_generator,,node_1,Wind_time_series_by_year/Wind_time_series_2016_at_Lat_42.000_Lon_-116.250.csv,,,0.0160,,,,,,,0.0213,
node_1_solar_at_Lat_42.000_Lon_-115.625,fixed_generator,,node_1,Solar_time_series_by_year/Solar_time_series_2016_at_Lat_42.000_Lon_-115.625.csv,,,0.0148,,,,,,,0.1063,
node_1_wind_at_Lat_42.000_Lon_-115.625,fixed_generator,,node_1,Wind_time_series_by_year/Wind_time_series_2016_at_Lat_42.000_Lon_-115.625.csv,,,0.0160,,,,,,,0.0213,
node_1_solar_at_Lat_42.000_Lon_-115.000,fixed_generator,,node_1,Solar_time_series_by_year/Solar_time_series_2016_at_Lat_42.000_Lon_-115.000.csv,,,0.0148,,,,,,,0.1063,
node_1_wind_at_Lat_42.000_Lon_-115.000,fixed_generator,,node_1,Wind_time_series_by_year/Wind_time_series_2016_at_Lat_42.000_Lon_-115.000.csv,,,0.0160,,,,,,,0.0213,
node_1_solar_at_Lat_42.000_Lon_-114.375,fixed_generator,,node_1,Solar_time_series_by_year/Solar_time_series_2016_at_Lat_42.000_Lon_-114.375.csv,,,0.0148,,,,,,,0.1063,
node_1_wind_at_Lat_42.000_Lon_-114.375,fixed_generator,,node_1,Wind_time_series_by_year/Wind_time_series_2016_at_Lat_42.000_Lon_-114.375.csv,,,0.0160,,,,,,,0.0213,
node_1_solar_at_Lat_42.000_Lon_-113.750,fixed_generator,,node_1,Solar_time_series_by_year/Solar_time_series_2016_at_Lat_42.000_Lon_-113.750.csv,,,0.0148,,,,,,,0.1063,
node_1_wind_at_Lat_42.000_Lon_-113.750,fixed_generator,,node_1,Wind_time_series_by_year/Wind_time_series_2016_at_Lat_42.000_Lon_-113.750.csv,,,0.0160,,,,,,,0.0213,
node_1_solar_at_Lat_42.000_Lon_-113.125,fixed_generator,,node_1,Solar_time_series_by_year/Solar_time_series_2016_at_Lat_42.000_Lon_-113.125.csv,,,0.0148,,,,,,,0.1063,
node_1_wind_at_Lat_42.000_Lon_-113.125,fixed_generator,,node_1,Wind_time_series_by_year/Wind_time_series_2016_at_Lat_42.000_Lon_-113.125.csv,,,0.0160,,,,,,,0.0213,
node_1_solar_at_Lat_42.000_Lon_-112.500,fixed_generator,,node_1,Solar_time_series_by_year/Solar_time_series_2016_at_Lat_42.000_Lon_-112.500.csv,,,0.0148,,,,,,,0.1063,
node_1_wind_at_Lat_42.000_Lon_-112.500,fixed_generator,,node_1,Wind_time_series_by_year/Wind_time_series_2016_at_Lat_42.000_Lon_-112.500.csv,,,0.0160,,,,,,,0.0213,
node_1_solar_at_Lat_42.000_Lon_-111.875,fixed_generator,,node_1,Solar_time_series_by_year/Solar_time_series_2016_at_Lat_42.000_Lon_-111.875.csv,,,0.0148,,,,,,,0.1063,
node_1_wind_at_Lat_42.000_Lon_-111.875,fixed_generator,,node_1,Wind_time_series_by_year/Wind_time_series_2016_at_Lat_42.000_Lon_-111.875.csv,,,0.0160,,,,,,,0.0213,
node_1_solar_at_Lat_42.000_Lon_-111.250,fixed_generator,,node_1,Solar_time_series_by_year/Solar_time_series_2016_at_Lat_42.000_Lon_-111.250.csv,,,0.0148,,,,,,,0.1063,
node_1_wind_at_Lat_42.000_Lon_-111.250,fixed_generator,,node_1,Wind_time_series_by_year/Wind_time_series_2016_at_Lat_42.000_Lon_-111.250.csv,,,0.0160,,,,,,,0.0213,
node_1_solar_at_Lat_42.000_Lon_-110.625,fixed_generator,,node_1,Solar_time_series_by_year/Solar_time_series_2016_at_Lat_42.000_Lon_-110.625.csv,,,0.0148,,,,,,,0.1063,
node_1_wind_at_Lat_42.000_Lon_-110.625,fixed_generator,,node_1,Wind_time_series_by_year/Wind_time_series_2016_at_Lat_42.000_Lon_-110.625.csv,,,0.0160,,,,,,,0.0213,
node_1_solar_at_Lat_42.000_Lon_-110.000,fixed_generator,,node_1,Solar_time_series_by_year/Solar_time_series_2016_at_Lat_42.000_Lon_-110.000.csv,,,0.0148,,,,,,,0.1063,
node_1_wind_at_Lat_42.000_Lon_-110.000,fixed_generator,,node_1,Wind_time_series_by_year/Wind_time_series_2016_at_Lat_42.000_Lon_-110.000.csv,,,0.0160,,,,,,,0.0213,
node_1_solar_at_Lat_42.000_Lon_-109.375,fixed_generator,,node_1,Solar_time_series_by_year/Solar_time_series_2016_at_Lat_42.000_Lon_-109.375.csv,,,0.0148,,,,,,,0.1063,
node_1_wind_at_Lat_42.000_Lon_-109.375,fixed_generator,,node_1,Wind_time_series_by_year/Wind_time_series_2016_at_Lat_42.000_Lon_-109.375.csv,,,0.0160,,,,,,,0.0213,
node_1_solar_at_Lat_42.000_Lon_-108.750,fixed_generator,,node_1,Solar_time_series_by_year/Solar_time_series_2016_at_Lat_42.000_Lon_-108.750.csv,,,0.0148,,,,,,,0.1063,
node_1_wind_at_Lat_42.000_Lon_-108.750,fixed_generator,,node_1,Wind_time_series_by_year/Wind_time_series_2016_at_Lat_42.000_Lon_-108.750.csv,,,0.0160,,,,,,,0.0213,
node_1_solar_at_Lat_42.000_Lon_-108.125,fixed_generator,,node_1,Solar_time_series_by_year/Solar_time_series_2016_at_Lat_42.000_Lon_-108.125.csv,,,0.0148,,,,,,,0.1063,
node_1_wind_at_Lat_42.000_Lon_-108.125,fixed_generator,,node_1,Wind_time_series_by_year/Wind_time_series_2016_at_Lat_42.000_Lon_-108.125.csv,,,0.0160,,,,,,,0.0213,
node_1_solar_at_Lat_42.000_Lon_-107.500,fixed_generator,,node_1,Solar_time_series_by_year/Solar_time_series_2016_at_Lat_42.000_Lon_-107.500.csv,,,0.0148,,,,,,,0.1063,
node_1_wind_at_Lat_42.000_Lon_-107.500,fixed_generator,,node_1,Wind_time_series_by_year/Wind_time_series_2016_at_Lat_42.000_Lon_-107.500.csv,,,0.0160,,,,,,,0.0213,
node_1_solar_at_Lat_42.000_Lon_-106.875,fixed_generator,,node_1,Solar_time_series_by_year/Solar_time_series_2016_at_Lat_42.000_Lon_-106.875.csv,,,0.0148,,,,,,,0.1063,
node_1_wind_at_Lat_42.000_Lon_-106.875,fixed_generator,,node_1,Wind_time_series_by_year/Wind_time_series_2016_at_Lat_42.000_Lon_-106.875.csv,,,0.0160,,,,,,,0.0213,
node_1_solar_at_Lat_42.000_Lon_-106.250,fixed_generator,,node_1,Solar_time_series_by_year/Solar_time_series_2016_at_Lat_42.000_Lon_-106.250.csv,,,0.0148,,,,,,,0.1063,
node_1_wind_at_Lat_42.000_Lon_-106.250,fixed_generator,,node_1,Wind_time_series_by_year/Wind_time_series_2016_at_Lat_42.000_Lon_-106.250.csv,,,0.0160,,,,,,,0.0213,
node_1_solar_at_Lat_42.000_Lon_-105.625,fixed_generator,,node_1,Solar_time_series_by_year/Solar_time_series_2016_at_Lat_42.000_Lon_-105.625.csv,,,0.0148,,,,,,,0.1063,
node_1_wind_at_Lat_42.000_Lon_-105.625,fixed_generator,,node_1,Wind_time_series_by_year/Wind_time_series_2016_at_Lat_42.000_Lon_-105.625.csv,,,0.0160,,,,,,,0.0213,
node_1_solar_at_Lat_42.000_Lon_-105.000,fixed_generator,,node_1,Solar_time_series_by_year/Solar_time_series_2016_at_Lat_42.000_Lon_-105.000.csv,,,0.0148,,,,,,,0.1063,
node_1_wind_at_Lat_42.000_Lon_-105.000,fixed_generator,,node_1,Wind_time_series_by_year/Wind_time_series_2016_at_Lat_42.000_Lon_-105.000.csv,,,0.0160,,,,,,,0.0213,
node_1_solar_at_Lat_42.000_Lon_-104.375,fixed_generator,,node_1,Solar_time_series_by_year/Solar_time_series_2016_at_Lat_42.000_Lon_-104.375.csv,,,0.0148,,,,,,,0.1063,
node_1_wind_at_Lat_42.000_Lon_-104.375,fixed_generator,,node_1,Wind_time_series_by_year/Wind_time_series_2016_at_Lat_42.000_Lon_-104.375.csv,,,0.0160,,,,,,,0.0213,
node_1_solar_at_Lat_42.000_Lon_-103.750,fixed_generator,,node_1,Solar_time_series_by_year/Solar_time_series_2016_at_Lat_42.000_Lon_-103.750.csv,,,0.0148,,,,,,,0.1063,
node_1_wind_at_Lat_42.000_Lon_-103.750,fixed_generator,,node_1,Wind_time_series_by_year/Wind_time_series_2016_at_Lat_42.000_Lon_-103.750.csv,,,0.0160,,,,,,,0.0213,
node_1_solar_at_Lat_42.000_Lon_-103.125,fixed_generator,,node_1,Solar_time_series_by_year/Solar_time_series_2016_at_Lat_42.000_Lon_-103.125.csv,,,0.0148,,,,,,,0.1063,
node_1_wind_at_Lat_42.000_Lon_-103.125,fixed_generator,,node_1,Wind_time_series_by_year/Wind_time_series_2016_at_Lat_42.000_Lon_-103.125.csv,,,0.0160,,,,,,,0.0213,
node_1_solar_at_Lat_42.000_Lon_-102.500,fixed_generator,,node_1,Solar_time_series_by_year/Solar_time_series_2016_at_Lat_42.000_Lon_-102.500.csv,,,0.0148,,,,,,,0.1063,
node_1_wind_at_Lat_42.000_Lon_-102.500,fixed_generator,,node_1,Wind_time_series_by_year/Wind_time_series_2016_at_Lat_42.000_Lon_-102.500.csv,,,0.0160,,,,,,,0.0213,
node_1_solar_at_Lat_42.000_Lon_-101.875,fixed_generator,,node_1,Solar_time_series_by_year/Solar_time_series_2016_at_Lat_42.000_Lon_-101.875.csv,,,0.0148,,,,,,,0.1063,
node_1_wind_at_Lat_42.000_Lon_-101.875,fixed_generator,,node_1,Wind_time_series_by_year/Wind_time_series_2016_at_Lat_42.000_Lon_-101.875.csv,,,0.0160,,,,,,,0.0213,
node_1_solar_at_Lat_42.000_Lon_-101.250,fixed_generator,,node_1,Solar_time_series_by_year/Solar_time_series_2016_at_Lat_42.000_Lon_-101.250.csv,,,0.0148,,,,,,,0.1063,
node_1_wind_at_Lat_42.000_Lon_-101.250,fixed_generator,,node_1,Wind_time_series_by_year/Wind_time_series_2016_at_Lat_42.000_Lon_-101.250.csv,,,0.0160,,,,,,,0.0213,
node_1_solar_at_Lat_42.000_Lon_-100.625,fixed_generator,,node_1,Solar_time_series_by_year/Solar_time_series_2016_at_Lat_42.000_Lon_-100.625.csv,,,0.0148,,,,,,,0.1063,
node_1_wind_at_Lat_42.000_Lon_-100.625,fixed_generator,,node_1,Wind_time_series_by_year/Wind_time_series_2016_at_Lat_42.000_Lon_-100.625.csv,,,0.0160,,,,,,,0.0213,
node_1_solar_at_Lat_42.000_Lon_-100.000,fixed_generator,,node_1,Solar_time_series_by_year/Solar_time_series_2016_at_Lat_42.000_Lon_-100.000.csv,,,0.0148,,,,,,,0.1063,
node_1_wind_at_Lat_42.000_Lon_-100.000,fixed_generator,,node_1,Wind_time_series_by_year/Wind_time_series_2016_at_Lat_42.000_Lon_-100.000.csv,,,0.0160,,,,,,,0.0213,
node_1_solar_at_Lat_42.000_Lon_-99.375,fixed_generator,,node_1,Solar_time_series_by_year/Solar_time_series_2016_at_Lat_42.000_Lon_-99.375.csv,,,0.0148,,,,,,,0.1063,
node_1_wind_at_Lat_42.000_Lon_-99.375,fixed_generator,,node_1,Wind_time_series_by_year/Wind_time_series_2016_at_Lat_42.000_Lon_-99.375.csv,,,0.0160,,,,,,,0.0213,
node_1_solar_at_Lat_42.000_Lon_-98.750,fixed_generator,,node_1,Solar_time_series_by_year/Solar_time_series_2016_at_Lat_42.000_Lon_-98.750.csv,,,0.0148,,,,,,,0.1063,
node_1_wind_at_Lat_42.000_Lon_-98.750,fixed_generator,,node_1,Wind_time_series_by_year/Wind_time_series_2016_at_Lat_42.000_Lon_-98.750.csv,,,0.0160,,,,,,,0.0213,
node_1_solar_at_Lat_42.000_Lon_-98.125,fixed_generator,,node_1,Solar_time_series_by_year/Solar_time_series_2016_at_Lat_42.000_Lon_-98.125.csv,,,0.0148,,,,,,,0.1063,
node_1_wind_at_Lat_42.000_Lon_-98.125,fixed_generator,,node_1,Wind_time_series_by_year/Wind_time_series_2016_at_Lat_42.000_Lon_-98.125.csv,,,0.0160,,,,,,,0.0213,
node_1_solar_at_Lat_42.000_Lon_-97.500,fixed_generator,,node_1,Solar_time_series_by_year/Solar_time_series_2016_at_Lat_42.000_Lon_-97.500.csv,,,0.0148,,,,,,,0.1063,
node_1_wind_at_Lat_42.000_Lon_-97.500,fixed_generator,,node_1,Wind_time_series_by_year/Wind_time_series_2016_at_Lat_42.000_Lon_-97.500.csv,,,0.0160,,,,,,,0.0213,
node_1_solar_at_Lat_42.000_Lon_-96.875,fixed_generator,,node_1,Solar_time_series_by_year/Solar_time_series_2016_at_Lat_42.000_Lon_-96.875.csv,,,0.0148,,,,,,,0.1063,
node_1_wind_at_Lat_42.000_Lon_-96.875,fixed_generator,,node_1,Wind_time_series_by_year/Wind_time_series_2016_at_Lat_42.000_Lon_-96.875.csv,,,0.0160,,,,,,,0.0213,
node_1_solar_at_Lat_42.000_Lon_-96.250,fixed_generator,,node_1,Solar_time_series_by_year/Solar_time_series_2016_at_Lat_42.000_Lon_-96.250.csv,,,0.0148,,,,,,,0.1063,
node_1_wind_at_Lat_42.000_Lon_-96.250,fixed_generator,,node_1,Wind_time_series_by_year/Wind_time_series_2016_at_Lat_42.000_Lon_-96.250.csv,,,0.0160,,,,,,,0.0213,
node_1_solar_at_Lat_42.000_Lon_-95.625,fixed_generator,,node_1,Solar_time_series_by_year/Solar_time_series_2016_at_Lat_42.000_Lon_-95.625.csv,,,0.0148,,,,,,,0.1063,
node_1_wind_at_Lat_42.000_Lon_-95.625,fixed_generator,,node_1,Wind_time_series_by_year/Wind_time_series_2016_at_Lat_42.000_Lon_-95.625.csv,,,0.0160,,,,,,,0.0213,
node_1_solar_at_Lat_42.000_Lon_-95.000,fixed_generator,,node_1,Solar_time_series_by_year/Solar_time_series_2016_at_Lat_42.000_Lon_-95.000.csv,,,0.0148,,,,,,,0.1063,
node_1_wind_at_Lat_42.000_Lon_-95.000,fixed_generator,,node_1,Wind_time_series_by_year/Wind_time_series_2016_at_Lat_42.000_Lon_-95.000.csv,,,0.0160,,,,,,,0.0213,
node_1_solar_at_Lat_42.000_Lon_-94.375,fixed_generator,,node_1,Solar_time_series_by_year/Solar_time_series_2016_at_Lat_42.000_Lon_-94.375.csv,,,0.0148,,,,,,,0.1063,
node_1_wind_at_Lat_42.000_Lon_-94.375,fixed_generator,,node_1,Wind_time_series_by_year/Wind_time_series_2016_at_Lat_42.000_Lon_-94.375.csv,,,0.0160,,,,,,,0.0213,
node_1_solar_at_Lat_42.000_Lon_-93.750,fixed_generator,,node_1,Solar_time_series_by_year/Solar_time_series_2016_at_Lat_42.000_Lon_-93.750.csv,,,0.0148,,,,,,,0.1063,
node_1_wind_at_Lat_42.000_Lon_-93.750,fixed_generator,,node_1,Wind_time_series_by_year/Wind_time_series_2016_at_Lat_42.000_Lon_-93.750.csv,,,0.0160,,,,,,,0.0213,
node_1_solar_at_Lat_42.000_Lon_-93.125,fixed_generator,,node_1,Solar_time_series_by_year/Solar_time_series_2016_at_Lat_42.000_Lon_-93.125.csv,,,0.0148,,,,,,,0.1063,
node_1_wind_at_Lat_42.000_Lon_-93.125,fixed_generator,,node_1,Wind_time_series_by_year/Wind_time_series_2016_at_Lat_42.000_Lon_-93.125.csv,,,0.0160,,,,,,,0.0213,
node_1_solar_at_Lat_42.000_Lon_-92.500,fixed_generator,,node_1,Solar_time_series_by_year/Solar_time_series_2016_at_Lat_42.000_Lon_-92.500.csv,,,0.0148,,,,,,,0.1063,
node_1_wind_at_Lat_42.000_Lon_-92.500,fixed_generator,,node_1,Wind_time_series_by_year/Wind_time_series_2016_at_Lat_42.000_Lon_-92.500.csv,,,0.0160,,,,,,,0.0213,
node_1_solar_at_Lat_42.000_Lon_-91.875,fixed_generator,,node_1,Solar_time_series_by_year/Solar_time_series_2016_at_Lat_42.000_Lon_-91.875.csv,,,0.0148,,,,,,,0.1063,
node_1_wind_at_Lat_42.000_Lon_-91.875,fixed_generator,,node_1,Wind_time_series_by_year/Wind_time_series_2016_at_Lat_42.000_Lon_-91.875.csv,,,0.0160,,,,,,,0.0213,
node_1_solar_at_Lat_42.000_Lon_-91.250,fixed_generator,,node_1,Solar_time_series_by_year/Solar_time_series_2016_at_Lat_42.000_Lon_-91.250.csv,,,0.0148,,,,,,,0.1063,
node_1_wind_at_Lat_42.000_Lon_-91.250,fixed_generator,,node_1,Wind_time_series_by_year/Wind_time_series_2016_at_Lat_42.000_Lon_-91.250.csv,,,0.0160,,,,,,,0.0213,
node_1_solar_at_Lat_42.000_Lon_-90.625,fixed_generator,,node_1,Solar_time_series_by_year/Solar_time_series_2016_at_Lat_42.000_Lon_-90.625.csv,,,0.0148,,,,,,,0.1063,
node_1_wind_at_Lat_42.000_Lon_-90.625,fixed_generator,,node_1,Wind_time_series_by_year/Wind_time_series_2016_at_Lat_42.000_Lon_-90.625.csv,,,0.0160,,,,,,,0.0213,
node_1_solar_at_Lat_42.000_Lon_-90.000,fixed_generator,,node_1,Solar_time_series_by_year/Solar_time_series_2016_at_Lat_42.000_Lon_-90.000.csv,,,0.0148,,,,,,,0.1063,
node_1_wind_at_Lat_42.000_Lon_-90.000,fixed_generator,,node_1,Wind_time_series_by_year/Wind_time_series_2016_at_Lat_42.000_Lon_-90.000.csv,,,0.0160,,,,,,,0.0213,
node_1_solar_at_Lat_42.000_Lon_-89.375,fixed_generator,,node_1,Solar_time_series_by_year/Solar_time_series_2016_at_Lat_42.000_Lon_-89.375.csv,,,0.0148,,,,,,,0.1063,
node_1_wind_at_Lat_42.000_Lon_-89.375,fixed_generator,,node_1,Wind_time_series_by_year/Wind_time_series_2016_at_Lat_42.000_Lon_-89.375.csv,,,0.0160,,,,,,,0.0213,
node_1_solar_at_Lat_42.000_Lon_-88.750,fixed_generator,,node_1,Solar_time_series_by_year/Solar_time_series_2016_at_Lat_42.000_Lon_-88.750.csv,,,0.0148,,,,,,,0.1063,
node_1_wind_at_Lat_42.000_Lon_-88.750,fixed_generator,,node_1,Wind_time_series_by_year/Wind_time_series_2016_at_Lat_42.000_Lon_-88.750.csv,,,0.0160,,,,,,,0.0213,
node_1_solar_at_Lat_42.000_Lon_-88.125,fixed_generator,,node_1,Solar_time_series_by_year/Solar_time_series_2016_at_Lat_42.000_Lon_-88.125.csv,,,0.0148,,,,,,,0.1063,
node_1_wind_at_Lat_42.000_Lon_-88.125,fixed_generator,,node_1,Wind_time_series_by_year/Wind_time_series_2016_at_Lat_42.000_Lon_-88.125.csv,,,0.0160,,,,,,,0.0213,
node_1_solar_at_Lat_42.000_Lon_-86.250,fixed_generator,,node_1,Solar_time_series_by_year/Solar_time_series_2016_at_Lat_42.000_Lon_-86.250.csv,,,0.0148,,,,,,,0.1063,
node_1_wind_at_Lat_42.000_Lon_-86.250,fixed_generator,,node_1,Wind_time_series_by_year/Wind_time_series_2016_at_Lat_42.000_Lon_-86.250.csv,,,0.0160,,,,,,,0.0213,
node_1_solar_at_Lat_42.000_Lon_-85.625,fixed_generator,,node_1,Solar_time_series_by_year/Solar_time_series_2016_at_Lat_42.000_Lon_-85.625.csv,,,0.0148,,,,,,,0.1063,
node_1_wind_at_Lat_42.000_Lon_-85.625,fixed_generator,,node_1,Wind_time_series_by_year/Wind_time_series_2016_at_Lat_42.000_Lon_-85.625.csv,,,0.0160,,,,,,,0.0213,
node_1_solar_at_Lat_42.000_Lon_-85.000,fixed_generator,,node_1,Solar_time_series_by_year/Solar_time_series_2016_at_Lat_42.000_Lon_-85.000.csv,,,0.0148,,,,,,,0.1063,
node_1_wind_at_Lat_42.000_Lon_-85.000,fixed_generator,,node_1,Wind_time_series_by_year/Wind_time_series_2016_at_Lat_42.000_Lon_-85.000.csv,,,0.0160,,,,,,,0.0213,
node_1_solar_at_Lat_42.000_Lon_-84.375,fixed_generator,,node_1,Solar_time_series_by_year/Solar_time_series_2016_at_Lat_42.000_Lon_-84.375.csv,,,0.0148,,,,,,,0.1063,
node_1_wind_at_Lat_42.000_Lon_-84.375,fixed_generator,,node_1,Wind_time_series_by_year/Wind_time_series_2016_at_Lat_42.000_Lon_-84.375.csv,,,0.0160,,,,,,,0.0213,
node_1_solar_at_Lat_42.000_Lon_-83.750,fixed_generator,,node_1,Solar_time_series_by_year/Solar_time_series_2016_at_Lat_42.000_Lon_-83.750.csv,,,0.0148,,,,,,,0.1063,
node_1_wind_at_Lat_42.000_Lon_-83.750,fixed_generator,,node_1,Wind_time_series_by_year/Wind_time_series_2016_at_Lat_42.000_Lon_-83.750.csv,,,0.0160,,,,,,,0.0213,
node_1_solar_at_Lat_42.000_Lon_-80.000,fixed_generator,,node_1,Solar_time_series_by_year/Solar_time_series_2016_at_Lat_42.000_Lon_-80.000.csv,,,0.0148,,,,,,,0.1063,
node_1_wind_at_Lat_42.000_Lon_-80.000,fixed_generator,,node_1,Wind_time_series_by_year/Wind_time_series_2016_at_Lat_42.000_Lon_-80.000.csv,,,0.0160,,,,,,,0.0213,
node_1_solar_at_Lat_42.000_Lon_-79.375,fixed_generator,,node_1,Solar_time_series_by_year/Solar_time_series_2016_at_Lat_42.000_Lon_-79.375.csv,,,0.0148,,,,,,,0.1063,
node_1_wind_at_Lat_42.000_Lon_-79.375,fixed_generator,,node_1,Wind_time_series_by_year/Wind_time_series_2016_at_Lat_42.000_Lon_-79.375.csv,,,0.0160,,,,,,,0.0213,
node_1_solar_at_Lat_42.000_Lon_-78.750,fixed_generator,,node_1,Solar_time_series_by_year/Solar_time_series_2016_at_Lat_42.000_Lon_-78.750.csv,,,0.0148,,,,,,,0.1063,
node_1_wind_at_Lat_42.000_Lon_-78.750,fixed_generator,,node_1,Wind_time_series_by_year/Wind_time_series_2016_at_Lat_42.000_Lon_-78.750.csv,,,0.0160,,,,,,,0.0213,
node_1_solar_at_Lat_42.000_Lon_-78.125,fixed_generator,,node_1,Solar_time_series_by_year/Solar_time_series_2016_at_Lat_42.000_Lon_-78.125.csv,,,0.0148,,,,,,,0.1063,
node_1_wind_at_Lat_42.000_Lon_-78.125,fixed_generator,,node_1,Wind_time_series_by_year/Wind_time_series_2016_at_Lat_42.000_Lon_-78.125.csv,,,0.0160,,,,,,,0.0213,
node_1_solar_at_Lat_42.000_Lon_-77.500,fixed_generator,,node_1,Solar_time_series_by_year/Solar_time_series_2016_at_Lat_42.000_Lon_-77.500.csv,,,0.0148,,,,,,,0.1063,
node_1_wind_at_Lat_42.000_Lon_-77.500,fixed_generator,,node_1,Wind_time_series_by_year/Wind_time_series_2016_at_Lat_42.000_Lon_-77.500.csv,,,0.0160,,,,,,,0.0213,
node_1_solar_at_Lat_42.000_Lon_-76.875,fixed_generator,,node_1,Solar_time_series_by_year/Solar_time_series_2016_at_Lat_42.000_Lon_-76.875.csv,,,0.0148,,,,,,,0.1063,
node_1_wind_at_Lat_42.000_Lon_-76.875,fixed_generator,,node_1,Wind_time_series_by_year/Wind_time_series_2016_at_Lat_42.000_Lon_-76.875.csv,,,0.0160,,,,,,,0.0213,
node_1_solar_at_Lat_42.000_Lon_-76.250,fixed_generator,,node_1,Solar_time_series_by_year/Solar_time_series_2016_at_Lat_42.000_Lon_-76.250.csv,,,0.0148,,,,,,,0.1063,
node_1_wind_at_Lat_42.000_Lon_-76.250,fixed_generator,,node_1,Wind_time_series_by_year/Wind_time_series_2016_at_Lat_42.000_Lon_-76.250.csv,,,0.0160,,,,,,,0.0213,
node_1_solar_at_Lat_42.000_Lon_-75.625,fixed_generator,,node_1,Solar_time_series_by_year/Solar_time_series_2016_at_Lat_42.000_Lon_-75.625.csv,,,0.0148,,,,,,,0.1063,
node_1_wind_at_Lat_42.000_Lon_-75.625,fixed_generator,,node_1,Wind_time_series_by_year/Wind_time_series_2016_at_Lat_42.000_Lon_-75.625.csv,,,0.0160,,,,,,,0.0213,
node_1_solar_at_Lat_42.000_Lon_-75.000,fixed_generator,,node_1,Solar_time_series_by_year/Solar_time_series_2016_at_Lat_42.000_Lon_-75.000.csv,,,0.0148,,,,,,,0.1063,
node_1_wind_at_Lat_42.000_Lon_-75.000,fixed_generator,,node_1,Wind_time_series_by_year/Wind_time_series_2016_at_Lat_42.000_Lon_-75.000.csv,,,0.0160,,,,,,,0.0213,
node_1_solar_at_Lat_42.000_Lon_-74.375,fixed_generator,,node_1,Solar_time_series_by_year/Solar_time_series_2016_at_Lat_42.000_Lon_-74.375.csv,,,0.0148,,,,,,,0.1063,
node_1_wind_at_Lat_42.000_Lon_-74.375,fixed_generator,,node_1,Wind_time_series_by_year/Wind_time_series_2016_at_Lat_42.000_Lon_-74.375.csv,,,0.0160,,,,,,,0.0213,
node_1_solar_at_Lat_42.000_Lon_-73.750,fixed_generator,,node_1,Solar_time_series_by_year/Solar_time_series_2016_at_Lat_42.000_Lon_-73.750.csv,,,0.0148,,,,,,,0.1063,
node_1_wind_at_Lat_42.000_Lon_-73.750,fixed_generator,,node_1,Wind_time_series_by_year/Wind_time_series_2016_at_Lat_42.000_Lon_-73.750.csv,,,0.0160,,,,,,,0.0213,
node_1_solar_at_Lat_42.000_Lon_-73.125,fixed_generator,,node_1,Solar_time_series_by_year/Solar_time_series_2016_at_Lat_42.000_Lon_-73.125.csv,,,0.0148,,,,,,,0.1063,
node_1_wind_at_Lat_42.000_Lon_-73.125,fixed_generator,,node_1,Wind_time_series_by_year/Wind_time_series_2016_at_Lat_42.000_Lon_-73.125.csv,,,0.0160,,,,,,,0.0213,
node_1_solar_at_Lat_42.000_Lon_-72.500,fixed_generator,,node_1,Solar_time_series_by_year/Solar_time_series_2016_at_Lat_42.000_Lon_-72.500.csv,,,0.0148,,,,,,,0.1063,
node_1_wind_at_Lat_42.000_Lon_-72.500,fixed_generator,,node_1,Wind_time_series_by_year/Wind_time_series_2016_at_Lat_42.000_Lon_-72.500.csv,,,0.0160,,,,,,,0.0213,
node_1_solar_at_Lat_42.000_Lon_-71.875,fixed_generator,,node_1,Solar_time_series_by_year/Solar_time_series_2016_at_Lat_42.000_Lon_-71.875.csv,,,0.0148,,,,,,,0.1063,
node_1_wind_at_Lat_42.000_Lon_-71.875,fixed_generator,,node_1,Wind_time_series_by_year/Wind_time_series_2016_at_Lat_42.000_Lon_-71.875.csv,,,0.0160,,,,,,,0.0213,
node_1_solar_at_Lat_42.000_Lon_-71.250,fixed_generator,,node_1,Solar_time_series_by_year/Solar_time_series_2016_at_Lat_42.000_Lon_-71.250.csv,,,0.0148,,,,,,,0.1063,
node_1_wind_at_Lat_42.000_Lon_-71.250,fixed_generator,,node_1,Wind_time_series_by_year/Wind_time_series_2016_at_Lat_42.000_Lon_-71.250.csv,,,0.0160,,,,,,,0.0213,
node_1_solar_at_Lat_42.500_Lon_-124.375,fixed_generator,,node_1,Solar_time_series_by_year/Solar_time_series_2016_at_Lat_42.500_Lon_-124.375.csv,,,0.0148,,,,,,,0.1055,
node_1_wind_at_Lat_42.500_Lon_-124.375,fixed_generator,,node_1,Wind_time_series_by_year/Wind_time_series_2016_at_Lat_42.500_Lon_-124.375.csv,,,0.0160,,,,,,,0.0211,
node_1_solar_at_Lat_42.500_Lon_-123.750,fixed_generator,,node_1,Solar_time_series_by_year/Solar_time_series_2016_at_Lat_42.500_Lon_-123.750.csv,,,0.0148,,,,,,,0.1055,
node_1_wind_at_Lat_42.500_Lon_-123.750,fixed_generator,,node_1,Wind_time_series_by_year/Wind_time_series_2016_at_Lat_42.500_Lon_-123.750.csv,,,0.0160,,,,,,,0.0211,
node_1_solar_at_Lat_42.500_Lon_-123.125,fixed_generator,,node_1,Solar_time_series_by_year/Solar_time_series_2016_at_Lat_42.500_Lon_-123.125.csv,,,0.0148,,,,,,,0.1055,
node_1_wind_at_Lat_42.500_Lon_-123.125,fixed_generator,,node_1,Wind_time_series_by_year/Wind_time_series_2016_at_Lat_42.500_Lon_-123.125.csv,,,0.0160,,,,,,,0.0211,
node_1_solar_at_Lat_42.500_Lon_-122.500,fixed_generator,,node_1,Solar_time_series_by_year/Solar_time_series_2016_at_Lat_42.500_Lon_-122.500.csv,,,0.0148,,,,,,,0.1055,
node_1_wind_at_Lat_42.500_Lon_-122.500,fixed_generator,,node_1,Wind_time_series_by_year/Wind_time_series_2016_at_Lat_42.500_Lon_-122.500.csv,,,0.0160,,,,,,,0.0211,
node_1_solar_at_Lat_42.500_Lon_-121.875,fixed_generator,,node_1,Solar_time_series_by_year/Solar_time_series_2016_at_Lat_42.500_Lon_-121.875.csv,,,0.0148,,,,,,,0.1055,
node_1_wind_at_Lat_42.500_Lon_-121.875,fixed_generator,,node_1,Wind_time_series_by_year/Wind_time_series_2016_at_Lat_42.500_Lon_-121.875.csv,,,0.0160,,,,,,,0.0211,
node_1_solar_at_Lat_42.500_Lon_-121.250,fixed_generator,,node_1,Solar_time_series_by_year/Solar_time_series_2016_at_Lat_42.500_Lon_-121.250.csv,,,0.0148,,,,,,,0.1055,
node_1_wind_at_Lat_42.500_Lon_-121.250,fixed_generator,,node_1,Wind_time_series_by_year/Wind_time_series_2016_at_Lat_42.500_Lon_-121.250.csv,,,0.0160,,,,,,,0.0211,
node_1_solar_at_Lat_42.500_Lon_-120.625,fixed_generator,,node_1,Solar_time_series_by_year/Solar_time_series_2016_at_Lat_42.500_Lon_-120.625.csv,,,0.0148,,,,,,,0.1055,
node_1_wind_at_Lat_42.500_Lon_-120.625,fixed_generator,,node_1,Wind_time_series_by_year/Wind_time_series_2016_at_Lat_42.500_Lon_-120.625.csv,,,0.0160,,,,,,,0.0211,
node_1_solar_at_Lat_42.500_Lon_-120.000,fixed_generator,,node_1,Solar_time_series_by_year/Solar_time_series_2016_at_Lat_42.500_Lon_-120.000.csv,,,0.0148,,,,,,,0.1055,
node_1_wind_at_Lat_42.500_Lon_-120.000,fixed_generator,,node_1,Wind_time_series_by_year/Wind_time_series_2016_at_Lat_42.500_Lon_-120.000.csv,,,0.0160,,,,,,,0.0211,
node_1_solar_at_Lat_42.500_Lon_-119.375,fixed_generator,,node_1,Solar_time_series_by_year/Solar_time_series_2016_at_Lat_42.500_Lon_-119.375.csv,,,0.0148,,,,,,,0.1055,
node_1_wind_at_Lat_42.500_Lon_-119.375,fixed_generator,,node_1,Wind_time_series_by_year/Wind_time_series_2016_at_Lat_42.500_Lon_-119.375.csv,,,0.0160,,,,,,,0.0211,
node_1_solar_at_Lat_42.500_Lon_-118.750,fixed_generator,,node_1,Solar_time_series_by_year/Solar_time_series_2016_at_Lat_42.500_Lon_-118.750.csv,,,0.0148,,,,,,,0.1055,
node_1_wind_at_Lat_42.500_Lon_-118.750,fixed_generator,,node_1,Wind_time_series_by_year/Wind_time_series_2016_at_Lat_42.500_Lon_-118.750.csv,,,0.0160,,,,,,,0.0211,
node_1_solar_at_Lat_42.500_Lon_-118.125,fixed_generator,,node_1,Solar_time_series_by_year/Solar_time_series_2016_at_Lat_42.500_Lon_-118.125.csv,,,0.0148,,,,,,,0.1055,
node_1_wind_at_Lat_42.500_Lon_-118.125,fixed_generator,,node_1,Wind_time_series_by_year/Wind_time_series_2016_at_Lat_42.500_Lon_-118.125.csv,,,0.0160,,,,,,,0.0211,
node_1_solar_at_Lat_42.500_Lon_-117.500,fixed_generator,,node_1,Solar_time_series_by_year/Solar_time_series_2016_at_Lat_42.500_Lon_-117.500.csv,,,0.0148,,,,,,,0.1055,
node_1_wind_at_Lat_42.500_Lon_-117.500,fixed_generator,,node_1,Wind_time_series_by_year/Wind_time_series_2016_at_Lat_42.500_Lon_-117.500.csv,,,0.0160,,,,,,,0.0211,
node_1_solar_at_Lat_42.500_Lon_-116.875,fixed_generator,,node_1,Solar_time_series_by_year/Solar_time_series_2016_at_Lat_42.500_Lon_-116.875.csv,,,0.0148,,,,,,,0.1055,
node_1_wind_at_Lat_42.500_Lon_-116.875,fixed_generator,,node_1,Wind_time_series_by_year/Wind_time_series_2016_at_Lat_42.500_Lon_-116.875.csv,,,0.0160,,,,,,,0.0211,
node_1_solar_at_Lat_42.500_Lon_-116.250,fixed_generator,,node_1,Solar_time_series_by_year/Solar_time_series_2016_at_Lat_42.500_Lon_-116.250.csv,,,0.0148,,,,,,,0.1055,
node_1_wind_at_Lat_42.500_Lon_-116.250,fixed_generator,,node_1,Wind_time_series_by_year/Wind_time_series_2016_at_Lat_42.500_Lon_-116.250.csv,,,0.0160,,,,,,,0.0211,
node_1_solar_at_Lat_42.500_Lon_-115.625,fixed_generator,,node_1,Solar_time_series_by_year/Solar_time_series_2016_at_Lat_42.500_Lon_-115.625.csv,,,0.0148,,,,,,,0.1055,
node_1_wind_at_Lat_42.500_Lon_-115.625,fixed_generator,,node_1,Wind_time_series_by_year/Wind_time_series_2016_at_Lat_42.500_Lon_-115.625.csv,,,0.0160,,,,,,,0.0211,
node_1_solar_at_Lat_42.500_Lon_-115.000,fixed_generator,,node_1,Solar_time_series_by_year/Solar_time_series_2016_at_Lat_42.500_Lon_-115.000.csv,,,0.0148,,,,,,,0.1055,
node_1_wind_at_Lat_42.500_Lon_-115.000,fixed_generator,,node_1,Wind_time_series_by_year/Wind_time_series_2016_at_Lat_42.500_Lon_-115.000.csv,,,0.0160,,,,,,,0.0211,
node_1_solar_at_Lat_42.500_Lon_-114.375,fixed_generator,,node_1,Solar_time_series_by_year/Solar_time_series_2016_at_Lat_42.500_Lon_-114.375.csv,,,0.0148,,,,,,,0.1055,
node_1_wind_at_Lat_42.500_Lon_-114.375,fixed_generator,,node_1,Wind_time_series_by_year/Wind_time_series_2016_at_Lat_42.500_Lon_-114.375.csv,,,0.0160,,,,,,,0.0211,
node_1_solar_at_Lat_42.500_Lon_-113.750,fixed_generator,,node_1,Solar_time_series_by_year/Solar_time_series_2016_at_Lat_42.500_Lon_-113.750.csv,,,0.0148,,,,,,,0.1055,
node_1_wind_at_Lat_42.500_Lon_-113.750,fixed_generator,,node_1,Wind_time_series_by_year/Wind_time_series_2016_at_Lat_42.500_Lon_-113.750.csv,,,0.0160,,,,,,,0.0211,
node_1_solar_at_Lat_42.500_Lon_-113.125,fixed_generator,,node_1,Solar_time_series_by_year/Solar_time_series_2016_at_Lat_42.500_Lon_-113.125.csv,,,0.0148,,,,,,,0.1055,
node_1_wind_at_Lat_42.500_Lon_-113.125,fixed_generator,,node_1,Wind_time_series_by_year/Wind_time_series_2016_at_Lat_42.500_Lon_-113.125.csv,,,0.0160,,,,,,,0.0211,
node_1_solar_at_Lat_42.500_Lon_-112.500,fixed_generator,,node_1,Solar_time_series_by_year/Solar_time_series_2016_at_Lat_42.500_Lon_-112.500.csv,,,0.0148,,,,,,,0.1055,
node_1_wind_at_Lat_42.500_Lon_-112.500,fixed_generator,,node_1,Wind_time_series_by_year/Wind_time_series_2016_at_Lat_42.500_Lon_-112.500.csv,,,0.0160,,,,,,,0.0211,
node_1_solar_at_Lat_42.500_Lon_-111.875,fixed_generator,,node_1,Solar_time_series_by_year/Solar_time_series_2016_at_Lat_42.500_Lon_-111.875.csv,,,0.0148,,,,,,,0.1055,
node_1_wind_at_Lat_42.500_Lon_-111.875,fixed_generator,,node_1,Wind_time_series_by_year/Wind_time_series_2016_at_Lat_42.500_Lon_-111.875.csv,,,0.0160,,,,,,,0.0211,
node_1_solar_at_Lat_42.500_Lon_-111.250,fixed_generator,,node_1,Solar_time_series_by_year/Solar_time_series_2016_at_Lat_42.500_Lon_-111.250.csv,,,0.0148,,,,,,,0.1055,
node_1_wind_at_Lat_42.500_Lon_-111.250,fixed_generator,,node_1,Wind_time_series_by_year/Wind_time_series_2016_at_Lat_42.500_Lon_-111.250.csv,,,0.0160,,,,,,,0.0211,
node_1_solar_at_Lat_42.500_Lon_-110.625,fixed_generator,,node_1,Solar_time_series_by_year/Solar_time_series_2016_at_Lat_42.500_Lon_-110.625.csv,,,0.0148,,,,,,,0.1055,
node_1_wind_at_Lat_42.500_Lon_-110.625,fixed_generator,,node_1,Wind_time_series_by_year/Wind_time_series_2016_at_Lat_42.500_Lon_-110.625.csv,,,0.0160,,,,,,,0.0211,
node_1_solar_at_Lat_42.500_Lon_-110.000,fixed_generator,,node_1,Solar_time_series_by_year/Solar_time_series_2016_at_Lat_42.500_Lon_-110.000.csv,,,0.0148,,,,,,,0.1055,
node_1_wind_at_Lat_42.500_Lon_-110.000,fixed_generator,,node_1,Wind_time_series_by_year/Wind_time_series_2016_at_Lat_42.500_Lon_-110.000.csv,,,0.0160,,,,,,,0.0211,
node_1_solar_at_Lat_42.500_Lon_-109.375,fixed_generator,,node_1,Solar_time_series_by_year/Solar_time_series_2016_at_Lat_42.500_Lon_-109.375.csv,,,0.0148,,,,,,,0.1055,
node_1_wind_at_Lat_42.500_Lon_-109.375,fixed_generator,,node_1,Wind_time_series_by_year/Wind_time_series_2016_at_Lat_42.500_Lon_-109.375.csv,,,0.0160,,,,,,,0.0211,
node_1_solar_at_Lat_42.500_Lon_-108.750,fixed_generator,,node_1,Solar_time_series_by_year/Solar_time_series_2016_at_Lat_42.500_Lon_-108.750.csv,,,0.0148,,,,,,,0.1055,
node_1_wind_at_Lat_42.500_Lon_-108.750,fixed_generator,,node_1,Wind_time_series_by_year/Wind_time_series_2016_at_Lat_42.500_Lon_-108.750.csv,,,0.0160,,,,,,,0.0211,
node_1_solar_at_Lat_42.500_Lon_-108.125,fixed_generator,,node_1,Solar_time_series_by_year/Solar_time_series_2016_at_Lat_42.500_Lon_-108.125.csv,,,0.0148,,,,,,,0.1055,
node_1_wind_at_Lat_42.500_Lon_-108.125,fixed_generator,,node_1,Wind_time_series_by_year/Wind_time_series_2016_at_Lat_42.500_Lon_-108.125.csv,,,0.0160,,,,,,,0.0211,
node_1_solar_at_Lat_42.500_Lon_-107.500,fixed_generator,,node_1,Solar_time_series_by_year/Solar_time_series_2016_at_Lat_42.500_Lon_-107.500.csv,,,0.0148,,,,,,,0.1055,
node_1_wind_at_Lat_42.500_Lon_-107.500,fixed_generator,,node_1,Wind_time_series_by_year/Wind_time_series_2016_at_Lat_42.500_Lon_-107.500.csv,,,0.0160,,,,,,,0.0211,
node_1_solar_at_Lat_42.500_Lon_-106.875,fixed_generator,,node_1,Solar_time_series_by_year/Solar_time_series_2016_at_Lat_42.500_Lon_-106.875.csv,,,0.0148,,,,,,,0.1055,
node_1_wind_at_Lat_42.500_Lon_-106.875,fixed_generator,,node_1,Wind_time_series_by_year/Wind_time_series_2016_at_Lat_42.500_Lon_-106.875.csv,,,0.0160,,,,,,,0.0211,
node_1_solar_at_Lat_42.500_Lon_-106.250,fixed_generator,,node_1,Solar_time_series_by_year/Solar_time_series_2016_at_Lat_42.500_Lon_-106.250.csv,,,0.0148,,,,,,,0.1055,
node_1_wind_at_Lat_42.500_Lon_-106.250,fixed_generator,,node_1,Wind_time_series_by_year/Wind_time_series_2016_at_Lat_42.500_Lon_-106.250.csv,,,0.0160,,,,,,,0.0211,
node_1_solar_at_Lat_42.500_Lon_-105.625,fixed_generator,,node_1,Solar_time_series_by_year/Solar_time_series_2016_at_Lat_42.500_Lon_-105.625.csv,,,0.0148,,,,,,,0.1055,
node_1_wind_at_Lat_42.500_Lon_-105.625,fixed_generator,,node_1,Wind_time_series_by_year/Wind_time_series_2016_at_Lat_42.500_Lon_-105.625.csv,,,0.0160,,,,,,,0.0211,
node_1_solar_at_Lat_42.500_Lon_-105.000,fixed_generator,,node_1,Solar_time_series_by_year/Solar_time_series_2016_at_Lat_42.500_Lon_-105.000.csv,,,0.0148,,,,,,,0.1055,
node_1_wind_at_Lat_42.500_Lon_-105.000,fixed_generator,,node_1,Wind_time_series_by_year/Wind_time_series_2016_at_Lat_42.500_Lon_-105.000.csv,,,0.0160,,,,,,,0.0211,
node_1_solar_at_Lat_42.500_Lon_-104.375,fixed_generator,,node_1,Solar_time_series_by_year/Solar_time_series_2016_at_Lat_42.500_Lon_-104.375.csv,,,0.0148,,,,,,,0.1055,
node_1_wind_at_Lat_42.500_Lon_-104.375,fixed_generator,,node_1,Wind_time_series_by_year/Wind_time_series_2016_at_Lat_42.500_Lon_-104.375.csv,,,0.0160,,,,,,,0.0211,
node_1_solar_at_Lat_42.500_Lon_-103.750,fixed_generator,,node_1,Solar_time_series_by_year/Solar_time_series_2016_at_Lat_42.500_Lon_-103.750.csv,,,0.0148,,,,,,,0.1055,
node_1_wind_at_Lat_42.500_Lon_-103.750,fixed_generator,,node_1,Wind_time_series_by_year/Wind_time_series_2016_at_Lat_42.500_Lon_-103.750.csv,,,0.0160,,,,,,,0.0211,
node_1_solar_at_Lat_42.500_Lon_-103.125,fixed_generator,,node_1,Solar_time_series_by_year/Solar_time_series_2016_at_Lat_42.500_Lon_-103.125.csv,,,0.0148,,,,,,,0.1055,
node_1_wind_at_Lat_42.500_Lon_-103.125,fixed_generator,,node_1,Wind_time_series_by_year/Wind_time_series_2016_at_Lat_42.500_Lon_-103.125.csv,,,0.0160,,,,,,,0.0211,
node_1_solar_at_Lat_42.500_Lon_-102.500,fixed_generator,,node_1,Solar_time_series_by_year/Solar_time_series_2016_at_Lat_42.500_Lon_-102.500.csv,,,0.0148,,,,,,,0.1055,
node_1_wind_at_Lat_42.500_Lon_-102.500,fixed_generator,,node_1,Wind_time_series_by_year/Wind_time_series_2016_at_Lat_42.500_Lon_-102.500.csv,,,0.0160,,,,,,,0.0211,
node_1_solar_at_Lat_42.500_Lon_-101.875,fixed_generator,,node_1,Solar_time_series_by_year/Solar_time_series_2016_at_Lat_42.500_Lon_-101.875.csv,,,0.0148,,,,,,,0.1055,
node_1_wind_at_Lat_42.500_Lon_-101.875,fixed_generator,,node_1,Wind_time_series_by_year/Wind_time_series_2016_at_Lat_42.500_Lon_-101.875.csv,,,0.0160,,,,,,,0.0211,
node_1_solar_at_Lat_42.500_Lon_-101.250,fixed_generator,,node_1,Solar_time_series_by_year/Solar_time_series_2016_at_Lat_42.500_Lon_-101.250.csv,,,0.0148,,,,,,,0.1055,
node_1_wind_at_Lat_42.500_Lon_-101.250,fixed_generator,,node_1,Wind_time_series_by_year/Wind_time_series_2016_at_Lat_42.500_Lon_-101.250.csv,,,0.0160,,,,,,,0.0211,
node_1_solar_at_Lat_42.500_Lon_-100.625,fixed_generator,,node_1,Solar_time_series_by_year/Solar_time_series_2016_at_Lat_42.500_Lon_-100.625.csv,,,0.0148,,,,,,,0.1055,
node_1_wind_at_Lat_42.500_Lon_-100.625,fixed_generator,,node_1,Wind_time_series_by_year/Wind_time_series_2016_at_Lat_42.500_Lon_-100.625.csv,,,0.0160,,,,,,,0.0211,
node_1_solar_at_Lat_42.500_Lon_-100.000,fixed_generator,,node_1,Solar_time_series_by_year/Solar_time_series_2016_at_Lat_42.500_Lon_-100.000.csv,,,0.0148,,,,,,,0.1055,
node_1_wind_at_Lat_42.500_Lon_-100.000,fixed_generator,,node_1,Wind_time_series_by_year/Wind_time_series_2016_at_Lat_42.500_Lon_-100.000.csv,,,0.0160,,,,,,,0.0211,
node_1_solar_at_Lat_42.500_Lon_-99.375,fixed_generator,,node_1,Solar_time_series_by_year/Solar_time_series_2016_at_Lat_42.500_Lon_-99.375.csv,,,0.0148,,,,,,,0.1055,
node_1_wind_at_Lat_42.500_Lon_-99.375,fixed_generator,,node_1,Wind_time_series_by_year/Wind_time_series_2016_at_Lat_42.500_Lon_-99.375.csv,,,0.0160,,,,,,,0.0211,
node_1_solar_at_Lat_42.500_Lon_-98.750,fixed_generator,,node_1,Solar_time_series_by_year/Solar_time_series_2016_at_Lat_42.500_Lon_-98.750.csv,,,0.0148,,,,,,,0.1055,
node_1_wind_at_Lat_42.500_Lon_-98.750,fixed_generator,,node_1,Wind_time_series_by_year/Wind_time_series_2016_at_Lat_42.500_Lon_-98.750.csv,,,0.0160,,,,,,,0.0211,
node_1_solar_at_Lat_42.500_Lon_-98.125,fixed_generator,,node_1,Solar_time_series_by_year/Solar_time_series_2016_at_Lat_42.500_Lon_-98.125.csv,,,0.0148,,,,,,,0.1055,
node_1_wind_at_Lat_42.500_Lon_-98.125,fixed_generator,,node_1,Wind_time_series_by_year/Wind_time_series_2016_at_Lat_42.500_Lon_-98.125.csv,,,0.0160,,,,,,,0.0211,
node_1_solar_at_Lat_42.500_Lon_-97.500,fixed_generator,,node_1,Solar_time_series_by_year/Solar_time_series_2016_at_Lat_42.500_Lon_-97.500.csv,,,0.0148,,,,,,,0.1055,
node_1_wind_at_Lat_42.500_Lon_-97.500,fixed_generator,,node_1,Wind_time_series_by_year/Wind_time_series_2016_at_Lat_42.500_Lon_-97.500.csv,,,0.0160,,,,,,,0.0211,
node_1_solar_at_Lat_42.500_Lon_-96.875,fixed_generator,,node_1,Solar_time_series_by_year/Solar_time_series_2016_at_Lat_42.500_Lon_-96.875.csv,,,0.0148,,,,,,,0.1055,
node_1_wind_at_Lat_42.500_Lon_-96.875,fixed_generator,,node_1,Wind_time_series_by_year/Wind_time_series_2016_at_Lat_42.500_Lon_-96.875.csv,,,0.0160,,,,,,,0.0211,
node_1_solar_at_Lat_42.500_Lon_-96.250,fixed_generator,,node_1,Solar_time_series_by_year/Solar_time_series_2016_at_Lat_42.500_Lon_-96.250.csv,,,0.0148,,,,,,,0.1055,
node_1_wind_at_Lat_42.500_Lon_-96.250,fixed_generator,,node_1,Wind_time_series_by_year/Wind_time_series_2016_at_Lat_42.500_Lon_-96.250.csv,,,0.0160,,,,,,,0.0211,
node_1_solar_at_Lat_42.500_Lon_-95.625,fixed_generator,,node_1,Solar_time_series_by_year/Solar_time_series_2016_at_Lat_42.500_Lon_-95.625.csv,,,0.0148,,,,,,,0.1055,
node_1_wind_at_Lat_42.500_Lon_-95.625,fixed_generator,,node_1,Wind_time_series_by_year/Wind_time_series_2016_at_Lat_42.500_Lon_-95.625.csv,,,0.0160,,,,,,,0.0211,
node_1_solar_at_Lat_42.500_Lon_-95.000,fixed_generator,,node_1,Solar_time_series_by_year/Solar_time_series_2016_at_Lat_42.500_Lon_-95.000.csv,,,0.0148,,,,,,,0.1055,
node_1_wind_at_Lat_42.500_Lon_-95.000,fixed_generator,,node_1,Wind_time_series_by_year/Wind_time_series_2016_at_Lat_42.500_Lon_-95.000.csv,,,0.0160,,,,,,,0.0211,
node_1_solar_at_Lat_42.500_Lon_-94.375,fixed_generator,,node_1,Solar_time_series_by_year/Solar_time_series_2016_at_Lat_42.500_Lon_-94.375.csv,,,0.0148,,,,,,,0.1055,
node_1_wind_at_Lat_42.500_Lon_-94.375,fixed_generator,,node_1,Wind_time_series_by_year/Wind_time_series_2016_at_Lat_42.500_Lon_-94.375.csv,,,0.0160,,,,,,,0.0211,
node_1_solar_at_Lat_42.500_Lon_-93.750,fixed_generator,,node_1,Solar_time_series_by_year/Solar_time_series_2016_at_Lat_42.500_Lon_-93.750.csv,,,0.0148,,,,,,,0.1055,
node_1_wind_at_Lat_42.500_Lon_-93.750,fixed_generator,,node_1,Wind_time_series_by_year/Wind_time_series_2016_at_Lat_42.500_Lon_-93.750.csv,,,0.0160,,,,,,,0.0211,
node_1_solar_at_Lat_42.500_Lon_-93.125,fixed_generator,,node_1,Solar_time_series_by_year/Solar_time_series_2016_at_Lat_42.500_Lon_-93.125.csv,,,0.0148,,,,,,,0.1055,
node_1_wind_at_Lat_42.500_Lon_-93.125,fixed_generator,,node_1,Wind_time_series_by_year/Wind_time_series_2016_at_Lat_42.500_Lon_-93.125.csv,,,0.0160,,,,,,,0.0211,
node_1_solar_at_Lat_42.500_Lon_-92.500,fixed_generator,,node_1,Solar_time_series_by_year/Solar_time_series_2016_at_Lat_42.500_Lon_-92.500.csv,,,0.0148,,,,,,,0.1055,
node_1_wind_at_Lat_42.500_Lon_-92.500,fixed_generator,,node_1,Wind_time_series_by_year/Wind_time_series_2016_at_Lat_42.500_Lon_-92.500.csv,,,0.0160,,,,,,,0.0211,
node_1_solar_at_Lat_42.500_Lon_-91.875,fixed_generator,,node_1,Solar_time_series_by_year/Solar_time_series_2016_at_Lat_42.500_Lon_-91.875.csv,,,0.0148,,,,,,,0.1055,
node_1_wind_at_Lat_42.500_Lon_-91.875,fixed_generator,,node_1,Wind_time_series_by_year/Wind_time_series_2016_at_Lat_42.500_Lon_-91.875.csv,,,0.0160,,,,,,,0.0211,
node_1_solar_at_Lat_42.500_Lon_-91.250,fixed_generator,,node_1,Solar_time_series_by_year/Solar_time_series_2016_at_Lat_42.500_Lon_-91.250.csv,,,0.0148,,,,,,,0.1055,
node_1_wind_at_Lat_42.500_Lon_-91.250,fixed_generator,,node_1,Wind_time_series_by_year/Wind_time_series_2016_at_Lat_42.500_Lon_-91.250.csv,,,0.0160,,,,,,,0.0211,
node_1_solar_at_Lat_42.500_Lon_-90.625,fixed_generator,,node_1,Solar_time_series_by_year/Solar_time_series_2016_at_Lat_42.500_Lon_-90.625.csv,,,0.0148,,,,,,,0.1055,
node_1_wind_at_Lat_42.500_Lon_-90.625,fixed_generator,,node_1,Wind_time_series_by_year/Wind_time_series_2016_at_Lat_42.500_Lon_-90.625.csv,,,0.0160,,,,,,,0.0211,
node_1_solar_at_Lat_42.500_Lon_-90.000,fixed_generator,,node_1,Solar_time_series_by_year/Solar_time_series_2016_at_Lat_42.500_Lon_-90.000.csv,,,0.0148,,,,,,,0.1055,
node_1_wind_at_Lat_42.500_Lon_-90.000,fixed_generator,,node_1,Wind_time_series_by_year/Wind_time_series_2016_at_Lat_42.500_Lon_-90.000.csv,,,0.0160,,,,,,,0.0211,
node_1_solar_at_Lat_42.500_Lon_-89.375,fixed_generator,,node_1,Solar_time_series_by_year/Solar_time_series_2016_at_Lat_42.500_Lon_-89.375.csv,,,0.0148,,,,,,,0.1055,
node_1_wind_at_Lat_42.500_Lon_-89.375,fixed_generator,,node_1,Wind_time_series_by_year/Wind_time_series_2016_at_Lat_42.500_Lon_-89.375.csv,,,0.0160,,,,,,,0.0211,
node_1_solar_at_Lat_42.500_Lon_-88.750,fixed_generator,,node_1,Solar_time_series_by_year/Solar_time_series_2016_at_Lat_42.500_Lon_-88.750.csv,,,0.0148,,,,,,,0.1055,
node_1_wind_at_Lat_42.500_Lon_-88.750,fixed_generator,,node_1,Wind_time_series_by_year/Wind_time_series_2016_at_Lat_42.500_Lon_-88.750.csv,,,0.0160,,,,,,,0.0211,
node_1_solar_at_Lat_42.500_Lon_-88.125,fixed_generator,,node_1,Solar_time_series_by_year/Solar_time_series_2016_at_Lat_42.500_Lon_-88.125.csv,,,0.0148,,,,,,,0.1055,
node_1_wind_at_Lat_42.500_Lon_-88.125,fixed_generator,,node_1,Wind_time_series_by_year/Wind_time_series_2016_at_Lat_42.500_Lon_-88.125.csv,,,0.0160,,,,,,,0.0211,
node_1_solar_at_Lat_42.500_Lon_-86.250,fixed_generator,,node_1,Solar_time_series_by_year/Solar_time_series_2016_at_Lat_42.500_Lon_-86.250.csv,,,0.0148,,,,,,,0.1055,
node_1_wind_at_Lat_42.500_Lon_-86.250,fixed_generator,,node_1,Wind_time_series_by_year/Wind_time_series_2016_at_Lat_42.500_Lon_-86.250.csv,,,0.0160,,,,,,,0.0211,
node_1_solar_at_Lat_42.500_Lon_-85.625,fixed_generator,,node_1,Solar_time_series_by_year/Solar_time_series_2016_at_Lat_42.500_Lon_-85.625.csv,,,0.0148,,,,,,,0.1055,
node_1_wind_at_Lat_42.500_Lon_-85.625,fixed_generator,,node_1,Wind_time_series_by_year/Wind_time_series_2016_at_Lat_42.500_Lon_-85.625.csv,,,0.0160,,,,,,,0.0211,
node_1_solar_at_Lat_42.500_Lon_-85.000,fixed_generator,,node_1,Solar_time_series_by_year/Solar_time_series_2016_at_Lat_42.500_Lon_-85.000.csv,,,0.0148,,,,,,,0.1055,
node_1_wind_at_Lat_42.500_Lon_-85.000,fixed_generator,,node_1,Wind_time_series_by_year/Wind_time_series_2016_at_Lat_42.500_Lon_-85.000.csv,,,0.0160,,,,,,,0.0211,
node_1_solar_at_Lat_42.500_Lon_-84.375,fixed_generator,,node_1,Solar_time_series_by_year/Solar_time_series_2016_at_Lat_42.500_Lon_-84.375.csv,,,0.0148,,,,,,,0.1055,
node_1_wind_at_Lat_42.500_Lon_-84.375,fixed_generator,,node_1,Wind_time_series_by_year/Wind_time_series_2016_at_Lat_42.500_Lon_-84.375.csv,,,0.0160,,,,,,,0.0211,
node_1_solar_at_Lat_42.500_Lon_-83.750,fixed_generator,,node_1,Solar_time_series_by_year/Solar_time_series_2016_at_Lat_42.500_Lon_-83.750.csv,,,0.0148,,,,,,,0.1055,
node_1_wind_at_Lat_42.500_Lon_-83.750,fixed_generator,,node_1,Wind_time_series_by_year/Wind_time_series_2016_at_Lat_42.500_Lon_-83.750.csv,,,0.0160,,,,,,,0.0211,
node_1_solar_at_Lat_42.500_Lon_-83.125,fixed_generator,,node_1,Solar_time_series_by_year/Solar_time_series_2016_at_Lat_42.500_Lon_-83.125.csv,,,0.0148,,,,,,,0.1055,
node_1_wind_at_Lat_42.500_Lon_-83.125,fixed_generator,,node_1,Wind_time_series_by_year/Wind_time_series_2016_at_Lat_42.500_Lon_-83.125.csv,,,0.0160,,,,,,,0.0211,
node_1_solar_at_Lat_42.500_Lon_-78.750,fixed_generator,,node_1,Solar_time_series_by_year/Solar_time_series_2016_at_Lat_42.500_Lon_-78.750.csv,,,0.0148,,,,,,,0.1055,
node_1_wind_at_Lat_42.500_Lon_-78.750,fixed_generator,,node_1,Wind_time_series_by_year/Wind_time_series_2016_at_Lat_42.500_Lon_-78.750.csv,,,0.0160,,,,,,,0.0211,
node_1_solar_at_Lat_42.500_Lon_-78.125,fixed_generator,,node_1,Solar_time_series_by_year/Solar_time_series_2016_at_Lat_42.500_Lon_-78.125.csv,,,0.0148,,,,,,,0.1055,
node_1_wind_at_Lat_42.500_Lon_-78.125,fixed_generator,,node_1,Wind_time_series_by_year/Wind_time_series_2016_at_Lat_42.500_Lon_-78.125.csv,,,0.0160,,,,,,,0.0211,
node_1_solar_at_Lat_42.500_Lon_-77.500,fixed_generator,,node_1,Solar_time_series_by_year/Solar_time_series_2016_at_Lat_42.500_Lon_-77.500.csv,,,0.0148,,,,,,,0.1055,
node_1_wind_at_Lat_42.500_Lon_-77.500,fixed_generator,,node_1,Wind_time_series_by_year/Wind_time_series_2016_at_Lat_42.500_Lon_-77.500.csv,,,0.0160,,,,,,,0.0211,
node_1_solar_at_Lat_42.500_Lon_-76.875,fixed_generator,,node_1,Solar_time_series_by_year/Solar_time_series_2016_at_Lat_42.500_Lon_-76.875.csv,,,0.0148,,,,,,,0.1055,
node_1_wind_at_Lat_42.500_Lon_-76.875,fixed_generator,,node_1,Wind_time_series_by_year/Wind_time_series_2016_at_Lat_42.500_Lon_-76.875.csv,,,0.0160,,,,,,,0.0211,
node_1_solar_at_Lat_42.500_Lon_-76.250,fixed_generator,,node_1,Solar_time_series_by_year/Solar_time_series_2016_at_Lat_42.500_Lon_-76.250.csv,,,0.0148,,,,,,,0.1055,
node_1_wind_at_Lat_42.500_Lon_-76.250,fixed_generator,,node_1,Wind_time_series_by_year/Wind_time_series_2016_at_Lat_42.500_Lon_-76.250.csv,,,0.0160,,,,,,,0.0211,
node_1_solar_at_Lat_42.500_Lon_-75.625,fixed_generator,,node_1,Solar_time_series_by_year/Solar_time_series_2016_at_Lat_42.500_Lon_-75.625.csv,,,0.0148,,,,,,,0.1055,
node_1_wind_at_Lat_42.500_Lon_-75.625,fixed_generator,,node_1,Wind_time_series_by_year/Wind_time_series_2016_at_Lat_42.500_Lon_-75.625.csv,,,0.0160,,,,,,,0.0211,
node_1_solar_at_Lat_42.500_Lon_-75.000,fixed_generator,,node_1,Solar_time_series_by_year/Solar_time_series_2016_at_Lat_42.500_Lon_-75.000.csv,,,0.0148,,,,,,,0.1055,
node_1_wind_at_Lat_42.500_Lon_-75.000,fixed_generator,,node_1,Wind_time_series_by_year/Wind_time_series_2016_at_Lat_42.500_Lon_-75.000.csv,,,0.0160,,,,,,,0.0211,
node_1_solar_at_Lat_42.500_Lon_-74.375,fixed_generator,,node_1,Solar_time_series_by_year/Solar_time_series_2016_at_Lat_42.500_Lon_-74.375.csv,,,0.0148,,,,,,,0.1055,
node_1_wind_at_Lat_42.500_Lon_-74.375,fixed_generator,,node_1,Wind_time_series_by_year/Wind_time_series_2016_at_Lat_42.500_Lon_-74.375.csv,,,0.0160,,,,,,,0.0211,
node_1_solar_at_Lat_42.500_Lon_-73.750,fixed_generator,,node_1,Solar_time_series_by_year/Solar_time_series_2016_at_Lat_42.500_Lon_-73.750.csv,,,0.0148,,,,,,,0.1055,
node_1_wind_at_Lat_42.500_Lon_-73.750,fixed_generator,,node_1,Wind_time_series_by_year/Wind_time_series_2016_at_Lat_42.500_Lon_-73.750.csv,,,0.0160,,,,,,,0.0211,
node_1_solar_at_Lat_42.500_Lon_-73.125,fixed_generator,,node_1,Solar_time_series_by_year/Solar_time_series_2016_at_Lat_42.500_Lon_-73.125.csv,,,0.0148,,,,,,,0.1055,
node_1_wind_at_Lat_42.500_Lon_-73.125,fixed_generator,,node_1,Wind_time_series_by_year/Wind_time_series_2016_at_Lat_42.500_Lon_-73.125.csv,,,0.0160,,,,,,,0.0211,
node_1_solar_at_Lat_42.500_Lon_-72.500,fixed_generator,,node_1,Solar_time_series_by_year/Solar_time_series_2016_at_Lat_42.500_Lon_-72.500.csv,,,0.0148,,,,,,,0.1055,
node_1_wind_at_Lat_42.500_Lon_-72.500,fixed_generator,,node_1,Wind_time_series_by_year/Wind_time_series_2016_at_Lat_42.500_Lon_-72.500.csv,,,0.0160,,,,,,,0.0211,
node_1_solar_at_Lat_42.500_Lon_-71.875,fixed_generator,,node_1,Solar_time_series_by_year/Solar_time_series_2016_at_Lat_42.500_Lon_-71.875.csv,,,0.0148,,,,,,,0.1055,
node_1_wind_at_Lat_42.500_Lon_-71.875,fixed_generator,,node_1,Wind_time_series_by_year/Wind_time_series_2016_at_Lat_42.500_Lon_-71.875.csv,,,0.0160,,,,,,,0.0211,
node_1_solar_at_Lat_42.500_Lon_-71.250,fixed_generator,,node_1,Solar_time_series_by_year/Solar_time_series_2016_at_Lat_42.500_Lon_-71.250.csv,,,0.0148,,,,,,,0.1055,
node_1_wind_at_Lat_42.500_Lon_-71.250,fixed_generator,,node_1,Wind_time_series_by_year/Wind_time_series_2016_at_Lat_42.500_Lon_-71.250.csv,,,0.0160,,,,,,,0.0211,
node_1_solar_at_Lat_43.000_Lon_-124.375,fixed_generator,,node_1,Solar_time_series_by_year/Solar_time_series_2016_at_Lat_43.000_Lon_-124.375.csv,,,0.0148,,,,,,,0.1047,
node_1_wind_at_Lat_43.000_Lon_-124.375,fixed_generator,,node_1,Wind_time_series_by_year/Wind_time_series_2016_at_Lat_43.000_Lon_-124.375.csv,,,0.0160,,,,,,,0.0209,
node_1_solar_at_Lat_43.000_Lon_-123.750,fixed_generator,,node_1,Solar_time_series_by_year/Solar_time_series_2016_at_Lat_43.000_Lon_-123.750.csv,,,0.0148,,,,,,,0.1047,
node_1_wind_at_Lat_43.000_Lon_-123.750,fixed_generator,,node_1,Wind_time_series_by_year/Wind_time_series_2016_at_Lat_43.000_Lon_-123.750.csv,,,0.0160,,,,,,,0.0209,
node_1_solar_at_Lat_43.000_Lon_-123.125,fixed_generator,,node_1,Solar_time_series_by_year/Solar_time_series_2016_at_Lat_43.000_Lon_-123.125.csv,,,0.0148,,,,,,,0.1047,
node_1_wind_at_Lat_43.000_Lon_-123.125,fixed_generator,,node_1,Wind_time_series_by_year/Wind_time_series_2016_at_Lat_43.000_Lon_-123.125.csv,,,0.0160,,,,,,,0.0209,
node_1_solar_at_Lat_43.000_Lon_-122.500,fixed_generator,,node_1,Solar_time_series_by_year/Solar_time_series_2016_at_Lat_43.000_Lon_-122.500.csv,,,0.0148,,,,,,,0.1047,
node_1_wind_at_Lat_43.000_Lon_-122.500,fixed_generator,,node_1,Wind_time_series_by_year/Wind_time_series_2016_at_Lat_43.000_Lon_-122.500.csv,,,0.0160,,,,,,,0.0209,
node_1_solar_at_Lat_43.000_Lon_-121.875,fixed_generator,,node_1,Solar_time_series_by_year/Solar_time_series_2016_at_Lat_43.000_Lon_-121.875.csv,,,0.0148,,,,,,,0.1047,
node_1_wind_at_Lat_43.000_Lon_-121.875,fixed_generator,,node_1,Wind_time_series_by_year/Wind_time_series_2016_at_Lat_43.000_Lon_-121.875.csv,,,0.0160,,,,,,,0.0209,
node_1_solar_at_Lat_43.000_Lon_-121.250,fixed_generator,,node_1,Solar_time_series_by_year/Solar_time_series_2016_at_Lat_43.000_Lon_-121.250.csv,,,0.0148,,,,,,,0.1047,
node_1_wind_at_Lat_43.000_Lon_-121.250,fixed_generator,,node_1,Wind_time_series_by_year/Wind_time_series_2016_at_Lat_43.000_Lon_-121.250.csv,,,0.0160,,,,,,,0.0209,
node_1_solar_at_Lat_43.000_Lon_-120.625,fixed_generator,,node_1,Solar_time_series_by_year/Solar_time_series_2016_at_Lat_43.000_Lon_-120.625.csv,,,0.0148,,,,,,,0.1047,
node_1_wind_at_Lat_43.000_Lon_-120.625,fixed_generator,,node_1,Wind_time_series_by_year/Wind_time_series_2016_at_Lat_43.000_Lon_-120.625.csv,,,0.0160,,,,,,,0.0209,
node_1_solar_at_Lat_43.000_Lon_-120.000,fixed_generator,,node_1,Solar_time_series_by_year/Solar_time_series_2016_at_Lat_43.000_Lon_-120.000.csv,,,0.0148,,,,,,,0.1047,
node_1_wind_at_Lat_43.000_Lon_-120.000,fixed_generator,,node_1,Wind_time_series_by_year/Wind_time_series_2016_at_Lat_43.000_Lon_-120.000.csv,,,0.0160,,,,,,,0.0209,
node_1_solar_at_Lat_43.000_Lon_-119.375,fixed_generator,,node_1,Solar_time_series_by_year/Solar_time_series_2016_at_Lat_43.000_Lon_-119.375.csv,,,0.0148,,,,,,,0.1047,
node_1_wind_at_Lat_43.000_Lon_-119.375,fixed_generator,,node_1,Wind_time_series_by_year/Wind_time_series_2016_at_Lat_43.000_Lon_-119.375.csv,,,0.0160,,,,,,,0.0209,
node_1_solar_at_Lat_43.000_Lon_-118.750,fixed_generator,,node_1,Solar_time_series_by_year/Solar_time_series_2016_at_Lat_43.000_Lon_-118.750.csv,,,0.0148,,,,,,,0.1047,
node_1_wind_at_Lat_43.000_Lon_-118.750,fixed_generator,,node_1,Wind_time_series_by_year/Wind_time_series_2016_at_Lat_43.000_Lon_-118.750.csv,,,0.0160,,,,,,,0.0209,
node_1_solar_at_Lat_43.000_Lon_-118.125,fixed_generator,,node_1,Solar_time_series_by_year/Solar_time_series_2016_at_Lat_43.000_Lon_-118.125.csv,,,0.0148,,,,,,,0.1047,
node_1_wind_at_Lat_43.000_Lon_-118.125,fixed_generator,,node_1,Wind_time_series_by_year/Wind_time_series_2016_at_Lat_43.000_Lon_-118.125.csv,,,0.0160,,,,,,,0.0209,
node_1_solar_at_Lat_43.000_Lon_-117.500,fixed_generator,,node_1,Solar_time_series_by_year/Solar_time_series_2016_at_Lat_43.000_Lon_-117.500.csv,,,0.0148,,,,,,,0.1047,
node_1_wind_at_Lat_43.000_Lon_-117.500,fixed_generator,,node_1,Wind_time_series_by_year/Wind_time_series_2016_at_Lat_43.000_Lon_-117.500.csv,,,0.0160,,,,,,,0.0209,
node_1_solar_at_Lat_43.000_Lon_-116.875,fixed_generator,,node_1,Solar_time_series_by_year/Solar_time_series_2016_at_Lat_43.000_Lon_-116.875.csv,,,0.0148,,,,,,,0.1047,
node_1_wind_at_Lat_43.000_Lon_-116.875,fixed_generator,,node_1,Wind_time_series_by_year/Wind_time_series_2016_at_Lat_43.000_Lon_-116.875.csv,,,0.0160,,,,,,,0.0209,
node_1_solar_at_Lat_43.000_Lon_-116.250,fixed_generator,,node_1,Solar_time_series_by_year/Solar_time_series_2016_at_Lat_43.000_Lon_-116.250.csv,,,0.0148,,,,,,,0.1047,
node_1_wind_at_Lat_43.000_Lon_-116.250,fixed_generator,,node_1,Wind_time_series_by_year/Wind_time_series_2016_at_Lat_43.000_Lon_-116.250.csv,,,0.0160,,,,,,,0.0209,
node_1_solar_at_Lat_43.000_Lon_-115.625,fixed_generator,,node_1,Solar_time_series_by_year/Solar_time_series_2016_at_Lat_43.000_Lon_-115.625.csv,,,0.0148,,,,,,,0.1047,
node_1_wind_at_Lat_43.000_Lon_-115.625,fixed_generator,,node_1,Wind_time_series_by_year/Wind_time_series_2016_at_Lat_43.000_Lon_-115.625.csv,,,0.0160,,,,,,,0.0209,
node_1_solar_at_Lat_43.000_Lon_-115.000,fixed_generator,,node_1,Solar_time_series_by_year/Solar_time_series_2016_at_Lat_43.000_Lon_-115.000.csv,,,0.0148,,,,,,,0.1047,
node_1_wind_at_Lat_43.000_Lon_-115.000,fixed_generator,,node_1,Wind_time_series_by_year/Wind_time_series_2016_at_Lat_43.000_Lon_-115.000.csv,,,0.0160,,,,,,,0.0209,
node_1_solar_at_Lat_43.000_Lon_-114.375,fixed_generator,,node_1,Solar_time_series_by_year/Solar_time_series_2016_at_Lat_43.000_Lon_-114.375.csv,,,0.0148,,,,,,,0.1047,
node_1_wind_at_Lat_43.000_Lon_-114.375,fixed_generator,,node_1,Wind_time_series_by_year/Wind_time_series_2016_at_Lat_43.000_Lon_-114.375.csv,,,0.0160,,,,,,,0.0209,
node_1_solar_at_Lat_43.000_Lon_-113.750,fixed_generator,,node_1,Solar_time_series_by_year/Solar_time_series_2016_at_Lat_43.000_Lon_-113.750.csv,,,0.0148,,,,,,,0.1047,
node_1_wind_at_Lat_43.000_Lon_-113.750,fixed_generator,,node_1,Wind_time_series_by_year/Wind_time_series_2016_at_Lat_43.000_Lon_-113.750.csv,,,0.0160,,,,,,,0.0209,
node_1_solar_at_Lat_43.000_Lon_-113.125,fixed_generator,,node_1,Solar_time_series_by_year/Solar_time_series_2016_at_Lat_43.000_Lon_-113.125.csv,,,0.0148,,,,,,,0.1047,
node_1_wind_at_Lat_43.000_Lon_-113.125,fixed_generator,,node_1,Wind_time_series_by_year/Wind_time_series_2016_at_Lat_43.000_Lon_-113.125.csv,,,0.0160,,,,,,,0.0209,
node_1_solar_at_Lat_43.000_Lon_-112.500,fixed_generator,,node_1,Solar_time_series_by_year/Solar_time_series_2016_at_Lat_43.000_Lon_-112.500.csv,,,0.0148,,,,,,,0.1047,
node_1_wind_at_Lat_43.000_Lon_-112.500,fixed_generator,,node_1,Wind_time_series_by_year/Wind_time_series_2016_at_Lat_43.000_Lon_-112.500.csv,,,0.0160,,,,,,,0.0209,
node_1_solar_at_Lat_43.000_Lon_-111.875,fixed_generator,,node_1,Solar_time_series_by_year/Solar_time_series_2016_at_Lat_43.000_Lon_-111.875.csv,,,0.0148,,,,,,,0.1047,
node_1_wind_at_Lat_43.000_Lon_-111.875,fixed_generator,,node_1,Wind_time_series_by_year/Wind_time_series_2016_at_Lat_43.000_Lon_-111.875.csv,,,0.0160,,,,,,,0.0209,
node_1_solar_at_Lat_43.000_Lon_-111.250,fixed_generator,,node_1,Solar_time_series_by_year/Solar_time_series_2016_at_Lat_43.000_Lon_-111.250.csv,,,0.0148,,,,,,,0.1047,
node_1_wind_at_Lat_43.000_Lon_-111.250,fixed_generator,,node_1,Wind_time_series_by_year/Wind_time_series_2016_at_Lat_43.000_Lon_-111.250.csv,,,0.0160,,,,,,,0.0209,
node_1_solar_at_Lat_43.000_Lon_-110.625,fixed_generator,,node_1,Solar_time_series_by_year/Solar_time_series_2016_at_Lat_43.000_Lon_-110.625.csv,,,0.0148,,,,,,,0.1047,
node_1_wind_at_Lat_43.000_Lon_-110.625,fixed_generator,,node_1,Wind_time_series_by_year/Wind_time_series_2016_at_Lat_43.000_Lon_-110.625.csv,,,0.0160,,,,,,,0.0209,
node_1_solar_at_Lat_43.000_Lon_-110.000,fixed_generator,,node_1,Solar_time_series_by_year/Solar_time_series_2016_at_Lat_43.000_Lon_-110.000.csv,,,0.0148,,,,,,,0.1047,
node_1_wind_at_Lat_43.000_Lon_-110.000,fixed_generator,,node_1,Wind_time_series_by_year/Wind_time_series_2016_at_Lat_43.000_Lon_-110.000.csv,,,0.0160,,,,,,,0.0209,
node_1_solar_at_Lat_43.000_Lon_-109.375,fixed_generator,,node_1,Solar_time_series_by_year/Solar_time_series_2016_at_Lat_43.000_Lon_-109.375.csv,,,0.0148,,,,,,,0.1047,
node_1_wind_at_Lat_43.000_Lon_-109.375,fixed_generator,,node_1,Wind_time_series_by_year/Wind_time_series_2016_at_Lat_43.000_Lon_-109.375.csv,,,0.0160,,,,,,,0.0209,
node_1_solar_at_Lat_43.000_Lon_-108.750,fixed_generator,,node_1,Solar_time_series_by_year/Solar_time_series_2016_at_Lat_43.000_Lon_-108.750.csv,,,0.0148,,,,,,,0.1047,
node_1_wind_at_Lat_43.000_Lon_-108.750,fixed_generator,,node_1,Wind_time_series_by_year/Wind_time_series_2016_at_Lat_43.000_Lon_-108.750.csv,,,0.0160,,,,,,,0.0209,
node_1_solar_at_Lat_43.000_Lon_-108.125,fixed_generator,,node_1,Solar_time_series_by_year/Solar_time_series_2016_at_Lat_43.000_Lon_-108.125.csv,,,0.0148,,,,,,,0.1047,
node_1_wind_at_Lat_43.000_Lon_-108.125,fixed_generator,,node_1,Wind_time_series_by_year/Wind_time_series_2016_at_Lat_43.000_Lon_-108.125.csv,,,0.0160,,,,,,,0.0209,
node_1_solar_at_Lat_43.000_Lon_-107.500,fixed_generator,,node_1,Solar_time_series_by_year/Solar_time_series_2016_at_Lat_43.000_Lon_-107.500.csv,,,0.0148,,,,,,,0.1047,
node_1_wind_at_Lat_43.000_Lon_-107.500,fixed_generator,,node_1,Wind_time_series_by_year/Wind_time_series_2016_at_Lat_43.000_Lon_-107.500.csv,,,0.0160,,,,,,,0.0209,
node_1_solar_at_Lat_43.000_Lon_-106.875,fixed_generator,,node_1,Solar_time_series_by_year/Solar_time_series_2016_at_Lat_43.000_Lon_-106.875.csv,,,0.0148,,,,,,,0.1047,
node_1_wind_at_Lat_43.000_Lon_-106.875,fixed_generator,,node_1,Wind_time_series_by_year/Wind_time_series_2016_at_Lat_43.000_Lon_-106.875.csv,,,0.0160,,,,,,,0.0209,
node_1_solar_at_Lat_43.000_Lon_-106.250,fixed_generator,,node_1,Solar_time_series_by_year/Solar_time_series_2016_at_Lat_43.000_Lon_-106.250.csv,,,0.0148,,,,,,,0.1047,
node_1_wind_at_Lat_43.000_Lon_-106.250,fixed_generator,,node_1,Wind_time_series_by_year/Wind_time_series_2016_at_Lat_43.000_Lon_-106.250.csv,,,0.0160,,,,,,,0.0209,
node_1_solar_at_Lat_43.000_Lon_-105.625,fixed_generator,,node_1,Solar_time_series_by_year/Solar_time_series_2016_at_Lat_43.000_Lon_-105.625.csv,,,0.0148,,,,,,,0.1047,
node_1_wind_at_Lat_43.000_Lon_-105.625,fixed_generator,,node_1,Wind_time_series_by_year/Wind_time_series_2016_at_Lat_43.000_Lon_-105.625.csv,,,0.0160,,,,,,,0.0209,
node_1_solar_at_Lat_43.000_Lon_-105.000,fixed_generator,,node_1,Solar_time_series_by_year/Solar_time_series_2016_at_Lat_43.000_Lon_-105.000.csv,,,0.0148,,,,,,,0.1047,
node_1_wind_at_Lat_43.000_Lon_-105.000,fixed_generator,,node_1,Wind_time_series_by_year/Wind_time_series_2016_at_Lat_43.000_Lon_-105.000.csv,,,0.0160,,,,,,,0.0209,
node_1_solar_at_Lat_43.000_Lon_-104.375,fixed_generator,,node_1,Solar_time_series_by_year/Solar_time_series_2016_at_Lat_43.000_Lon_-104.375.csv,,,0.0148,,,,,,,0.1047,
node_1_wind_at_Lat_43.000_Lon_-104.375,fixed_generator,,node_1,Wind_time_series_by_year/Wind_time_series_2016_at_Lat_43.000_Lon_-104.375.csv,,,0.0160,,,,,,,0.0209,
node_1_solar_at_Lat_43.000_Lon_-103.750,fixed_generator,,node_1,Solar_time_series_by_year/Solar_time_series_2016_at_Lat_43.000_Lon_-103.750.csv,,,0.0148,,,,,,,0.1047,
node_1_wind_at_Lat_43.000_Lon_-103.750,fixed_generator,,node_1,Wind_time_series_by_year/Wind_time_series_2016_at_Lat_43.000_Lon_-103.750.csv,,,0.0160,,,,,,,0.0209,
node_1_solar_at_Lat_43.000_Lon_-103.125,fixed_generator,,node_1,Solar_time_series_by_year/Solar_time_series_2016_at_Lat_43.000_Lon_-103.125.csv,,,0.0148,,,,,,,0.1047,
node_1_wind_at_Lat_43.000_Lon_-103.125,fixed_generator,,node_1,Wind_time_series_by_year/Wind_time_series_2016_at_Lat_43.000_Lon_-103.125.csv,,,0.0160,,,,,,,0.0209,
node_1_solar_at_Lat_43.000_Lon_-102.500,fixed_generator,,node_1,Solar_time_series_by_year/Solar_time_series_2016_at_Lat_43.000_Lon_-102.500.csv,,,0.0148,,,,,,,0.1047,
node_1_wind_at_Lat_43.000_Lon_-102.500,fixed_generator,,node_1,Wind_time_series_by_year/Wind_time_series_2016_at_Lat_43.000_Lon_-102.500.csv,,,0.0160,,,,,,,0.0209,
node_1_solar_at_Lat_43.000_Lon_-101.875,fixed_generator,,node_1,Solar_time_series_by_year/Solar_time_series_2016_at_Lat_43.000_Lon_-101.875.csv,,,0.0148,,,,,,,0.1047,
node_1_wind_at_Lat_43.000_Lon_-101.875,fixed_generator,,node_1,Wind_time_series_by_year/Wind_time_series_2016_at_Lat_43.000_Lon_-101.875.csv,,,0.0160,,,,,,,0.0209,
node_1_solar_at_Lat_43.000_Lon_-101.250,fixed_generator,,node_1,Solar_time_series_by_year/Solar_time_series_2016_at_Lat_43.000_Lon_-101.250.csv,,,0.0148,,,,,,,0.1047,
node_1_wind_at_Lat_43.000_Lon_-101.250,fixed_generator,,node_1,Wind_time_series_by_year/Wind_time_series_2016_at_Lat_43.000_Lon_-101.250.csv,,,0.0160,,,,,,,0.0209,
node_1_solar_at_Lat_43.000_Lon_-100.625,fixed_generator,,node_1,Solar_time_series_by_year/Solar_time_series_2016_at_Lat_43.000_Lon_-100.625.csv,,,0.0148,,,,,,,0.1047,
node_1_wind_at_Lat_43.000_Lon_-100.625,fixed_generator,,node_1,Wind_time_series_by_year/Wind_time_series_2016_at_Lat_43.000_Lon_-100.625.csv,,,0.0160,,,,,,,0.0209,
node_1_solar_at_Lat_43.000_Lon_-100.000,fixed_generator,,node_1,Solar_time_series_by_year/Solar_time_series_2016_at_Lat_43.000_Lon_-100.000.csv,,,0.0148,,,,,,,0.1047,
node_1_wind_at_Lat_43.000_Lon_-100.000,fixed_generator,,node_1,Wind_time_series_by_year/Wind_time_series_2016_at_Lat_43.000_Lon_-100.000.csv,,,0.0160,,,,,,,0.0209,
node_1_solar_at_Lat_43.000_Lon_-99.375,fixed_generator,,node_1,Solar_time_series_by_year/Solar_time_series_2016_at_Lat_43.000_Lon_-99.375.csv,,,0.0148,,,,,,,0.1047,
node_1_wind_at_Lat_43.000_Lon_-99.375,fixed_generator,,node_1,Wind_time_series_by_year/Wind_time_series_2016_at_Lat_43.000_Lon_-99.375.csv,,,0.0160,,,,,,,0.0209,
node_1_solar_at_Lat_43.000_Lon_-98.750,fixed_generator,,node_1,Solar_time_series_by_year/Solar_time_series_2016_at_Lat_43.000_Lon_-98.750.csv,,,0.0148,,,,,,,0.1047,
node_1_wind_at_Lat_43.000_Lon_-98.750,fixed_generator,,node_1,Wind_time_series_by_year/Wind_time_series_2016_at_Lat_43.000_Lon_-98.750.csv,,,0.0160,,,,,,,0.0209,
node_1_solar_at_Lat_43.000_Lon_-98.125,fixed_generator,,node_1,Solar_time_series_by_year/Solar_time_series_2016_at_Lat_43.000_Lon_-98.125.csv,,,0.0148,,,,,,,0.1047,
node_1_wind_at_Lat_43.000_Lon_-98.125,fixed_generator,,node_1,Wind_time_series_by_year/Wind_time_series_2016_at_Lat_43.000_Lon_-98.125.csv,,,0.0160,,,,,,,0.0209,
node_1_solar_at_Lat_43.000_Lon_-97.500,fixed_generator,,node_1,Solar_time_series_by_year/Solar_time_series_2016_at_Lat_43.000_Lon_-97.500.csv,,,0.0148,,,,,,,0.1047,
node_1_wind_at_Lat_43.000_Lon_-97.500,fixed_generator,,node_1,Wind_time_series_by_year/Wind_time_series_2016_at_Lat_43.000_Lon_-97.500.csv,,,0.0160,,,,,,,0.0209,
node_1_solar_at_Lat_43.000_Lon_-96.875,fixed_generator,,node_1,Solar_time_series_by_year/Solar_time_series_2016_at_Lat_43.000_Lon_-96.875.csv,,,0.0148,,,,,,,0.1047,
node_1_wind_at_Lat_43.000_Lon_-96.875,fixed_generator,,node_1,Wind_time_series_by_year/Wind_time_series_2016_at_Lat_43.000_Lon_-96.875.csv,,,0.0160,,,,,,,0.0209,
node_1_solar_at_Lat_43.000_Lon_-96.250,fixed_generator,,node_1,Solar_time_series_by_year/Solar_time_series_2016_at_Lat_43.000_Lon_-96.250.csv,,,0.0148,,,,,,,0.1047,
node_1_wind_at_Lat_43.000_Lon_-96.250,fixed_generator,,node_1,Wind_time_series_by_year/Wind_time_series_2016_at_Lat_43.000_Lon_-96.250.csv,,,0.0160,,,,,,,0.0209,
node_1_solar_at_Lat_43.000_Lon_-95.625,fixed_generator,,node_1,Solar_time_series_by_year/Solar_time_series_2016_at_Lat_43.000_Lon_-95.625.csv,,,0.0148,,,,,,,0.1047,
node_1_wind_at_Lat_43.000_Lon_-95.625,fixed_generator,,node_1,Wind_time_series_by_year/Wind_time_series_2016_at_Lat_43.000_Lon_-95.625.csv,,,0.0160,,,,,,,0.0209,
node_1_solar_at_Lat_43.000_Lon_-95.000,fixed_generator,,node_1,Solar_time_series_by_year/Solar_time_series_2016_at_Lat_43.000_Lon_-95.000.csv,,,0.0148,,,,,,,0.1047,
node_1_wind_at_Lat_43.000_Lon_-95.000,fixed_generator,,node_1,Wind_time_series_by_year/Wind_time_series_2016_at_Lat_43.000_Lon_-95.000.csv,,,0.0160,,,,,,,0.0209,
node_1_solar_at_Lat_43.000_Lon_-94.375,fixed_generator,,node_1,Solar_time_series_by_year/Solar_time_series_2016_at_Lat_43.000_Lon_-94.375.csv,,,0.0148,,,,,,,0.1047,
node_1_wind_at_Lat_43.000_Lon_-94.375,fixed_generator,,node_1,Wind_time_series_by_year/Wind_time_series_2016_at_Lat_43.000_Lon_-94.375.csv,,,0.0160,,,,,,,0.0209,
node_1_solar_at_Lat_43.000_Lon_-93.750,fixed_generator,,node_1,Solar_time_series_by_year/Solar_time_series_2016_at_Lat_43.000_Lon_-93.750.csv,,,0.0148,,,,,,,0.1047,
node_1_wind_at_Lat_43.000_Lon_-93.750,fixed_generator,,node_1,Wind_time_series_by_year/Wind_time_series_2016_at_Lat_43.000_Lon_-93.750.csv,,,0.0160,,,,,,,0.0209,
node_1_solar_at_Lat_43.000_Lon_-93.125,fixed_generator,,node_1,Solar_time_series_by_year/Solar_time_series_2016_at_Lat_43.000_Lon_-93.125.csv,,,0.0148,,,,,,,0.1047,
node_1_wind_at_Lat_43.000_Lon_-93.125,fixed_generator,,node_1,Wind_time_series_by_year/Wind_time_series_2016_at_Lat_43.000_Lon_-93.125.csv,,,0.0160,,,,,,,0.0209,
node_1_solar_at_Lat_43.000_Lon_-92.500,fixed_generator,,node_1,Solar_time_series_by_year/Solar_time_series_2016_at_Lat_43.000_Lon_-92.500.csv,,,0.0148,,,,,,,0.1047,
node_1_wind_at_Lat_43.000_Lon_-92.500,fixed_generator,,node_1,Wind_time_series_by_year/Wind_time_series_2016_at_Lat_43.000_Lon_-92.500.csv,,,0.0160,,,,,,,0.0209,
node_1_solar_at_Lat_43.000_Lon_-91.875,fixed_generator,,node_1,Solar_time_series_by_year/Solar_time_series_2016_at_Lat_43.000_Lon_-91.875.csv,,,0.0148,,,,,,,0.1047,
node_1_wind_at_Lat_43.000_Lon_-91.875,fixed_generator,,node_1,Wind_time_series_by_year/Wind_time_series_2016_at_Lat_43.000_Lon_-91.875.csv,,,0.0160,,,,,,,0.0209,
node_1_solar_at_Lat_43.000_Lon_-91.250,fixed_generator,,node_1,Solar_time_series_by_year/Solar_time_series_2016_at_Lat_43.000_Lon_-91.250.csv,,,0.0148,,,,,,,0.1047,
node_1_wind_at_Lat_43.000_Lon_-91.250,fixed_generator,,node_1,Wind_time_series_by_year/Wind_time_series_2016_at_Lat_43.000_Lon_-91.250.csv,,,0.0160,,,,,,,0.0209,
node_1_solar_at_Lat_43.000_Lon_-90.625,fixed_generator,,node_1,Solar_time_series_by_year/Solar_time_series_2016_at_Lat_43.000_Lon_-90.625.csv,,,0.0148,,,,,,,0.1047,
node_1_wind_at_Lat_43.000_Lon_-90.625,fixed_generator,,node_1,Wind_time_series_by_year/Wind_time_series_2016_at_Lat_43.000_Lon_-90.625.csv,,,0.0160,,,,,,,0.0209,
node_1_solar_at_Lat_43.000_Lon_-90.000,fixed_generator,,node_1,Solar_time_series_by_year/Solar_time_series_2016_at_Lat_43.000_Lon_-90.000.csv,,,0.0148,,,,,,,0.1047,
node_1_wind_at_Lat_43.000_Lon_-90.000,fixed_generator,,node_1,Wind_time_series_by_year/Wind_time_series_2016_at_Lat_43.000_Lon_-90.000.csv,,,0.0160,,,,,,,0.0209,
node_1_solar_at_Lat_43.000_Lon_-89.375,fixed_generator,,node_1,Solar_time_series_by_year/Solar_time_series_2016_at_Lat_43.000_Lon_-89.375.csv,,,0.0148,,,,,,,0.1047,
node_1_wind_at_Lat_43.000_Lon_-89.375,fixed_generator,,node_1,Wind_time_series_by_year/Wind_time_series_2016_at_Lat_43.000_Lon_-89.375.csv,,,0.0160,,,,,,,0.0209,
node_1_solar_at_Lat_43.000_Lon_-88.750,fixed_generator,,node_1,Solar_time_series_by_year/Solar_time_series_2016_at_Lat_43.000_Lon_-88.750.csv,,,0.0148,,,,,,,0.1047,
node_1_wind_at_Lat_43.000_Lon_-88.750,fixed_generator,,node_1,Wind_time_series_by_year/Wind_time_series_2016_at_Lat_43.000_Lon_-88.750.csv,,,0.0160,,,,,,,0.0209,
node_1_solar_at_Lat_43.000_Lon_-88.125,fixed_generator,,node_1,Solar_time_series_by_year/Solar_time_series_2016_at_Lat_43.000_Lon_-88.125.csv,,,0.0148,,,,,,,0.1047,
node_1_wind_at_Lat_43.000_Lon_-88.125,fixed_generator,,node_1,Wind_time_series_by_year/Wind_time_series_2016_at_Lat_43.000_Lon_-88.125.csv,,,0.0160,,,,,,,0.0209,
node_1_solar_at_Lat_43.000_Lon_-85.625,fixed_generator,,node_1,Solar_time_series_by_year/Solar_time_series_2016_at_Lat_43.000_Lon_-85.625.csv,,,0.0148,,,,,,,0.1047,
node_1_wind_at_Lat_43.000_Lon_-85.625,fixed_generator,,node_1,Wind_time_series_by_year/Wind_time_series_2016_at_Lat_43.000_Lon_-85.625.csv,,,0.0160,,,,,,,0.0209,
node_1_solar_at_Lat_43.000_Lon_-85.000,fixed_generator,,node_1,Solar_time_series_by_year/Solar_time_series_2016_at_Lat_43.000_Lon_-85.000.csv,,,0.0148,,,,,,,0.1047,
node_1_wind_at_Lat_43.000_Lon_-85.000,fixed_generator,,node_1,Wind_time_series_by_year/Wind_time_series_2016_at_Lat_43.000_Lon_-85.000.csv,,,0.0160,,,,,,,0.0209,
node_1_solar_at_Lat_43.000_Lon_-84.375,fixed_generator,,node_1,Solar_time_series_by_year/Solar_time_series_2016_at_Lat_43.000_Lon_-84.375.csv,,,0.0148,,,,,,,0.1047,
node_1_wind_at_Lat_43.000_Lon_-84.375,fixed_generator,,node_1,Wind_time_series_by_year/Wind_time_series_2016_at_Lat_43.000_Lon_-84.375.csv,,,0.0160,,,,,,,0.0209,
node_1_solar_at_Lat_43.000_Lon_-83.750,fixed_generator,,node_1,Solar_time_series_by_year/Solar_time_series_2016_at_Lat_43.000_Lon_-83.750.csv,,,0.0148,,,,,,,0.1047,
node_1_wind_at_Lat_43.000_Lon_-83.750,fixed_generator,,node_1,Wind_time_series_by_year/Wind_time_series_2016_at_Lat_43.000_Lon_-83.750.csv,,,0.0160,,,,,,,0.0209,
node_1_solar_at_Lat_43.000_Lon_-83.125,fixed_generator,,node_1,Solar_time_series_by_year/Solar_time_series_2016_at_Lat_43.000_Lon_-83.125.csv,,,0.0148,,,,,,,0.1047,
node_1_wind_at_Lat_43.000_Lon_-83.125,fixed_generator,,node_1,Wind_time_series_by_year/Wind_time_series_2016_at_Lat_43.000_Lon_-83.125.csv,,,0.0160,,,,,,,0.0209,
node_1_solar_at_Lat_43.000_Lon_-82.500,fixed_generator,,node_1,Solar_time_series_by_year/Solar_time_series_2016_at_Lat_43.000_Lon_-82.500.csv,,,0.0148,,,,,,,0.1047,
node_1_wind_at_Lat_43.000_Lon_-82.500,fixed_generator,,node_1,Wind_time_series_by_year/Wind_time_series_2016_at_Lat_43.000_Lon_-82.500.csv,,,0.0160,,,,,,,0.0209,
node_1_solar_at_Lat_43.000_Lon_-78.750,fixed_generator,,node_1,Solar_time_series_by_year/Solar_time_series_2016_at_Lat_43.000_Lon_-78.750.csv,,,0.0148,,,,,,,0.1047,
node_1_wind_at_Lat_43.000_Lon_-78.750,fixed_generator,,node_1,Wind_time_series_by_year/Wind_time_series_2016_at_Lat_43.000_Lon_-78.750.csv,,,0.0160,,,,,,,0.0209,
node_1_solar_at_Lat_43.000_Lon_-78.125,fixed_generator,,node_1,Solar_time_series_by_year/Solar_time_series_2016_at_Lat_43.000_Lon_-78.125.csv,,,0.0148,,,,,,,0.1047,
node_1_wind_at_Lat_43.000_Lon_-78.125,fixed_generator,,node_1,Wind_time_series_by_year/Wind_time_series_2016_at_Lat_43.000_Lon_-78.125.csv,,,0.0160,,,,,,,0.0209,
node_1_solar_at_Lat_43.000_Lon_-77.500,fixed_generator,,node_1,Solar_time_series_by_year/Solar_time_series_2016_at_Lat_43.000_Lon_-77.500.csv,,,0.0148,,,,,,,0.1047,
node_1_wind_at_Lat_43.000_Lon_-77.500,fixed_generator,,node_1,Wind_time_series_by_year/Wind_time_series_2016_at_Lat_43.000_Lon_-77.500.csv,,,0.0160,,,,,,,0.0209,
node_1_solar_at_Lat_43.000_Lon_-76.875,fixed_generator,,node_1,Solar_time_series_by_year/Solar_time_series_2016_at_Lat_43.000_Lon_-76.875.csv,,,0.0148,,,,,,,0.1047,
node_1_wind_at_Lat_43.000_Lon_-76.875,fixed_generator,,node_1,Wind_time_series_by_year/Wind_time_series_2016_at_Lat_43.000_Lon_-76.875.csv,,,0.0160,,,,,,,0.0209,
node_1_solar_at_Lat_43.000_Lon_-76.250,fixed_generator,,node_1,Solar_time_series_by_year/Solar_time_series_2016_at_Lat_43.000_Lon_-76.250.csv,,,0.0148,,,,,,,0.1047,
node_1_wind_at_Lat_43.000_Lon_-76.250,fixed_generator,,node_1,Wind_time_series_by_year/Wind_time_series_2016_at_Lat_43.000_Lon_-76.250.csv,,,0.0160,,,,,,,0.0209,
node_1_solar_at_Lat_43.000_Lon_-75.625,fixed_generator,,node_1,Solar_time_series_by_year/Solar_time_series_2016_at_Lat_43.000_Lon_-75.625.csv,,,0.0148,,,,,,,0.1047,
node_1_wind_at_Lat_43.000_Lon_-75.625,fixed_generator,,node_1,Wind_time_series_by_year/Wind_time_series_2016_at_Lat_43.000_Lon_-75.625.csv,,,0.0160,,,,,,,0.0209,
node_1_solar_at_Lat_43.000_Lon_-75.000,fixed_generator,,node_1,Solar_time_series_by_year/Solar_time_series_2016_at_Lat_43.000_Lon_-75.000.csv,,,0.0148,,,,,,,0.1047,
node_1_wind_at_Lat_43.000_Lon_-75.000,fixed_generator,,node_1,Wind_time_series_by_year/Wind_time_series_2016_at_Lat_43.000_Lon_-75.000.csv,,,0.0160,,,,,,,0.0209,
node_1_solar_at_Lat_43.000_Lon_-74.375,fixed_generator,,node_1,Solar_time_series_by_year/Solar_time_series_2016_at_Lat_43.000_Lon_-74.375.csv,,,0.0148,,,,,,,0.1047,
node_1_wind_at_Lat_43.000_Lon_-74.375,fixed_generator,,node_1,Wind_time_series_by_year/Wind_time_series_2016_at_Lat_43.000_Lon_-74.375.csv,,,0.0160,,,,,,,0.0209,
node_1_solar_at_Lat_43.000_Lon_-73.750,fixed_generator,,node_1,Solar_time_series_by_year/Solar_time_series_2016_at_Lat_43.000_Lon_-73.750.csv,,,0.0148,,,,,,,0.1047,
node_1_wind_at_Lat_43.000_Lon_-73.750,fixed_generator,,node_1,Wind_time_series_by_year/Wind_time_series_2016_at_Lat_43.000_Lon_-73.750.csv,,,0.0160,,,,,,,0.0209,
node_1_solar_at_Lat_43.000_Lon_-73.125,fixed_generator,,node_1,Solar_time_series_by_year/Solar_time_series_2016_at_Lat_43.000_Lon_-73.125.csv,,,0.0148,,,,,,,0.1047,
node_1_wind_at_Lat_43.000_Lon_-73.125,fixed_generator,,node_1,Wind_time_series_by_year/Wind_time_series_2016_at_Lat_43.000_Lon_-73.125.csv,,,0.0160,,,,,,,0.0209,
node_1_solar_at_Lat_43.000_Lon_-72.500,fixed_generator,,node_1,Solar_time_series_by_year/Solar_time_series_2016_at_Lat_43.000_Lon_-72.500.csv,,,0.0148,,,,,,,0.1047,
node_1_wind_at_Lat_43.000_Lon_-72.500,fixed_generator,,node_1,Wind_time_series_by_year/Wind_time_series_2016_at_Lat_43.000_Lon_-72.500.csv,,,0.0160,,,,,,,0.0209,
node_1_solar_at_Lat_43.000_Lon_-71.875,fixed_generator,,node_1,Solar_time_series_by_year/Solar_time_series_2016_at_Lat_43.000_Lon_-71.875.csv,,,0.0148,,,,,,,0.1047,
node_1_wind_at_Lat_43.000_Lon_-71.875,fixed_generator,,node_1,Wind_time_series_by_year/Wind_time_series_2016_at_Lat_43.000_Lon_-71.875.csv,,,0.0160,,,,,,,0.0209,
node_1_solar_at_Lat_43.000_Lon_-71.250,fixed_generator,,node_1,Solar_time_series_by_year/Solar_time_series_2016_at_Lat_43.000_Lon_-71.250.csv,,,0.0148,,,,,,,0.1047,
node_1_wind_at_Lat_43.000_Lon_-71.250,fixed_generator,,node_1,Wind_time_series_by_year/Wind_time_series_2016_at_Lat_43.000_Lon_-71.250.csv,,,0.0160,,,,,,,0.0209,
node_1_solar_at_Lat_43.500_Lon_-123.750,fixed_generator,,node_1,Solar_time_series_by_year/Solar_time_series_2016_at_Lat_43.500_Lon_-123.750.csv,,,0.0148,,,,,,,0.1038,
node_1_wind_at_Lat_43.500_Lon_-123.750,fixed_generator,,node_1,Wind_time_series_by_year/Wind_time_series_2016_at_Lat_43.500_Lon_-123.750.csv,,,0.0160,,,,,,,0.0208,
node_1_solar_at_Lat_43.500_Lon_-123.125,fixed_generator,,node_1,Solar_time_series_by_year/Solar_time_series_2016_at_Lat_43.500_Lon_-123.125.csv,,,0.0148,,,,,,,0.1038,
node_1_wind_at_Lat_43.500_Lon_-123.125,fixed_generator,,node_1,Wind_time_series_by_year/Wind_time_series_2016_at_Lat_43.500_Lon_-123.125.csv,,,0.0160,,,,,,,0.0208,
node_1_solar_at_Lat_43.500_Lon_-122.500,fixed_generator,,node_1,Solar_time_series_by_year/Solar_time_series_2016_at_Lat_43.500_Lon_-122.500.csv,,,0.0148,,,,,,,0.1038,
node_1_wind_at_Lat_43.500_Lon_-122.500,fixed_generator,,node_1,Wind_time_series_by_year/Wind_time_series_2016_at_Lat_43.500_Lon_-122.500.csv,,,0.0160,,,,,,,0.0208,
node_1_solar_at_Lat_43.500_Lon_-121.875,fixed_generator,,node_1,Solar_time_series_by_year/Solar_time_series_2016_at_Lat_43.500_Lon_-121.875.csv,,,0.0148,,,,,,,0.1038,
node_1_wind_at_Lat_43.500_Lon_-121.875,fixed_generator,,node_1,Wind_time_series_by_year/Wind_time_series_2016_at_Lat_43.500_Lon_-121.875.csv,,,0.0160,,,,,,,0.0208,
node_1_solar_at_Lat_43.500_Lon_-121.250,fixed_generator,,node_1,Solar_time_series_by_year/Solar_time_series_2016_at_Lat_43.500_Lon_-121.250.csv,,,0.0148,,,,,,,0.1038,
node_1_wind_at_Lat_43.500_Lon_-121.250,fixed_generator,,node_1,Wind_time_series_by_year/Wind_time_series_2016_at_Lat_43.500_Lon_-121.250.csv,,,0.0160,,,,,,,0.0208,
node_1_solar_at_Lat_43.500_Lon_-120.625,fixed_generator,,node_1,Solar_time_series_by_year/Solar_time_series_2016_at_Lat_43.500_Lon_-120.625.csv,,,0.0148,,,,,,,0.1038,
node_1_wind_at_Lat_43.500_Lon_-120.625,fixed_generator,,node_1,Wind_time_series_by_year/Wind_time_series_2016_at_Lat_43.500_Lon_-120.625.csv,,,0.0160,,,,,,,0.0208,
node_1_solar_at_Lat_43.500_Lon_-120.000,fixed_generator,,node_1,Solar_time_series_by_year/Solar_time_series_2016_at_Lat_43.500_Lon_-120.000.csv,,,0.0148,,,,,,,0.1038,
node_1_wind_at_Lat_43.500_Lon_-120.000,fixed_generator,,node_1,Wind_time_series_by_year/Wind_time_series_2016_at_Lat_43.500_Lon_-120.000.csv,,,0.0160,,,,,,,0.0208,
node_1_solar_at_Lat_43.500_Lon_-119.375,fixed_generator,,node_1,Solar_time_series_by_year/Solar_time_series_2016_at_Lat_43.500_Lon_-119.375.csv,,,0.0148,,,,,,,0.1038,
node_1_wind_at_Lat_43.500_Lon_-119.375,fixed_generator,,node_1,Wind_time_series_by_year/Wind_time_series_2016_at_Lat_43.500_Lon_-119.375.csv,,,0.0160,,,,,,,0.0208,
node_1_solar_at_Lat_43.500_Lon_-118.750,fixed_generator,,node_1,Solar_time_series_by_year/Solar_time_series_2016_at_Lat_43.500_Lon_-118.750.csv,,,0.0148,,,,,,,0.1038,
node_1_wind_at_Lat_43.500_Lon_-118.750,fixed_generator,,node_1,Wind_time_series_by_year/Wind_time_series_2016_at_Lat_43.500_Lon_-118.750.csv,,,0.0160,,,,,,,0.0208,
node_1_solar_at_Lat_43.500_Lon_-118.125,fixed_generator,,node_1,Solar_time_series_by_year/Solar_time_series_2016_at_Lat_43.500_Lon_-118.125.csv,,,0.0148,,,,,,,0.1038,
node_1_wind_at_Lat_43.500_Lon_-118.125,fixed_generator,,node_1,Wind_time_series_by_year/Wind_time_series_2016_at_Lat_43.500_Lon_-118.125.csv,,,0.0160,,,,,,,0.0208,
node_1_solar_at_Lat_43.500_Lon_-117.500,fixed_generator,,node_1,Solar_time_series_by_year/Solar_time_series_2016_at_Lat_43.500_Lon_-117.500.csv,,,0.0148,,,,,,,0.1038,
node_1_wind_at_Lat_43.500_Lon_-117.500,fixed_generator,,node_1,Wind_time_series_by_year/Wind_time_series_2016_at_Lat_43.500_Lon_-117.500.csv,,,0.0160,,,,,,,0.0208,
node_1_solar_at_Lat_43.500_Lon_-116.875,fixed_generator,,node_1,Solar_time_series_by_year/Solar_time_series_2016_at_Lat_43.500_Lon_-116.875.csv,,,0.0148,,,,,,,0.1038,
node_1_wind_at_Lat_43.500_Lon_-116.875,fixed_generator,,node_1,Wind_time_series_by_year/Wind_time_series_2016_at_Lat_43.500_Lon_-116.875.csv,,,0.0160,,,,,,,0.0208,
node_1_solar_at_Lat_43.500_Lon_-116.250,fixed_generator,,node_1,Solar_time_series_by_year/Solar_time_series_2016_at_Lat_43.500_Lon_-116.250.csv,,,0.0148,,,,,,,0.1038,
node_1_wind_at_Lat_43.500_Lon_-116.250,fixed_generator,,node_1,Wind_time_series_by_year/Wind_time_series_2016_at_Lat_43.500_Lon_-116.250.csv,,,0.0160,,,,,,,0.0208,
node_1_solar_at_Lat_43.500_Lon_-115.625,fixed_generator,,node_1,Solar_time_series_by_year/Solar_time_series_2016_at_Lat_43.500_Lon_-115.625.csv,,,0.0148,,,,,,,0.1038,
node_1_wind_at_Lat_43.500_Lon_-115.625,fixed_generator,,node_1,Wind_time_series_by_year/Wind_time_series_2016_at_Lat_43.500_Lon_-115.625.csv,,,0.0160,,,,,,,0.0208,
node_1_solar_at_Lat_43.500_Lon_-115.000,fixed_generator,,node_1,Solar_time_series_by_year/Solar_time_series_2016_at_Lat_43.500_Lon_-115.000.csv,,,0.0148,,,,,,,0.1038,
node_1_wind_at_Lat_43.500_Lon_-115.000,fixed_generator,,node_1,Wind_time_series_by_year/Wind_time_series_2016_at_Lat_43.500_Lon_-115.000.csv,,,0.0160,,,,,,,0.0208,
node_1_solar_at_Lat_43.500_Lon_-114.375,fixed_generator,,node_1,Solar_time_series_by_year/Solar_time_series_2016_at_Lat_43.500_Lon_-114.375.csv,,,0.0148,,,,,,,0.1038,
node_1_wind_at_Lat_43.500_Lon_-114.375,fixed_generator,,node_1,Wind_time_series_by_year/Wind_time_series_2016_at_Lat_43.500_Lon_-114.375.csv,,,0.0160,,,,,,,0.0208,
node_1_solar_at_Lat_43.500_Lon_-113.750,fixed_generator,,node_1,Solar_time_series_by_year/Solar_time_series_2016_at_Lat_43.500_Lon_-113.750.csv,,,0.0148,,,,,,,0.1038,
node_1_wind_at_Lat_43.500_Lon_-113.750,fixed_generator,,node_1,Wind_time_series_by_year/Wind_time_series_2016_at_Lat_43.500_Lon_-113.750.csv,,,0.0160,,,,,,,0.0208,
node_1_solar_at_Lat_43.500_Lon_-113.125,fixed_generator,,node_1,Solar_time_series_by_year/Solar_time_series_2016_at_Lat_43.500_Lon_-113.125.csv,,,0.0148,,,,,,,0.1038,
node_1_wind_at_Lat_43.500_Lon_-113.125,fixed_generator,,node_1,Wind_time_series_by_year/Wind_time_series_2016_at_Lat_43.500_Lon_-113.125.csv,,,0.0160,,,,,,,0.0208,
node_1_solar_at_Lat_43.500_Lon_-112.500,fixed_generator,,node_1,Solar_time_series_by_year/Solar_time_series_2016_at_Lat_43.500_Lon_-112.500.csv,,,0.0148,,,,,,,0.1038,
node_1_wind_at_Lat_43.500_Lon_-112.500,fixed_generator,,node_1,Wind_time_series_by_year/Wind_time_series_2016_at_Lat_43.500_Lon_-112.500.csv,,,0.0160,,,,,,,0.0208,
node_1_solar_at_Lat_43.500_Lon_-111.875,fixed_generator,,node_1,Solar_time_series_by_year/Solar_time_series_2016_at_Lat_43.500_Lon_-111.875.csv,,,0.0148,,,,,,,0.1038,
node_1_wind_at_Lat_43.500_Lon_-111.875,fixed_generator,,node_1,Wind_time_series_by_year/Wind_time_series_2016_at_Lat_43.500_Lon_-111.875.csv,,,0.0160,,,,,,,0.0208,
node_1_solar_at_Lat_43.500_Lon_-111.250,fixed_generator,,node_1,Solar_time_series_by_year/Solar_time_series_2016_at_Lat_43.500_Lon_-111.250.csv,,,0.0148,,,,,,,0.1038,
node_1_wind_at_Lat_43.500_Lon_-111.250,fixed_generator,,node_1,Wind_time_series_by_year/Wind_time_series_2016_at_Lat_43.500_Lon_-111.250.csv,,,0.0160,,,,,,,0.0208,
node_1_solar_at_Lat_43.500_Lon_-110.625,fixed_generator,,node_1,Solar_time_series_by_year/Solar_time_series_2016_at_Lat_43.500_Lon_-110.625.csv,,,0.0148,,,,,,,0.1038,
node_1_wind_at_Lat_43.500_Lon_-110.625,fixed_generator,,node_1,Wind_time_series_by_year/Wind_time_series_2016_at_Lat_43.500_Lon_-110.625.csv,,,0.0160,,,,,,,0.0208,
node_1_solar_at_Lat_43.500_Lon_-110.000,fixed_generator,,node_1,Solar_time_series_by_year/Solar_time_series_2016_at_Lat_43.500_Lon_-110.000.csv,,,0.0148,,,,,,,0.1038,
node_1_wind_at_Lat_43.500_Lon_-110.000,fixed_generator,,node_1,Wind_time_series_by_year/Wind_time_series_2016_at_Lat_43.500_Lon_-110.000.csv,,,0.0160,,,,,,,0.0208,
node_1_solar_at_Lat_43.500_Lon_-109.375,fixed_generator,,node_1,Solar_time_series_by_year/Solar_time_series_2016_at_Lat_43.500_Lon_-109.375.csv,,,0.0148,,,,,,,0.1038,
node_1_wind_at_Lat_43.500_Lon_-109.375,fixed_generator,,node_1,Wind_time_series_by_year/Wind_time_series_2016_at_Lat_43.500_Lon_-109.375.csv,,,0.0160,,,,,,,0.0208,
node_1_solar_at_Lat_43.500_Lon_-108.750,fixed_generator,,node_1,Solar_time_series_by_year/Solar_time_series_2016_at_Lat_43.500_Lon_-108.750.csv,,,0.0148,,,,,,,0.1038,
node_1_wind_at_Lat_43.500_Lon_-108.750,fixed_generator,,node_1,Wind_time_series_by_year/Wind_time_series_2016_at_Lat_43.500_Lon_-108.750.csv,,,0.0160,,,,,,,0.0208,
node_1_solar_at_Lat_43.500_Lon_-108.125,fixed_generator,,node_1,Solar_time_series_by_year/Solar_time_series_2016_at_Lat_43.500_Lon_-108.125.csv,,,0.0148,,,,,,,0.1038,
node_1_wind_at_Lat_43.500_Lon_-108.125,fixed_generator,,node_1,Wind_time_series_by_year/Wind_time_series_2016_at_Lat_43.500_Lon_-108.125.csv,,,0.0160,,,,,,,0.0208,
node_1_solar_at_Lat_43.500_Lon_-107.500,fixed_generator,,node_1,Solar_time_series_by_year/Solar_time_series_2016_at_Lat_43.500_Lon_-107.500.csv,,,0.0148,,,,,,,0.1038,
node_1_wind_at_Lat_43.500_Lon_-107.500,fixed_generator,,node_1,Wind_time_series_by_year/Wind_time_series_2016_at_Lat_43.500_Lon_-107.500.csv,,,0.0160,,,,,,,0.0208,
node_1_solar_at_Lat_43.500_Lon_-106.875,fixed_generator,,node_1,Solar_time_series_by_year/Solar_time_series_2016_at_Lat_43.500_Lon_-106.875.csv,,,0.0148,,,,,,,0.1038,
node_1_wind_at_Lat_43.500_Lon_-106.875,fixed_generator,,node_1,Wind_time_series_by_year/Wind_time_series_2016_at_Lat_43.500_Lon_-106.875.csv,,,0.0160,,,,,,,0.0208,
node_1_solar_at_Lat_43.500_Lon_-106.250,fixed_generator,,node_1,Solar_time_series_by_year/Solar_time_series_2016_at_Lat_43.500_Lon_-106.250.csv,,,0.0148,,,,,,,0.1038,
node_1_wind_at_Lat_43.500_Lon_-106.250,fixed_generator,,node_1,Wind_time_series_by_year/Wind_time_series_2016_at_Lat_43.500_Lon_-106.250.csv,,,0.0160,,,,,,,0.0208,
node_1_solar_at_Lat_43.500_Lon_-105.625,fixed_generator,,node_1,Solar_time_series_by_year/Solar_time_series_2016_at_Lat_43.500_Lon_-105.625.csv,,,0.0148,,,,,,,0.1038,
node_1_wind_at_Lat_43.500_Lon_-105.625,fixed_generator,,node_1,Wind_time_series_by_year/Wind_time_series_2016_at_Lat_43.500_Lon_-105.625.csv,,,0.0160,,,,,,,0.0208,
node_1_solar_at_Lat_43.500_Lon_-105.000,fixed_generator,,node_1,Solar_time_series_by_year/Solar_time_series_2016_at_Lat_43.500_Lon_-105.000.csv,,,0.0148,,,,,,,0.1038,
node_1_wind_at_Lat_43.500_Lon_-105.000,fixed_generator,,node_1,Wind_time_series_by_year/Wind_time_series_2016_at_Lat_43.500_Lon_-105.000.csv,,,0.0160,,,,,,,0.0208,
node_1_solar_at_Lat_43.500_Lon_-104.375,fixed_generator,,node_1,Solar_time_series_by_year/Solar_time_series_2016_at_Lat_43.500_Lon_-104.375.csv,,,0.0148,,,,,,,0.1038,
node_1_wind_at_Lat_43.500_Lon_-104.375,fixed_generator,,node_1,Wind_time_series_by_year/Wind_time_series_2016_at_Lat_43.500_Lon_-104.375.csv,,,0.0160,,,,,,,0.0208,
node_1_solar_at_Lat_43.500_Lon_-103.750,fixed_generator,,node_1,Solar_time_series_by_year/Solar_time_series_2016_at_Lat_43.500_Lon_-103.750.csv,,,0.0148,,,,,,,0.1038,
node_1_wind_at_Lat_43.500_Lon_-103.750,fixed_generator,,node_1,Wind_time_series_by_year/Wind_time_series_2016_at_Lat_43.500_Lon_-103.750.csv,,,0.0160,,,,,,,0.0208,
node_1_solar_at_Lat_43.500_Lon_-103.125,fixed_generator,,node_1,Solar_time_series_by_year/Solar_time_series_2016_at_Lat_43.500_Lon_-103.125.csv,,,0.0148,,,,,,,0.1038,
node_1_wind_at_Lat_43.500_Lon_-103.125,fixed_generator,,node_1,Wind_time_series_by_year/Wind_time_series_2016_at_Lat_43.500_Lon_-103.125.csv,,,0.0160,,,,,,,0.0208,
node_1_solar_at_Lat_43.500_Lon_-102.500,fixed_generator,,node_1,Solar_time_series_by_year/Solar_time_series_2016_at_Lat_43.500_Lon_-102.500.csv,,,0.0148,,,,,,,0.1038,
node_1_wind_at_Lat_43.500_Lon_-102.500,fixed_generator,,node_1,Wind_time_series_by_year/Wind_time_series_2016_at_Lat_43.500_Lon_-102.500.csv,,,0.0160,,,,,,,0.0208,
node_1_solar_at_Lat_43.500_Lon_-101.875,fixed_generator,,node_1,Solar_time_series_by_year/Solar_time_series_2016_at_Lat_43.500_Lon_-101.875.csv,,,0.0148,,,,,,,0.1038,
node_1_wind_at_Lat_43.500_Lon_-101.875,fixed_generator,,node_1,Wind_time_series_by_year/Wind_time_series_2016_at_Lat_43.500_Lon_-101.875.csv,,,0.0160,,,,,,,0.0208,
node_1_solar_at_Lat_43.500_Lon_-101.250,fixed_generator,,node_1,Solar_time_series_by_year/Solar_time_series_2016_at_Lat_43.500_Lon_-101.250.csv,,,0.0148,,,,,,,0.1038,
node_1_wind_at_Lat_43.500_Lon_-101.250,fixed_generator,,node_1,Wind_time_series_by_year/Wind_time_series_2016_at_Lat_43.500_Lon_-101.250.csv,,,0.0160,,,,,,,0.0208,
node_1_solar_at_Lat_43.500_Lon_-100.625,fixed_generator,,node_1,Solar_time_series_by_year/Solar_time_series_2016_at_Lat_43.500_Lon_-100.625.csv,,,0.0148,,,,,,,0.1038,
node_1_wind_at_Lat_43.500_Lon_-100.625,fixed_generator,,node_1,Wind_time_series_by_year/Wind_time_series_2016_at_Lat_43.500_Lon_-100.625.csv,,,0.0160,,,,,,,0.0208,
node_1_solar_at_Lat_43.500_Lon_-100.000,fixed_generator,,node_1,Solar_time_series_by_year/Solar_time_series_2016_at_Lat_43.500_Lon_-100.000.csv,,,0.0148,,,,,,,0.1038,
node_1_wind_at_Lat_43.500_Lon_-100.000,fixed_generator,,node_1,Wind_time_series_by_year/Wind_time_series_2016_at_Lat_43.500_Lon_-100.000.csv,,,0.0160,,,,,,,0.0208,
node_1_solar_at_Lat_43.500_Lon_-99.375,fixed_generator,,node_1,Solar_time_series_by_year/Solar_time_series_2016_at_Lat_43.500_Lon_-99.375.csv,,,0.0148,,,,,,,0.1038,
node_1_wind_at_Lat_43.500_Lon_-99.375,fixed_generator,,node_1,Wind_time_series_by_year/Wind_time_series_2016_at_Lat_43.500_Lon_-99.375.csv,,,0.0160,,,,,,,0.0208,
node_1_solar_at_Lat_43.500_Lon_-98.750,fixed_generator,,node_1,Solar_time_series_by_year/Solar_time_series_2016_at_Lat_43.500_Lon_-98.750.csv,,,0.0148,,,,,,,0.1038,
node_1_wind_at_Lat_43.500_Lon_-98.750,fixed_generator,,node_1,Wind_time_series_by_year/Wind_time_series_2016_at_Lat_43.500_Lon_-98.750.csv,,,0.0160,,,,,,,0.0208,
node_1_solar_at_Lat_43.500_Lon_-98.125,fixed_generator,,node_1,Solar_time_series_by_year/Solar_time_series_2016_at_Lat_43.500_Lon_-98.125.csv,,,0.0148,,,,,,,0.1038,
node_1_wind_at_Lat_43.500_Lon_-98.125,fixed_generator,,node_1,Wind_time_series_by_year/Wind_time_series_2016_at_Lat_43.500_Lon_-98.125.csv,,,0.0160,,,,,,,0.0208,
node_1_solar_at_Lat_43.500_Lon_-97.500,fixed_generator,,node_1,Solar_time_series_by_year/Solar_time_series_2016_at_Lat_43.500_Lon_-97.500.csv,,,0.0148,,,,,,,0.1038,
node_1_wind_at_Lat_43.500_Lon_-97.500,fixed_generator,,node_1,Wind_time_series_by_year/Wind_time_series_2016_at_Lat_43.500_Lon_-97.500.csv,,,0.0160,,,,,,,0.0208,
node_1_solar_at_Lat_43.500_Lon_-96.875,fixed_generator,,node_1,Solar_time_series_by_year/Solar_time_series_2016_at_Lat_43.500_Lon_-96.875.csv,,,0.0148,,,,,,,0.1038,
node_1_wind_at_Lat_43.500_Lon_-96.875,fixed_generator,,node_1,Wind_time_series_by_year/Wind_time_series_2016_at_Lat_43.500_Lon_-96.875.csv,,,0.0160,,,,,,,0.0208,
node_1_solar_at_Lat_43.500_Lon_-96.250,fixed_generator,,node_1,Solar_time_series_by_year/Solar_time_series_2016_at_Lat_43.500_Lon_-96.250.csv,,,0.0148,,,,,,,0.1038,
node_1_wind_at_Lat_43.500_Lon_-96.250,fixed_generator,,node_1,Wind_time_series_by_year/Wind_time_series_2016_at_Lat_43.500_Lon_-96.250.csv,,,0.0160,,,,,,,0.0208,
node_1_solar_at_Lat_43.500_Lon_-95.625,fixed_generator,,node_1,Solar_time_series_by_year/Solar_time_series_2016_at_Lat_43.500_Lon_-95.625.csv,,,0.0148,,,,,,,0.1038,
node_1_wind_at_Lat_43.500_Lon_-95.625,fixed_generator,,node_1,Wind_time_series_by_year/Wind_time_series_2016_at_Lat_43.500_Lon_-95.625.csv,,,0.0160,,,,,,,0.0208,
node_1_solar_at_Lat_43.500_Lon_-95.000,fixed_generator,,node_1,Solar_time_series_by_year/Solar_time_series_2016_at_Lat_43.500_Lon_-95.000.csv,,,0.0148,,,,,,,0.1038,
node_1_wind_at_Lat_43.500_Lon_-95.000,fixed_generator,,node_1,Wind_time_series_by_year/Wind_time_series_2016_at_Lat_43.500_Lon_-95.000.csv,,,0.0160,,,,,,,0.0208,
node_1_solar_at_Lat_43.500_Lon_-94.375,fixed_generator,,node_1,Solar_time_series_by_year/Solar_time_series_2016_at_Lat_43.500_Lon_-94.375.csv,,,0.0148,,,,,,,0.1038,
node_1_wind_at_Lat_43.500_Lon_-94.375,fixed_generator,,node_1,Wind_time_series_by_year/Wind_time_series_2016_at_Lat_43.500_Lon_-94.375.csv,,,0.0160,,,,,,,0.0208,
node_1_solar_at_Lat_43.500_Lon_-93.750,fixed_generator,,node_1,Solar_time_series_by_year/Solar_time_series_2016_at_Lat_43.500_Lon_-93.750.csv,,,0.0148,,,,,,,0.1038,
node_1_wind_at_Lat_43.500_Lon_-93.750,fixed_generator,,node_1,Wind_time_series_by_year/Wind_time_series_2016_at_Lat_43.500_Lon_-93.750.csv,,,0.0160,,,,,,,0.0208,
node_1_solar_at_Lat_43.500_Lon_-93.125,fixed_generator,,node_1,Solar_time_series_by_year/Solar_time_series_2016_at_Lat_43.500_Lon_-93.125.csv,,,0.0148,,,,,,,0.1038,
node_1_wind_at_Lat_43.500_Lon_-93.125,fixed_generator,,node_1,Wind_time_series_by_year/Wind_time_series_2016_at_Lat_43.500_Lon_-93.125.csv,,,0.0160,,,,,,,0.0208,
node_1_solar_at_Lat_43.500_Lon_-92.500,fixed_generator,,node_1,Solar_time_series_by_year/Solar_time_series_2016_at_Lat_43.500_Lon_-92.500.csv,,,0.0148,,,,,,,0.1038,
node_1_wind_at_Lat_43.500_Lon_-92.500,fixed_generator,,node_1,Wind_time_series_by_year/Wind_time_series_2016_at_Lat_43.500_Lon_-92.500.csv,,,0.0160,,,,,,,0.0208,
node_1_solar_at_Lat_43.500_Lon_-91.875,fixed_generator,,node_1,Solar_time_series_by_year/Solar_time_series_2016_at_Lat_43.500_Lon_-91.875.csv,,,0.0148,,,,,,,0.1038,
node_1_wind_at_Lat_43.500_Lon_-91.875,fixed_generator,,node_1,Wind_time_series_by_year/Wind_time_series_2016_at_Lat_43.500_Lon_-91.875.csv,,,0.0160,,,,,,,0.0208,
node_1_solar_at_Lat_43.500_Lon_-91.250,fixed_generator,,node_1,Solar_time_series_by_year/Solar_time_series_2016_at_Lat_43.500_Lon_-91.250.csv,,,0.0148,,,,,,,0.1038,
node_1_wind_at_Lat_43.500_Lon_-91.250,fixed_generator,,node_1,Wind_time_series_by_year/Wind_time_series_2016_at_Lat_43.500_Lon_-91.250.csv,,,0.0160,,,,,,,0.0208,
node_1_solar_at_Lat_43.500_Lon_-90.625,fixed_generator,,node_1,Solar_time_series_by_year/Solar_time_series_2016_at_Lat_43.500_Lon_-90.625.csv,,,0.0148,,,,,,,0.1038,
node_1_wind_at_Lat_43.500_Lon_-90.625,fixed_generator,,node_1,Wind_time_series_by_year/Wind_time_series_2016_at_Lat_43.500_Lon_-90.625.csv,,,0.0160,,,,,,,0.0208,
node_1_solar_at_Lat_43.500_Lon_-90.000,fixed_generator,,node_1,Solar_time_series_by_year/Solar_time_series_2016_at_Lat_43.500_Lon_-90.000.csv,,,0.0148,,,,,,,0.1038,
node_1_wind_at_Lat_43.500_Lon_-90.000,fixed_generator,,node_1,Wind_time_series_by_year/Wind_time_series_2016_at_Lat_43.500_Lon_-90.000.csv,,,0.0160,,,,,,,0.0208,
node_1_solar_at_Lat_43.500_Lon_-89.375,fixed_generator,,node_1,Solar_time_series_by_year/Solar_time_series_2016_at_Lat_43.500_Lon_-89.375.csv,,,0.0148,,,,,,,0.1038,
node_1_wind_at_Lat_43.500_Lon_-89.375,fixed_generator,,node_1,Wind_time_series_by_year/Wind_time_series_2016_at_Lat_43.500_Lon_-89.375.csv,,,0.0160,,,,,,,0.0208,
node_1_solar_at_Lat_43.500_Lon_-88.750,fixed_generator,,node_1,Solar_time_series_by_year/Solar_time_series_2016_at_Lat_43.500_Lon_-88.750.csv,,,0.0148,,,,,,,0.1038,
node_1_wind_at_Lat_43.500_Lon_-88.750,fixed_generator,,node_1,Wind_time_series_by_year/Wind_time_series_2016_at_Lat_43.500_Lon_-88.750.csv,,,0.0160,,,,,,,0.0208,
node_1_solar_at_Lat_43.500_Lon_-88.125,fixed_generator,,node_1,Solar_time_series_by_year/Solar_time_series_2016_at_Lat_43.500_Lon_-88.125.csv,,,0.0148,,,,,,,0.1038,
node_1_wind_at_Lat_43.500_Lon_-88.125,fixed_generator,,node_1,Wind_time_series_by_year/Wind_time_series_2016_at_Lat_43.500_Lon_-88.125.csv,,,0.0160,,,,,,,0.0208,
node_1_solar_at_Lat_43.500_Lon_-86.250,fixed_generator,,node_1,Solar_time_series_by_year/Solar_time_series_2016_at_Lat_43.500_Lon_-86.250.csv,,,0.0148,,,,,,,0.1038,
node_1_wind_at_Lat_43.500_Lon_-86.250,fixed_generator,,node_1,Wind_time_series_by_year/Wind_time_series_2016_at_Lat_43.500_Lon_-86.250.csv,,,0.0160,,,,,,,0.0208,
node_1_solar_at_Lat_43.500_Lon_-85.625,fixed_generator,,node_1,Solar_time_series_by_year/Solar_time_series_2016_at_Lat_43.500_Lon_-85.625.csv,,,0.0148,,,,,,,0.1038,
node_1_wind_at_Lat_43.500_Lon_-85.625,fixed_generator,,node_1,Wind_time_series_by_year/Wind_time_series_2016_at_Lat_43.500_Lon_-85.625.csv,,,0.0160,,,,,,,0.0208,
node_1_solar_at_Lat_43.500_Lon_-85.000,fixed_generator,,node_1,Solar_time_series_by_year/Solar_time_series_2016_at_Lat_43.500_Lon_-85.000.csv,,,0.0148,,,,,,,0.1038,
node_1_wind_at_Lat_43.500_Lon_-85.000,fixed_generator,,node_1,Wind_time_series_by_year/Wind_time_series_2016_at_Lat_43.500_Lon_-85.000.csv,,,0.0160,,,,,,,0.0208,
node_1_solar_at_Lat_43.500_Lon_-84.375,fixed_generator,,node_1,Solar_time_series_by_year/Solar_time_series_2016_at_Lat_43.500_Lon_-84.375.csv,,,0.0148,,,,,,,0.1038,
node_1_wind_at_Lat_43.500_Lon_-84.375,fixed_generator,,node_1,Wind_time_series_by_year/Wind_time_series_2016_at_Lat_43.500_Lon_-84.375.csv,,,0.0160,,,,,,,0.0208,
node_1_solar_at_Lat_43.500_Lon_-83.750,fixed_generator,,node_1,Solar_time_series_by_year/Solar_time_series_2016_at_Lat_43.500_Lon_-83.750.csv,,,0.0148,,,,,,,0.1038,
node_1_wind_at_Lat_43.500_Lon_-83.750,fixed_generator,,node_1,Wind_time_series_by_year/Wind_time_series_2016_at_Lat_43.500_Lon_-83.750.csv,,,0.0160,,,,,,,0.0208,
node_1_solar_at_Lat_43.500_Lon_-83.125,fixed_generator,,node_1,Solar_time_series_by_year/Solar_time_series_2016_at_Lat_43.500_Lon_-83.125.csv,,,0.0148,,,,,,,0.1038,
node_1_wind_at_Lat_43.500_Lon_-83.125,fixed_generator,,node_1,Wind_time_series_by_year/Wind_time_series_2016_at_Lat_43.500_Lon_-83.125.csv,,,0.0160,,,,,,,0.0208,
node_1_solar_at_Lat_43.500_Lon_-76.250,fixed_generator,,node_1,Solar_time_series_by_year/Solar_time_series_2016_at_Lat_43.500_Lon_-76.250.csv,,,0.0148,,,,,,,0.1038,
node_1_wind_at_Lat_43.500_Lon_-76.250,fixed_generator,,node_1,Wind_time_series_by_year/Wind_time_series_2016_at_Lat_43.500_Lon_-76.250.csv,,,0.0160,,,,,,,0.0208,
node_1_solar_at_Lat_43.500_Lon_-75.625,fixed_generator,,node_1,Solar_time_series_by_year/Solar_time_series_2016_at_Lat_43.500_Lon_-75.625.csv,,,0.0148,,,,,,,0.1038,
node_1_wind_at_Lat_43.500_Lon_-75.625,fixed_generator,,node_1,Wind_time_series_by_year/Wind_time_series_2016_at_Lat_43.500_Lon_-75.625.csv,,,0.0160,,,,,,,0.0208,
node_1_solar_at_Lat_43.500_Lon_-75.000,fixed_generator,,node_1,Solar_time_series_by_year/Solar_time_series_2016_at_Lat_43.500_Lon_-75.000.csv,,,0.0148,,,,,,,0.1038,
node_1_wind_at_Lat_43.500_Lon_-75.000,fixed_generator,,node_1,Wind_time_series_by_year/Wind_time_series_2016_at_Lat_43.500_Lon_-75.000.csv,,,0.0160,,,,,,,0.0208,
node_1_solar_at_Lat_43.500_Lon_-74.375,fixed_generator,,node_1,Solar_time_series_by_year/Solar_time_series_2016_at_Lat_43.500_Lon_-74.375.csv,,,0.0148,,,,,,,0.1038,
node_1_wind_at_Lat_43.500_Lon_-74.375,fixed_generator,,node_1,Wind_time_series_by_year/Wind_time_series_2016_at_Lat_43.500_Lon_-74.375.csv,,,0.0160,,,,,,,0.0208,
node_1_solar_at_Lat_43.500_Lon_-73.750,fixed_generator,,node_1,Solar_time_series_by_year/Solar_time_series_2016_at_Lat_43.500_Lon_-73.750.csv,,,0.0148,,,,,,,0.1038,
node_1_wind_at_Lat_43.500_Lon_-73.750,fixed_generator,,node_1,Wind_time_series_by_year/Wind_time_series_2016_at_Lat_43.500_Lon_-73.750.csv,,,0.0160,,,,,,,0.0208,
node_1_solar_at_Lat_43.500_Lon_-73.125,fixed_generator,,node_1,Solar_time_series_by_year/Solar_time_series_2016_at_Lat_43.500_Lon_-73.125.csv,,,0.0148,,,,,,,0.1038,
node_1_wind_at_Lat_43.500_Lon_-73.125,fixed_generator,,node_1,Wind_time_series_by_year/Wind_time_series_2016_at_Lat_43.500_Lon_-73.125.csv,,,0.0160,,,,,,,0.0208,
node_1_solar_at_Lat_43.500_Lon_-72.500,fixed_generator,,node_1,Solar_time_series_by_year/Solar_time_series_2016_at_Lat_43.500_Lon_-72.500.csv,,,0.0148,,,,,,,0.1038,
node_1_wind_at_Lat_43.500_Lon_-72.500,fixed_generator,,node_1,Wind_time_series_by_year/Wind_time_series_2016_at_Lat_43.500_Lon_-72.500.csv,,,0.0160,,,,,,,0.0208,
node_1_solar_at_Lat_43.500_Lon_-71.875,fixed_generator,,node_1,Solar_time_series_by_year/Solar_time_series_2016_at_Lat_43.500_Lon_-71.875.csv,,,0.0148,,,,,,,0.1038,
node_1_wind_at_Lat_43.500_Lon_-71.875,fixed_generator,,node_1,Wind_time_series_by_year/Wind_time_series_2016_at_Lat_43.500_Lon_-71.875.csv,,,0.0160,,,,,,,0.0208,
node_1_solar_at_Lat_43.500_Lon_-71.250,fixed_generator,,node_1,Solar_time_series_by_year/Solar_time_series_2016_at_Lat_43.500_Lon_-71.250.csv,,,0.0148,,,,,,,0.1038,
node_1_wind_at_Lat_43.500_Lon_-71.250,fixed_generator,,node_1,Wind_time_series_by_year/Wind_time_series_2016_at_Lat_43.500_Lon_-71.250.csv,,,0.0160,,,,,,,0.0208,
node_1_solar_at_Lat_43.500_Lon_-70.625,fixed_generator,,node_1,Solar_time_series_by_year/Solar_time_series_2016_at_Lat_43.500_Lon_-70.625.csv,,,0.0148,,,,,,,0.1038,
node_1_wind_at_Lat_43.500_Lon_-70.625,fixed_generator,,node_1,Wind_time_series_by_year/Wind_time_series_2016_at_Lat_43.500_Lon_-70.625.csv,,,0.0160,,,,,,,0.0208,
node_1_solar_at_Lat_44.000_Lon_-123.750,fixed_generator,,node_1,Solar_time_series_by_year/Solar_time_series_2016_at_Lat_44.000_Lon_-123.750.csv,,,0.0148,,,,,,,0.1029,
node_1_wind_at_Lat_44.000_Lon_-123.750,fixed_generator,,node_1,Wind_time_series_by_year/Wind_time_series_2016_at_Lat_44.000_Lon_-123.750.csv,,,0.0160,,,,,,,0.0206,
node_1_solar_at_Lat_44.000_Lon_-123.125,fixed_generator,,node_1,Solar_time_series_by_year/Solar_time_series_2016_at_Lat_44.000_Lon_-123.125.csv,,,0.0148,,,,,,,0.1029,
node_1_wind_at_Lat_44.000_Lon_-123.125,fixed_generator,,node_1,Wind_time_series_by_year/Wind_time_series_2016_at_Lat_44.000_Lon_-123.125.csv,,,0.0160,,,,,,,0.0206,
node_1_solar_at_Lat_44.000_Lon_-122.500,fixed_generator,,node_1,Solar_time_series_by_year/Solar_time_series_2016_at_Lat_44.000_Lon_-122.500.csv,,,0.0148,,,,,,,0.1029,
node_1_wind_at_Lat_44.000_Lon_-122.500,fixed_generator,,node_1,Wind_time_series_by_year/Wind_time_series_2016_at_Lat_44.000_Lon_-122.500.csv,,,0.0160,,,,,,,0.0206,
node_1_solar_at_Lat_44.000_Lon_-121.875,fixed_generator,,node_1,Solar_time_series_by_year/Solar_time_series_2016_at_Lat_44.000_Lon_-121.875.csv,,,0.0148,,,,,,,0.1029,
node_1_wind_at_Lat_44.000_Lon_-121.875,fixed_generator,,node_1,Wind_time_series_by_year/Wind_time_series_2016_at_Lat_44.000_Lon_-121.875.csv,,,0.0160,,,,,,,0.0206,
node_1_solar_at_Lat_44.000_Lon_-121.250,fixed_generator,,node_1,Solar_time_series_by_year/Solar_time_series_2016_at_Lat_44.000_Lon_-121.250.csv,,,0.0148,,,,,,,0.1029,
node_1_wind_at_Lat_44.000_Lon_-121.250,fixed_generator,,node_1,Wind_time_series_by_year/Wind_time_series_2016_at_Lat_44.000_Lon_-121.250.csv,,,0.0160,,,,,,,0.0206,
node_1_solar_at_Lat_44.000_Lon_-120.625,fixed_generator,,node_1,Solar_time_series_by_year/Solar_time_series_2016_at_Lat_44.000_Lon_-120.625.csv,,,0.0148,,,,,,,0.1029,
node_1_wind_at_Lat_44.000_Lon_-120.625,fixed_generator,,node_1,Wind_time_series_by_year/Wind_time_series_2016_at_Lat_44.000_Lon_-120.625.csv,,,0.0160,,,,,,,0.0206,
node_1_solar_at_Lat_44.000_Lon_-120.000,fixed_generator,,node_1,Solar_time_series_by_year/Solar_time_series_2016_at_Lat_44.000_Lon_-120.000.csv,,,0.0148,,,,,,,0.1029,
node_1_wind_at_Lat_44.000_Lon_-120.000,fixed_generator,,node_1,Wind_time_series_by_year/Wind_time_series_2016_at_Lat_44.000_Lon_-120.000.csv,,,0.0160,,,,,,,0.0206,
node_1_solar_at_Lat_44.000_Lon_-119.375,fixed_generator,,node_1,Solar_time_series_by_year/Solar_time_series_2016_at_Lat_44.000_Lon_-119.375.csv,,,0.0148,,,,,,,0.1029,
node_1_wind_at_Lat_44.000_Lon_-119.375,fixed_generator,,node_1,Wind_time_series_by_year/Wind_time_series_2016_at_Lat_44.000_Lon_-119.375.csv,,,0.0160,,,,,,,0.0206,
node_1_solar_at_Lat_44.000_Lon_-118.750,fixed_generator,,node_1,Solar_time_series_by_year/Solar_time_series_2016_at_Lat_44.000_Lon_-118.750.csv,,,0.0148,,,,,,,0.1029,
node_1_wind_at_Lat_44.000_Lon_-118.750,fixed_generator,,node_1,Wind_time_series_by_year/Wind_time_series_2016_at_Lat_44.000_Lon_-118.750.csv,,,0.0160,,,,,,,0.0206,
node_1_solar_at_Lat_44.000_Lon_-118.125,fixed_generator,,node_1,Solar_time_series_by_year/Solar_time_series_2016_at_Lat_44.000_Lon_-118.125.csv,,,0.0148,,,,,,,0.1029,
node_1_wind_at_Lat_44.000_Lon_-118.125,fixed_generator,,node_1,Wind_time_series_by_year/Wind_time_series_2016_at_Lat_44.000_Lon_-118.125.csv,,,0.0160,,,,,,,0.0206,
node_1_solar_at_Lat_44.000_Lon_-117.500,fixed_generator,,node_1,Solar_time_series_by_year/Solar_time_series_2016_at_Lat_44.000_Lon_-117.500.csv,,,0.0148,,,,,,,0.1029,
node_1_wind_at_Lat_44.000_Lon_-117.500,fixed_generator,,node_1,Wind_time_series_by_year/Wind_time_series_2016_at_Lat_44.000_Lon_-117.500.csv,,,0.0160,,,,,,,0.0206,
node_1_solar_at_Lat_44.000_Lon_-116.875,fixed_generator,,node_1,Solar_time_series_by_year/Solar_time_series_2016_at_Lat_44.000_Lon_-116.875.csv,,,0.0148,,,,,,,0.1029,
node_1_wind_at_Lat_44.000_Lon_-116.875,fixed_generator,,node_1,Wind_time_series_by_year/Wind_time_series_2016_at_Lat_44.000_Lon_-116.875.csv,,,0.0160,,,,,,,0.0206,
node_1_solar_at_Lat_44.000_Lon_-116.250,fixed_generator,,node_1,Solar_time_series_by_year/Solar_time_series_2016_at_Lat_44.000_Lon_-116.250.csv,,,0.0148,,,,,,,0.1029,
node_1_wind_at_Lat_44.000_Lon_-116.250,fixed_generator,,node_1,Wind_time_series_by_year/Wind_time_series_2016_at_Lat_44.000_Lon_-116.250.csv,,,0.0160,,,,,,,0.0206,
node_1_solar_at_Lat_44.000_Lon_-115.625,fixed_generator,,node_1,Solar_time_series_by_year/Solar_time_series_2016_at_Lat_44.000_Lon_-115.625.csv,,,0.0148,,,,,,,0.1029,
node_1_wind_at_Lat_44.000_Lon_-115.625,fixed_generator,,node_1,Wind_time_series_by_year/Wind_time_series_2016_at_Lat_44.000_Lon_-115.625.csv,,,0.0160,,,,,,,0.0206,
node_1_solar_at_Lat_44.000_Lon_-115.000,fixed_generator,,node_1,Solar_time_series_by_year/Solar_time_series_2016_at_Lat_44.000_Lon_-115.000.csv,,,0.0148,,,,,,,0.1029,
node_1_wind_at_Lat_44.000_Lon_-115.000,fixed_generator,,node_1,Wind_time_series_by_year/Wind_time_series_2016_at_Lat_44.000_Lon_-115.000.csv,,,0.0160,,,,,,,0.0206,
node_1_solar_at_Lat_44.000_Lon_-114.375,fixed_generator,,node_1,Solar_time_series_by_year/Solar_time_series_2016_at_Lat_44.000_Lon_-114.375.csv,,,0.0148,,,,,,,0.1029,
node_1_wind_at_Lat_44.000_Lon_-114.375,fixed_generator,,node_1,Wind_time_series_by_year/Wind_time_series_2016_at_Lat_44.000_Lon_-114.375.csv,,,0.0160,,,,,,,0.0206,
node_1_solar_at_Lat_44.000_Lon_-113.750,fixed_generator,,node_1,Solar_time_series_by_year/Solar_time_series_2016_at_Lat_44.000_Lon_-113.750.csv,,,0.0148,,,,,,,0.1029,
node_1_wind_at_Lat_44.000_Lon_-113.750,fixed_generator,,node_1,Wind_time_series_by_year/Wind_time_series_2016_at_Lat_44.000_Lon_-113.750.csv,,,0.0160,,,,,,,0.0206,
node_1_solar_at_Lat_44.000_Lon_-113.125,fixed_generator,,node_1,Solar_time_series_by_year/Solar_time_series_2016_at_Lat_44.000_Lon_-113.125.csv,,,0.0148,,,,,,,0.1029,
node_1_wind_at_Lat_44.000_Lon_-113.125,fixed_generator,,node_1,Wind_time_series_by_year/Wind_time_series_2016_at_Lat_44.000_Lon_-113.125.csv,,,0.0160,,,,,,,0.0206,
node_1_solar_at_Lat_44.000_Lon_-112.500,fixed_generator,,node_1,Solar_time_series_by_year/Solar_time_series_2016_at_Lat_44.000_Lon_-112.500.csv,,,0.0148,,,,,,,0.1029,
node_1_wind_at_Lat_44.000_Lon_-112.500,fixed_generator,,node_1,Wind_time_series_by_year/Wind_time_series_2016_at_Lat_44.000_Lon_-112.500.csv,,,0.0160,,,,,,,0.0206,
node_1_solar_at_Lat_44.000_Lon_-111.875,fixed_generator,,node_1,Solar_time_series_by_year/Solar_time_series_2016_at_Lat_44.000_Lon_-111.875.csv,,,0.0148,,,,,,,0.1029,
node_1_wind_at_Lat_44.000_Lon_-111.875,fixed_generator,,node_1,Wind_time_series_by_year/Wind_time_series_2016_at_Lat_44.000_Lon_-111.875.csv,,,0.0160,,,,,,,0.0206,
node_1_solar_at_Lat_44.000_Lon_-111.250,fixed_generator,,node_1,Solar_time_series_by_year/Solar_time_series_2016_at_Lat_44.000_Lon_-111.250.csv,,,0.0148,,,,,,,0.1029,
node_1_wind_at_Lat_44.000_Lon_-111.250,fixed_generator,,node_1,Wind_time_series_by_year/Wind_time_series_2016_at_Lat_44.000_Lon_-111.250.csv,,,0.0160,,,,,,,0.0206,
node_1_solar_at_Lat_44.000_Lon_-110.625,fixed_generator,,node_1,Solar_time_series_by_year/Solar_time_series_2016_at_Lat_44.000_Lon_-110.625.csv,,,0.0148,,,,,,,0.1029,
node_1_wind_at_Lat_44.000_Lon_-110.625,fixed_generator,,node_1,Wind_time_series_by_year/Wind_time_series_2016_at_Lat_44.000_Lon_-110.625.csv,,,0.0160,,,,,,,0.0206,
node_1_solar_at_Lat_44.000_Lon_-110.000,fixed_generator,,node_1,Solar_time_series_by_year/Solar_time_series_2016_at_Lat_44.000_Lon_-110.000.csv,,,0.0148,,,,,,,0.1029,
node_1_wind_at_Lat_44.000_Lon_-110.000,fixed_generator,,node_1,Wind_time_series_by_year/Wind_time_series_2016_at_Lat_44.000_Lon_-110.000.csv,,,0.0160,,,,,,,0.0206,
node_1_solar_at_Lat_44.000_Lon_-109.375,fixed_generator,,node_1,Solar_time_series_by_year/Solar_time_series_2016_at_Lat_44.000_Lon_-109.375.csv,,,0.0148,,,,,,,0.1029,
node_1_wind_at_Lat_44.000_Lon_-109.375,fixed_generator,,node_1,Wind_time_series_by_year/Wind_time_series_2016_at_Lat_44.000_Lon_-109.375.csv,,,0.0160,,,,,,,0.0206,
node_1_solar_at_Lat_44.000_Lon_-108.750,fixed_generator,,node_1,Solar_time_series_by_year/Solar_time_series_2016_at_Lat_44.000_Lon_-108.750.csv,,,0.0148,,,,,,,0.1029,
node_1_wind_at_Lat_44.000_Lon_-108.750,fixed_generator,,node_1,Wind_time_series_by_year/Wind_time_series_2016_at_Lat_44.000_Lon_-108.750.csv,,,0.0160,,,,,,,0.0206,
node_1_solar_at_Lat_44.000_Lon_-108.125,fixed_generator,,node_1,Solar_time_series_by_year/Solar_time_series_2016_at_Lat_44.000_Lon_-108.125.csv,,,0.0148,,,,,,,0.1029,
node_1_wind_at_Lat_44.000_Lon_-108.125,fixed_generator,,node_1,Wind_time_series_by_year/Wind_time_series_2016_at_Lat_44.000_Lon_-108.125.csv,,,0.0160,,,,,,,0.0206,
node_1_solar_at_Lat_44.000_Lon_-107.500,fixed_generator,,node_1,Solar_time_series_by_year/Solar_time_series_2016_at_Lat_44.000_Lon_-107.500.csv,,,0.0148,,,,,,,0.1029,
node_1_wind_at_Lat_44.000_Lon_-107.500,fixed_generator,,node_1,Wind_time_series_by_year/Wind_time_series_2016_at_Lat_44.000_Lon_-107.500.csv,,,0.0160,,,,,,,0.0206,
node_1_solar_at_Lat_44.000_Lon_-106.875,fixed_generator,,node_1,Solar_time_series_by_year/Solar_time_series_2016_at_Lat_44.000_Lon_-106.875.csv,,,0.0148,,,,,,,0.1029,
node_1_wind_at_Lat_44.000_Lon_-106.875,fixed_generator,,node_1,Wind_time_series_by_year/Wind_time_series_2016_at_Lat_44.000_Lon_-106.875.csv,,,0.0160,,,,,,,0.0206,
node_1_solar_at_Lat_44.000_Lon_-106.250,fixed_generator,,node_1,Solar_time_series_by_year/Solar_time_series_2016_at_Lat_44.000_Lon_-106.250.csv,,,0.0148,,,,,,,0.1029,
node_1_wind_at_Lat_44.000_Lon_-106.250,fixed_generator,,node_1,Wind_time_series_by_year/Wind_time_series_2016_at_Lat_44.000_Lon_-106.250.csv,,,0.0160,,,,,,,0.0206,
node_1_solar_at_Lat_44.000_Lon_-105.625,fixed_generator,,node_1,Solar_time_series_by_year/Solar_time_series_2016_at_Lat_44.000_Lon_-105.625.csv,,,0.0148,,,,,,,0.1029,
node_1_wind_at_Lat_44.000_Lon_-105.625,fixed_generator,,node_1,Wind_time_series_by_year/Wind_time_series_2016_at_Lat_44.000_Lon_-105.625.csv,,,0.0160,,,,,,,0.0206,
node_1_solar_at_Lat_44.000_Lon_-105.000,fixed_generator,,node_1,Solar_time_series_by_year/Solar_time_series_2016_at_Lat_44.000_Lon_-105.000.csv,,,0.0148,,,,,,,0.1029,
node_1_wind_at_Lat_44.000_Lon_-105.000,fixed_generator,,node_1,Wind_time_series_by_year/Wind_time_series_2016_at_Lat_44.000_Lon_-105.000.csv,,,0.0160,,,,,,,0.0206,
node_1_solar_at_Lat_44.000_Lon_-104.375,fixed_generator,,node_1,Solar_time_series_by_year/Solar_time_series_2016_at_Lat_44.000_Lon_-104.375.csv,,,0.0148,,,,,,,0.1029,
node_1_wind_at_Lat_44.000_Lon_-104.375,fixed_generator,,node_1,Wind_time_series_by_year/Wind_time_series_2016_at_Lat_44.000_Lon_-104.375.csv,,,0.0160,,,,,,,0.0206,
node_1_solar_at_Lat_44.000_Lon_-103.750,fixed_generator,,node_1,Solar_time_series_by_year/Solar_time_series_2016_at_Lat_44.000_Lon_-103.750.csv,,,0.0148,,,,,,,0.1029,
node_1_wind_at_Lat_44.000_Lon_-103.750,fixed_generator,,node_1,Wind_time_series_by_year/Wind_time_series_2016_at_Lat_44.000_Lon_-103.750.csv,,,0.0160,,,,,,,0.0206,
node_1_solar_at_Lat_44.000_Lon_-103.125,fixed_generator,,node_1,Solar_time_series_by_year/Solar_time_series_2016_at_Lat_44.000_Lon_-103.125.csv,,,0.0148,,,,,,,0.1029,
node_1_wind_at_Lat_44.000_Lon_-103.125,fixed_generator,,node_1,Wind_time_series_by_year/Wind_time_series_2016_at_Lat_44.000_Lon_-103.125.csv,,,0.0160,,,,,,,0.0206,
node_1_solar_at_Lat_44.000_Lon_-102.500,fixed_generator,,node_1,Solar_time_series_by_year/Solar_time_series_2016_at_Lat_44.000_Lon_-102.500.csv,,,0.0148,,,,,,,0.1029,
node_1_wind_at_Lat_44.000_Lon_-102.500,fixed_generator,,node_1,Wind_time_series_by_year/Wind_time_series_2016_at_Lat_44.000_Lon_-102.500.csv,,,0.0160,,,,,,,0.0206,
node_1_solar_at_Lat_44.000_Lon_-101.875,fixed_generator,,node_1,Solar_time_series_by_year/Solar_time_series_2016_at_Lat_44.000_Lon_-101.875.csv,,,0.0148,,,,,,,0.1029,
node_1_wind_at_Lat_44.000_Lon_-101.875,fixed_generator,,node_1,Wind_time_series_by_year/Wind_time_series_2016_at_Lat_44.000_Lon_-101.875.csv,,,0.0160,,,,,,,0.0206,
node_1_solar_at_Lat_44.000_Lon_-101.250,fixed_generator,,node_1,Solar_time_series_by_year/Solar_time_series_2016_at_Lat_44.000_Lon_-101.250.csv,,,0.0148,,,,,,,0.1029,
node_1_wind_at_Lat_44.000_Lon_-101.250,fixed_generator,,node_1,Wind_time_series_by_year/Wind_time_series_2016_at_Lat_44.000_Lon_-101.250.csv,,,0.0160,,,,,,,0.0206,
node_1_solar_at_Lat_44.000_Lon_-100.625,fixed_generator,,node_1,Solar_time_series_by_year/Solar_time_series_2016_at_Lat_44.000_Lon_-100.625.csv,,,0.0148,,,,,,,0.1029,
node_1_wind_at_Lat_44.000_Lon_-100.625,fixed_generator,,node_1,Wind_time_series_by_year/Wind_time_series_2016_at_Lat_44.000_Lon_-100.625.csv,,,0.0160,,,,,,,0.0206,
node_1_solar_at_Lat_44.000_Lon_-100.000,fixed_generator,,node_1,Solar_time_series_by_year/Solar_time_series_2016_at_Lat_44.000_Lon_-100.000.csv,,,0.0148,,,,,,,0.1029,
node_1_wind_at_Lat_44.000_Lon_-100.000,fixed_generator,,node_1,Wind_time_series_by_year/Wind_time_series_2016_at_Lat_44.000_Lon_-100.000.csv,,,0.0160,,,,,,,0.0206,
node_1_solar_at_Lat_44.000_Lon_-99.375,fixed_generator,,node_1,Solar_time_series_by_year/Solar_time_series_2016_at_Lat_44.000_Lon_-99.375.csv,,,0.0148,,,,,,,0.1029,
node_1_wind_at_Lat_44.000_Lon_-99.375,fixed_generator,,node_1,Wind_time_series_by_year/Wind_time_series_2016_at_Lat_44.000_Lon_-99.375.csv,,,0.0160,,,,,,,0.0206,
node_1_solar_at_Lat_44.000_Lon_-98.750,fixed_generator,,node_1,Solar_time_series_by_year/Solar_time_series_2016_at_Lat_44.000_Lon_-98.750.csv,,,0.0148,,,,,,,0.1029,
node_1_wind_at_Lat_44.000_Lon_-98.750,fixed_generator,,node_1,Wind_time_series_by_year/Wind_time_series_2016_at_Lat_44.000_Lon_-98.750.csv,,,0.0160,,,,,,,0.0206,
node_1_solar_at_Lat_44.000_Lon_-98.125,fixed_generator,,node_1,Solar_time_series_by_year/Solar_time_series_2016_at_Lat_44.000_Lon_-98.125.csv,,,0.0148,,,,,,,0.1029,
node_1_wind_at_Lat_44.000_Lon_-98.125,fixed_generator,,node_1,Wind_time_series_by_year/Wind_time_series_2016_at_Lat_44.000_Lon_-98.125.csv,,,0.0160,,,,,,,0.0206,
node_1_solar_at_Lat_44.000_Lon_-97.500,fixed_generator,,node_1,Solar_time_series_by_year/Solar_time_series_2016_at_Lat_44.000_Lon_-97.500.csv,,,0.0148,,,,,,,0.1029,
node_1_wind_at_Lat_44.000_Lon_-97.500,fixed_generator,,node_1,Wind_time_series_by_year/Wind_time_series_2016_at_Lat_44.000_Lon_-97.500.csv,,,0.0160,,,,,,,0.0206,
node_1_solar_at_Lat_44.000_Lon_-96.875,fixed_generator,,node_1,Solar_time_series_by_year/Solar_time_series_2016_at_Lat_44.000_Lon_-96.875.csv,,,0.0148,,,,,,,0.1029,
node_1_wind_at_Lat_44.000_Lon_-96.875,fixed_generator,,node_1,Wind_time_series_by_year/Wind_time_series_2016_at_Lat_44.000_Lon_-96.875.csv,,,0.0160,,,,,,,0.0206,
node_1_solar_at_Lat_44.000_Lon_-96.250,fixed_generator,,node_1,Solar_time_series_by_year/Solar_time_series_2016_at_Lat_44.000_Lon_-96.250.csv,,,0.0148,,,,,,,0.1029,
node_1_wind_at_Lat_44.000_Lon_-96.250,fixed_generator,,node_1,Wind_time_series_by_year/Wind_time_series_2016_at_Lat_44.000_Lon_-96.250.csv,,,0.0160,,,,,,,0.0206,
node_1_solar_at_Lat_44.000_Lon_-95.625,fixed_generator,,node_1,Solar_time_series_by_year/Solar_time_series_2016_at_Lat_44.000_Lon_-95.625.csv,,,0.0148,,,,,,,0.1029,
node_1_wind_at_Lat_44.000_Lon_-95.625,fixed_generator,,node_1,Wind_time_series_by_year/Wind_time_series_2016_at_Lat_44.000_Lon_-95.625.csv,,,0.0160,,,,,,,0.0206,
node_1_solar_at_Lat_44.000_Lon_-95.000,fixed_generator,,node_1,Solar_time_series_by_year/Solar_time_series_2016_at_Lat_44.000_Lon_-95.000.csv,,,0.0148,,,,,,,0.1029,
node_1_wind_at_Lat_44.000_Lon_-95.000,fixed_generator,,node_1,Wind_time_series_by_year/Wind_time_series_2016_at_Lat_44.000_Lon_-95.000.csv,,,0.0160,,,,,,,0.0206,
node_1_solar_at_Lat_44.000_Lon_-94.375,fixed_generator,,node_1,Solar_time_series_by_year/Solar_time_series_2016_at_Lat_44.000_Lon_-94.375.csv,,,0.0148,,,,,,,0.1029,
node_1_wind_at_Lat_44.000_Lon_-94.375,fixed_generator,,node_1,Wind_time_series_by_year/Wind_time_series_2016_at_Lat_44.000_Lon_-94.375.csv,,,0.0160,,,,,,,0.0206,
node_1_solar_at_Lat_44.000_Lon_-93.750,fixed_generator,,node_1,Solar_time_series_by_year/Solar_time_series_2016_at_Lat_44.000_Lon_-93.750.csv,,,0.0148,,,,,,,0.1029,
node_1_wind_at_Lat_44.000_Lon_-93.750,fixed_generator,,node_1,Wind_time_series_by_year/Wind_time_series_2016_at_Lat_44.000_Lon_-93.750.csv,,,0.0160,,,,,,,0.0206,
node_1_solar_at_Lat_44.000_Lon_-93.125,fixed_generator,,node_1,Solar_time_series_by_year/Solar_time_series_2016_at_Lat_44.000_Lon_-93.125.csv,,,0.0148,,,,,,,0.1029,
node_1_wind_at_Lat_44.000_Lon_-93.125,fixed_generator,,node_1,Wind_time_series_by_year/Wind_time_series_2016_at_Lat_44.000_Lon_-93.125.csv,,,0.0160,,,,,,,0.0206,
node_1_solar_at_Lat_44.000_Lon_-92.500,fixed_generator,,node_1,Solar_time_series_by_year/Solar_time_series_2016_at_Lat_44.000_Lon_-92.500.csv,,,0.0148,,,,,,,0.1029,
node_1_wind_at_Lat_44.000_Lon_-92.500,fixed_generator,,node_1,Wind_time_series_by_year/Wind_time_series_2016_at_Lat_44.000_Lon_-92.500.csv,,,0.0160,,,,,,,0.0206,
node_1_solar_at_Lat_44.000_Lon_-91.875,fixed_generator,,node_1,Solar_time_series_by_year/Solar_time_series_2016_at_Lat_44.000_Lon_-91.875.csv,,,0.0148,,,,,,,0.1029,
node_1_wind_at_Lat_44.000_Lon_-91.875,fixed_generator,,node_1,Wind_time_series_by_year/Wind_time_series_2016_at_Lat_44.000_Lon_-91.875.csv,,,0.0160,,,,,,,0.0206,
node_1_solar_at_Lat_44.000_Lon_-91.250,fixed_generator,,node_1,Solar_time_series_by_year/Solar_time_series_2016_at_Lat_44.000_Lon_-91.250.csv,,,0.0148,,,,,,,0.1029,
node_1_wind_at_Lat_44.000_Lon_-91.250,fixed_generator,,node_1,Wind_time_series_by_year/Wind_time_series_2016_at_Lat_44.000_Lon_-91.250.csv,,,0.0160,,,,,,,0.0206,
node_1_solar_at_Lat_44.000_Lon_-90.625,fixed_generator,,node_1,Solar_time_series_by_year/Solar_time_series_2016_at_Lat_44.000_Lon_-90.625.csv,,,0.0148,,,,,,,0.1029,
node_1_wind_at_Lat_44.000_Lon_-90.625,fixed_generator,,node_1,Wind_time_series_by_year/Wind_time_series_2016_at_Lat_44.000_Lon_-90.625.csv,,,0.0160,,,,,,,0.0206,
node_1_solar_at_Lat_44.000_Lon_-90.000,fixed_generator,,node_1,Solar_time_series_by_year/Solar_time_series_2016_at_Lat_44.000_Lon_-90.000.csv,,,0.0148,,,,,,,0.1029,
node_1_wind_at_Lat_44.000_Lon_-90.000,fixed_generator,,node_1,Wind_time_series_by_year/Wind_time_series_2016_at_Lat_44.000_Lon_-90.000.csv,,,0.0160,,,,,,,0.0206,
node_1_solar_at_Lat_44.000_Lon_-89.375,fixed_generator,,node_1,Solar_time_series_by_year/Solar_time_series_2016_at_Lat_44.000_Lon_-89.375.csv,,,0.0148,,,,,,,0.1029,
node_1_wind_at_Lat_44.000_Lon_-89.375,fixed_generator,,node_1,Wind_time_series_by_year/Wind_time_series_2016_at_Lat_44.000_Lon_-89.375.csv,,,0.0160,,,,,,,0.0206,
node_1_solar_at_Lat_44.000_Lon_-88.750,fixed_generator,,node_1,Solar_time_series_by_year/Solar_time_series_2016_at_Lat_44.000_Lon_-88.750.csv,,,0.0148,,,,,,,0.1029,
node_1_wind_at_Lat_44.000_Lon_-88.750,fixed_generator,,node_1,Wind_time_series_by_year/Wind_time_series_2016_at_Lat_44.000_Lon_-88.750.csv,,,0.0160,,,,,,,0.0206,
node_1_solar_at_Lat_44.000_Lon_-88.125,fixed_generator,,node_1,Solar_time_series_by_year/Solar_time_series_2016_at_Lat_44.000_Lon_-88.125.csv,,,0.0148,,,,,,,0.1029,
node_1_wind_at_Lat_44.000_Lon_-88.125,fixed_generator,,node_1,Wind_time_series_by_year/Wind_time_series_2016_at_Lat_44.000_Lon_-88.125.csv,,,0.0160,,,,,,,0.0206,
node_1_solar_at_Lat_44.000_Lon_-86.250,fixed_generator,,node_1,Solar_time_series_by_year/Solar_time_series_2016_at_Lat_44.000_Lon_-86.250.csv,,,0.0148,,,,,,,0.1029,
node_1_wind_at_Lat_44.000_Lon_-86.250,fixed_generator,,node_1,Wind_time_series_by_year/Wind_time_series_2016_at_Lat_44.000_Lon_-86.250.csv,,,0.0160,,,,,,,0.0206,
node_1_solar_at_Lat_44.000_Lon_-85.625,fixed_generator,,node_1,Solar_time_series_by_year/Solar_time_series_2016_at_Lat_44.000_Lon_-85.625.csv,,,0.0148,,,,,,,0.1029,
node_1_wind_at_Lat_44.000_Lon_-85.625,fixed_generator,,node_1,Wind_time_series_by_year/Wind_time_series_2016_at_Lat_44.000_Lon_-85.625.csv,,,0.0160,,,,,,,0.0206,
node_1_solar_at_Lat_44.000_Lon_-85.000,fixed_generator,,node_1,Solar_time_series_by_year/Solar_time_series_2016_at_Lat_44.000_Lon_-85.000.csv,,,0.0148,,,,,,,0.1029,
node_1_wind_at_Lat_44.000_Lon_-85.000,fixed_generator,,node_1,Wind_time_series_by_year/Wind_time_series_2016_at_Lat_44.000_Lon_-85.000.csv,,,0.0160,,,,,,,0.0206,
node_1_solar_at_Lat_44.000_Lon_-84.375,fixed_generator,,node_1,Solar_time_series_by_year/Solar_time_series_2016_at_Lat_44.000_Lon_-84.375.csv,,,0.0148,,,,,,,0.1029,
node_1_wind_at_Lat_44.000_Lon_-84.375,fixed_generator,,node_1,Wind_time_series_by_year/Wind_time_series_2016_at_Lat_44.000_Lon_-84.375.csv,,,0.0160,,,,,,,0.0206,
node_1_solar_at_Lat_44.000_Lon_-83.750,fixed_generator,,node_1,Solar_time_series_by_year/Solar_time_series_2016_at_Lat_44.000_Lon_-83.750.csv,,,0.0148,,,,,,,0.1029,
node_1_wind_at_Lat_44.000_Lon_-83.750,fixed_generator,,node_1,Wind_time_series_by_year/Wind_time_series_2016_at_Lat_44.000_Lon_-83.750.csv,,,0.0160,,,,,,,0.0206,
node_1_solar_at_Lat_44.000_Lon_-75.625,fixed_generator,,node_1,Solar_time_series_by_year/Solar_time_series_2016_at_Lat_44.000_Lon_-75.625.csv,,,0.0148,,,,,,,0.1029,
node_1_wind_at_Lat_44.000_Lon_-75.625,fixed_generator,,node_1,Wind_time_series_by_year/Wind_time_series_2016_at_Lat_44.000_Lon_-75.625.csv,,,0.0160,,,,,,,0.0206,
node_1_solar_at_Lat_44.000_Lon_-75.000,fixed_generator,,node_1,Solar_time_series_by_year/Solar_time_series_2016_at_Lat_44.000_Lon_-75.000.csv,,,0.0148,,,,,,,0.1029,
node_1_wind_at_Lat_44.000_Lon_-75.000,fixed_generator,,node_1,Wind_time_series_by_year/Wind_time_series_2016_at_Lat_44.000_Lon_-75.000.csv,,,0.0160,,,,,,,0.0206,
node_1_solar_at_Lat_44.000_Lon_-74.375,fixed_generator,,node_1,Solar_time_series_by_year/Solar_time_series_2016_at_Lat_44.000_Lon_-74.375.csv,,,0.0148,,,,,,,0.1029,
node_1_wind_at_Lat_44.000_Lon_-74.375,fixed_generator,,node_1,Wind_time_series_by_year/Wind_time_series_2016_at_Lat_44.000_Lon_-74.375.csv,,,0.0160,,,,,,,0.0206,
node_1_solar_at_Lat_44.000_Lon_-73.750,fixed_generator,,node_1,Solar_time_series_by_year/Solar_time_series_2016_at_Lat_44.000_Lon_-73.750.csv,,,0.0148,,,,,,,0.1029,
node_1_wind_at_Lat_44.000_Lon_-73.750,fixed_generator,,node_1,Wind_time_series_by_year/Wind_time_series_2016_at_Lat_44.000_Lon_-73.750.csv,,,0.0160,,,,,,,0.0206,
node_1_solar_at_Lat_44.000_Lon_-73.125,fixed_generator,,node_1,Solar_time_series_by_year/Solar_time_series_2016_at_Lat_44.000_Lon_-73.125.csv,,,0.0148,,,,,,,0.1029,
node_1_wind_at_Lat_44.000_Lon_-73.125,fixed_generator,,node_1,Wind_time_series_by_year/Wind_time_series_2016_at_Lat_44.000_Lon_-73.125.csv,,,0.0160,,,,,,,0.0206,
node_1_solar_at_Lat_44.000_Lon_-72.500,fixed_generator,,node_1,Solar_time_series_by_year/Solar_time_series_2016_at_Lat_44.000_Lon_-72.500.csv,,,0.0148,,,,,,,0.1029,
node_1_wind_at_Lat_44.000_Lon_-72.500,fixed_generator,,node_1,Wind_time_series_by_year/Wind_time_series_2016_at_Lat_44.000_Lon_-72.500.csv,,,0.0160,,,,,,,0.0206,
node_1_solar_at_Lat_44.000_Lon_-71.875,fixed_generator,,node_1,Solar_time_series_by_year/Solar_time_series_2016_at_Lat_44.000_Lon_-71.875.csv,,,0.0148,,,,,,,0.1029,
node_1_wind_at_Lat_44.000_Lon_-71.875,fixed_generator,,node_1,Wind_time_series_by_year/Wind_time_series_2016_at_Lat_44.000_Lon_-71.875.csv,,,0.0160,,,,,,,0.0206,
node_1_solar_at_Lat_44.000_Lon_-71.250,fixed_generator,,node_1,Solar_time_series_by_year/Solar_time_series_2016_at_Lat_44.000_Lon_-71.250.csv,,,0.0148,,,,,,,0.1029,
node_1_wind_at_Lat_44.000_Lon_-71.250,fixed_generator,,node_1,Wind_time_series_by_year/Wind_time_series_2016_at_Lat_44.000_Lon_-71.250.csv,,,0.0160,,,,,,,0.0206,
node_1_solar_at_Lat_44.000_Lon_-70.625,fixed_generator,,node_1,Solar_time_series_by_year/Solar_time_series_2016_at_Lat_44.000_Lon_-70.625.csv,,,0.0148,,,,,,,0.1029,
node_1_wind_at_Lat_44.000_Lon_-70.625,fixed_generator,,node_1,Wind_time_series_by_year/Wind_time_series_2016_at_Lat_44.000_Lon_-70.625.csv,,,0.0160,,,,,,,0.0206,
node_1_solar_at_Lat_44.000_Lon_-70.000,fixed_generator,,node_1,Solar_time_series_by_year/Solar_time_series_2016_at_Lat_44.000_Lon_-70.000.csv,,,0.0148,,,,,,,0.1029,
node_1_wind_at_Lat_44.000_Lon_-70.000,fixed_generator,,node_1,Wind_time_series_by_year/Wind_time_series_2016_at_Lat_44.000_Lon_-70.000.csv,,,0.0160,,,,,,,0.0206,
node_1_solar_at_Lat_44.500_Lon_-123.750,fixed_generator,,node_1,Solar_time_series_by_year/Solar_time_series_2016_at_Lat_44.500_Lon_-123.750.csv,,,0.0148,,,,,,,0.1021,
node_1_wind_at_Lat_44.500_Lon_-123.750,fixed_generator,,node_1,Wind_time_series_by_year/Wind_time_series_2016_at_Lat_44.500_Lon_-123.750.csv,,,0.0160,,,,,,,0.0204,
node_1_solar_at_Lat_44.500_Lon_-123.125,fixed_generator,,node_1,Solar_time_series_by_year/Solar_time_series_2016_at_Lat_44.500_Lon_-123.125.csv,,,0.0148,,,,,,,0.1021,
node_1_wind_at_Lat_44.500_Lon_-123.125,fixed_generator,,node_1,Wind_time_series_by_year/Wind_time_series_2016_at_Lat_44.500_Lon_-123.125.csv,,,0.0160,,,,,,,0.0204,
node_1_solar_at_Lat_44.500_Lon_-122.500,fixed_generator,,node_1,Solar_time_series_by_year/Solar_time_series_2016_at_Lat_44.500_Lon_-122.500.csv,,,0.0148,,,,,,,0.1021,
node_1_wind_at_Lat_44.500_Lon_-122.500,fixed_generator,,node_1,Wind_time_series_by_year/Wind_time_series_2016_at_Lat_44.500_Lon_-122.500.csv,,,0.0160,,,,,,,0.0204,
node_1_solar_at_Lat_44.500_Lon_-121.875,fixed_generator,,node_1,Solar_time_series_by_year/Solar_time_series_2016_at_Lat_44.500_Lon_-121.875.csv,,,0.0148,,,,,,,0.1021,
node_1_wind_at_Lat_44.500_Lon_-121.875,fixed_generator,,node_1,Wind_time_series_by_year/Wind_time_series_2016_at_Lat_44.500_Lon_-121.875.csv,,,0.0160,,,,,,,0.0204,
node_1_solar_at_Lat_44.500_Lon_-121.250,fixed_generator,,node_1,Solar_time_series_by_year/Solar_time_series_2016_at_Lat_44.500_Lon_-121.250.csv,,,0.0148,,,,,,,0.1021,
node_1_wind_at_Lat_44.500_Lon_-121.250,fixed_generator,,node_1,Wind_time_series_by_year/Wind_time_series_2016_at_Lat_44.500_Lon_-121.250.csv,,,0.0160,,,,,,,0.0204,
node_1_solar_at_Lat_44.500_Lon_-120.625,fixed_generator,,node_1,Solar_time_series_by_year/Solar_time_series_2016_at_Lat_44.500_Lon_-120.625.csv,,,0.0148,,,,,,,0.1021,
node_1_wind_at_Lat_44.500_Lon_-120.625,fixed_generator,,node_1,Wind_time_series_by_year/Wind_time_series_2016_at_Lat_44.500_Lon_-120.625.csv,,,0.0160,,,,,,,0.0204,
node_1_solar_at_Lat_44.500_Lon_-120.000,fixed_generator,,node_1,Solar_time_series_by_year/Solar_time_series_2016_at_Lat_44.500_Lon_-120.000.csv,,,0.0148,,,,,,,0.1021,
node_1_wind_at_Lat_44.500_Lon_-120.000,fixed_generator,,node_1,Wind_time_series_by_year/Wind_time_series_2016_at_Lat_44.500_Lon_-120.000.csv,,,0.0160,,,,,,,0.0204,
node_1_solar_at_Lat_44.500_Lon_-119.375,fixed_generator,,node_1,Solar_time_series_by_year/Solar_time_series_2016_at_Lat_44.500_Lon_-119.375.csv,,,0.0148,,,,,,,0.1021,
node_1_wind_at_Lat_44.500_Lon_-119.375,fixed_generator,,node_1,Wind_time_series_by_year/Wind_time_series_2016_at_Lat_44.500_Lon_-119.375.csv,,,0.0160,,,,,,,0.0204,
node_1_solar_at_Lat_44.500_Lon_-118.750,fixed_generator,,node_1,Solar_time_series_by_year/Solar_time_series_2016_at_Lat_44.500_Lon_-118.750.csv,,,0.0148,,,,,,,0.1021,
node_1_wind_at_Lat_44.500_Lon_-118.750,fixed_generator,,node_1,Wind_time_series_by_year/Wind_time_series_2016_at_Lat_44.500_Lon_-118.750.csv,,,0.0160,,,,,,,0.0204,
node_1_solar_at_Lat_44.500_Lon_-118.125,fixed_generator,,node_1,Solar_time_series_by_year/Solar_time_series_2016_at_Lat_44.500_Lon_-118.125.csv,,,0.0148,,,,,,,0.1021,
node_1_wind_at_Lat_44.500_Lon_-118.125,fixed_generator,,node_1,Wind_time_series_by_year/Wind_time_series_2016_at_Lat_44.500_Lon_-118.125.csv,,,0.0160,,,,,,,0.0204,
node_1_solar_at_Lat_44.500_Lon_-117.500,fixed_generator,,node_1,Solar_time_series_by_year/Solar_time_series_2016_at_Lat_44.500_Lon_-117.500.csv,,,0.0148,,,,,,,0.1021,
node_1_wind_at_Lat_44.500_Lon_-117.500,fixed_generator,,node_1,Wind_time_series_by_year/Wind_time_series_2016_at_Lat_44.500_Lon_-117.500.csv,,,0.0160,,,,,,,0.0204,
node_1_solar_at_Lat_44.500_Lon_-116.875,fixed_generator,,node_1,Solar_time_series_by_year/Solar_time_series_2016_at_Lat_44.500_Lon_-116.875.csv,,,0.0148,,,,,,,0.1021,
node_1_wind_at_Lat_44.500_Lon_-116.875,fixed_generator,,node_1,Wind_time_series_by_year/Wind_time_series_2016_at_Lat_44.500_Lon_-116.875.csv,,,0.0160,,,,,,,0.0204,
node_1_solar_at_Lat_44.500_Lon_-116.250,fixed_generator,,node_1,Solar_time_series_by_year/Solar_time_series_2016_at_Lat_44.500_Lon_-116.250.csv,,,0.0148,,,,,,,0.1021,
node_1_wind_at_Lat_44.500_Lon_-116.250,fixed_generator,,node_1,Wind_time_series_by_year/Wind_time_series_2016_at_Lat_44.500_Lon_-116.250.csv,,,0.0160,,,,,,,0.0204,
node_1_solar_at_Lat_44.500_Lon_-115.625,fixed_generator,,node_1,Solar_time_series_by_year/Solar_time_series_2016_at_Lat_44.500_Lon_-115.625.csv,,,0.0148,,,,,,,0.1021,
node_1_wind_at_Lat_44.500_Lon_-115.625,fixed_generator,,node_1,Wind_time_series_by_year/Wind_time_series_2016_at_Lat_44.500_Lon_-115.625.csv,,,0.0160,,,,,,,0.0204,
node_1_solar_at_Lat_44.500_Lon_-115.000,fixed_generator,,node_1,Solar_time_series_by_year/Solar_time_series_2016_at_Lat_44.500_Lon_-115.000.csv,,,0.0148,,,,,,,0.1021,
node_1_wind_at_Lat_44.500_Lon_-115.000,fixed_generator,,node_1,Wind_time_series_by_year/Wind_time_series_2016_at_Lat_44.500_Lon_-115.000.csv,,,0.0160,,,,,,,0.0204,
node_1_solar_at_Lat_44.500_Lon_-114.375,fixed_generator,,node_1,Solar_time_series_by_year/Solar_time_series_2016_at_Lat_44.500_Lon_-114.375.csv,,,0.0148,,,,,,,0.1021,
node_1_wind_at_Lat_44.500_Lon_-114.375,fixed_generator,,node_1,Wind_time_series_by_year/Wind_time_series_2016_at_Lat_44.500_Lon_-114.375.csv,,,0.0160,,,,,,,0.0204,
node_1_solar_at_Lat_44.500_Lon_-113.750,fixed_generator,,node_1,Solar_time_series_by_year/Solar_time_series_2016_at_Lat_44.500_Lon_-113.750.csv,,,0.0148,,,,,,,0.1021,
node_1_wind_at_Lat_44.500_Lon_-113.750,fixed_generator,,node_1,Wind_time_series_by_year/Wind_time_series_2016_at_Lat_44.500_Lon_-113.750.csv,,,0.0160,,,,,,,0.0204,
node_1_solar_at_Lat_44.500_Lon_-113.125,fixed_generator,,node_1,Solar_time_series_by_year/Solar_time_series_2016_at_Lat_44.500_Lon_-113.125.csv,,,0.0148,,,,,,,0.1021,
node_1_wind_at_Lat_44.500_Lon_-113.125,fixed_generator,,node_1,Wind_time_series_by_year/Wind_time_series_2016_at_Lat_44.500_Lon_-113.125.csv,,,0.0160,,,,,,,0.0204,
node_1_solar_at_Lat_44.500_Lon_-112.500,fixed_generator,,node_1,Solar_time_series_by_year/Solar_time_series_2016_at_Lat_44.500_Lon_-112.500.csv,,,0.0148,,,,,,,0.1021,
node_1_wind_at_Lat_44.500_Lon_-112.500,fixed_generator,,node_1,Wind_time_series_by_year/Wind_time_series_2016_at_Lat_44.500_Lon_-112.500.csv,,,0.0160,,,,,,,0.0204,
node_1_solar_at_Lat_44.500_Lon_-111.875,fixed_generator,,node_1,Solar_time_series_by_year/Solar_time_series_2016_at_Lat_44.500_Lon_-111.875.csv,,,0.0148,,,,,,,0.1021,
node_1_wind_at_Lat_44.500_Lon_-111.875,fixed_generator,,node_1,Wind_time_series_by_year/Wind_time_series_2016_at_Lat_44.500_Lon_-111.875.csv,,,0.0160,,,,,,,0.0204,
node_1_solar_at_Lat_44.500_Lon_-111.250,fixed_generator,,node_1,Solar_time_series_by_year/Solar_time_series_2016_at_Lat_44.500_Lon_-111.250.csv,,,0.0148,,,,,,,0.1021,
node_1_wind_at_Lat_44.500_Lon_-111.250,fixed_generator,,node_1,Wind_time_series_by_year/Wind_time_series_2016_at_Lat_44.500_Lon_-111.250.csv,,,0.0160,,,,,,,0.0204,
node_1_solar_at_Lat_44.500_Lon_-110.625,fixed_generator,,node_1,Solar_time_series_by_year/Solar_time_series_2016_at_Lat_44.500_Lon_-110.625.csv,,,0.0148,,,,,,,0.1021,
node_1_wind_at_Lat_44.500_Lon_-110.625,fixed_generator,,node_1,Wind_time_series_by_year/Wind_time_series_2016_at_Lat_44.500_Lon_-110.625.csv,,,0.0160,,,,,,,0.0204,
node_1_solar_at_Lat_44.500_Lon_-110.000,fixed_generator,,node_1,Solar_time_series_by_year/Solar_time_series_2016_at_Lat_44.500_Lon_-110.000.csv,,,0.0148,,,,,,,0.1021,
node_1_wind_at_Lat_44.500_Lon_-110.000,fixed_generator,,node_1,Wind_time_series_by_year/Wind_time_series_2016_at_Lat_44.500_Lon_-110.000.csv,,,0.0160,,,,,,,0.0204,
node_1_solar_at_Lat_44.500_Lon_-109.375,fixed_generator,,node_1,Solar_time_series_by_year/Solar_time_series_2016_at_Lat_44.500_Lon_-109.375.csv,,,0.0148,,,,,,,0.1021,
node_1_wind_at_Lat_44.500_Lon_-109.375,fixed_generator,,node_1,Wind_time_series_by_year/Wind_time_series_2016_at_Lat_44.500_Lon_-109.375.csv,,,0.0160,,,,,,,0.0204,
node_1_solar_at_Lat_44.500_Lon_-108.750,fixed_generator,,node_1,Solar_time_series_by_year/Solar_time_series_2016_at_Lat_44.500_Lon_-108.750.csv,,,0.0148,,,,,,,0.1021,
node_1_wind_at_Lat_44.500_Lon_-108.750,fixed_generator,,node_1,Wind_time_series_by_year/Wind_time_series_2016_at_Lat_44.500_Lon_-108.750.csv,,,0.0160,,,,,,,0.0204,
node_1_solar_at_Lat_44.500_Lon_-108.125,fixed_generator,,node_1,Solar_time_series_by_year/Solar_time_series_2016_at_Lat_44.500_Lon_-108.125.csv,,,0.0148,,,,,,,0.1021,
node_1_wind_at_Lat_44.500_Lon_-108.125,fixed_generator,,node_1,Wind_time_series_by_year/Wind_time_series_2016_at_Lat_44.500_Lon_-108.125.csv,,,0.0160,,,,,,,0.0204,
node_1_solar_at_Lat_44.500_Lon_-107.500,fixed_generator,,node_1,Solar_time_series_by_year/Solar_time_series_2016_at_Lat_44.500_Lon_-107.500.csv,,,0.0148,,,,,,,0.1021,
node_1_wind_at_Lat_44.500_Lon_-107.500,fixed_generator,,node_1,Wind_time_series_by_year/Wind_time_series_2016_at_Lat_44.500_Lon_-107.500.csv,,,0.0160,,,,,,,0.0204,
node_1_solar_at_Lat_44.500_Lon_-106.875,fixed_generator,,node_1,Solar_time_series_by_year/Solar_time_series_2016_at_Lat_44.500_Lon_-106.875.csv,,,0.0148,,,,,,,0.1021,
node_1_wind_at_Lat_44.500_Lon_-106.875,fixed_generator,,node_1,Wind_time_series_by_year/Wind_time_series_2016_at_Lat_44.500_Lon_-106.875.csv,,,0.0160,,,,,,,0.0204,
node_1_solar_at_Lat_44.500_Lon_-106.250,fixed_generator,,node_1,Solar_time_series_by_year/Solar_time_series_2016_at_Lat_44.500_Lon_-106.250.csv,,,0.0148,,,,,,,0.1021,
node_1_wind_at_Lat_44.500_Lon_-106.250,fixed_generator,,node_1,Wind_time_series_by_year/Wind_time_series_2016_at_Lat_44.500_Lon_-106.250.csv,,,0.0160,,,,,,,0.0204,
node_1_solar_at_Lat_44.500_Lon_-105.625,fixed_generator,,node_1,Solar_time_series_by_year/Solar_time_series_2016_at_Lat_44.500_Lon_-105.625.csv,,,0.0148,,,,,,,0.1021,
node_1_wind_at_Lat_44.500_Lon_-105.625,fixed_generator,,node_1,Wind_time_series_by_year/Wind_time_series_2016_at_Lat_44.500_Lon_-105.625.csv,,,0.0160,,,,,,,0.0204,
node_1_solar_at_Lat_44.500_Lon_-105.000,fixed_generator,,node_1,Solar_time_series_by_year/Solar_time_series_2016_at_Lat_44.500_Lon_-105.000.csv,,,0.0148,,,,,,,0.1021,
node_1_wind_at_Lat_44.500_Lon_-105.000,fixed_generator,,node_1,Wind_time_series_by_year/Wind_time_series_2016_at_Lat_44.500_Lon_-105.000.csv,,,0.0160,,,,,,,0.0204,
node_1_solar_at_Lat_44.500_Lon_-104.375,fixed_generator,,node_1,Solar_time_series_by_year/Solar_time_series_2016_at_Lat_44.500_Lon_-104.375.csv,,,0.0148,,,,,,,0.1021,
node_1_wind_at_Lat_44.500_Lon_-104.375,fixed_generator,,node_1,Wind_time_series_by_year/Wind_time_series_2016_at_Lat_44.500_Lon_-104.375.csv,,,0.0160,,,,,,,0.0204,
node_1_solar_at_Lat_44.500_Lon_-103.750,fixed_generator,,node_1,Solar_time_series_by_year/Solar_time_series_2016_at_Lat_44.500_Lon_-103.750.csv,,,0.0148,,,,,,,0.1021,
node_1_wind_at_Lat_44.500_Lon_-103.750,fixed_generator,,node_1,Wind_time_series_by_year/Wind_time_series_2016_at_Lat_44.500_Lon_-103.750.csv,,,0.0160,,,,,,,0.0204,
node_1_solar_at_Lat_44.500_Lon_-103.125,fixed_generator,,node_1,Solar_time_series_by_year/Solar_time_series_2016_at_Lat_44.500_Lon_-103.125.csv,,,0.0148,,,,,,,0.1021,
node_1_wind_at_Lat_44.500_Lon_-103.125,fixed_generator,,node_1,Wind_time_series_by_year/Wind_time_series_2016_at_Lat_44.500_Lon_-103.125.csv,,,0.0160,,,,,,,0.0204,
node_1_solar_at_Lat_44.500_Lon_-102.500,fixed_generator,,node_1,Solar_time_series_by_year/Solar_time_series_2016_at_Lat_44.500_Lon_-102.500.csv,,,0.0148,,,,,,,0.1021,
node_1_wind_at_Lat_44.500_Lon_-102.500,fixed_generator,,node_1,Wind_time_series_by_year/Wind_time_series_2016_at_Lat_44.500_Lon_-102.500.csv,,,0.0160,,,,,,,0.0204,
node_1_solar_at_Lat_44.500_Lon_-101.875,fixed_generator,,node_1,Solar_time_series_by_year/Solar_time_series_2016_at_Lat_44.500_Lon_-101.875.csv,,,0.0148,,,,,,,0.1021,
node_1_wind_at_Lat_44.500_Lon_-101.875,fixed_generator,,node_1,Wind_time_series_by_year/Wind_time_series_2016_at_Lat_44.500_Lon_-101.875.csv,,,0.0160,,,,,,,0.0204,
node_1_solar_at_Lat_44.500_Lon_-101.250,fixed_generator,,node_1,Solar_time_series_by_year/Solar_time_series_2016_at_Lat_44.500_Lon_-101.250.csv,,,0.0148,,,,,,,0.1021,
node_1_wind_at_Lat_44.500_Lon_-101.250,fixed_generator,,node_1,Wind_time_series_by_year/Wind_time_series_2016_at_Lat_44.500_Lon_-101.250.csv,,,0.0160,,,,,,,0.0204,
node_1_solar_at_Lat_44.500_Lon_-100.625,fixed_generator,,node_1,Solar_time_series_by_year/Solar_time_series_2016_at_Lat_44.500_Lon_-100.625.csv,,,0.0148,,,,,,,0.1021,
node_1_wind_at_Lat_44.500_Lon_-100.625,fixed_generator,,node_1,Wind_time_series_by_year/Wind_time_series_2016_at_Lat_44.500_Lon_-100.625.csv,,,0.0160,,,,,,,0.0204,
node_1_solar_at_Lat_44.500_Lon_-100.000,fixed_generator,,node_1,Solar_time_series_by_year/Solar_time_series_2016_at_Lat_44.500_Lon_-100.000.csv,,,0.0148,,,,,,,0.1021,
node_1_wind_at_Lat_44.500_Lon_-100.000,fixed_generator,,node_1,Wind_time_series_by_year/Wind_time_series_2016_at_Lat_44.500_Lon_-100.000.csv,,,0.0160,,,,,,,0.0204,
node_1_solar_at_Lat_44.500_Lon_-99.375,fixed_generator,,node_1,Solar_time_series_by_year/Solar_time_series_2016_at_Lat_44.500_Lon_-99.375.csv,,,0.0148,,,,,,,0.1021,
node_1_wind_at_Lat_44.500_Lon_-99.375,fixed_generator,,node_1,Wind_time_series_by_year/Wind_time_series_2016_at_Lat_44.500_Lon_-99.375.csv,,,0.0160,,,,,,,0.0204,
node_1_solar_at_Lat_44.500_Lon_-98.750,fixed_generator,,node_1,Solar_time_series_by_year/Solar_time_series_2016_at_Lat_44.500_Lon_-98.750.csv,,,0.0148,,,,,,,0.1021,
node_1_wind_at_Lat_44.500_Lon_-98.750,fixed_generator,,node_1,Wind_time_series_by_year/Wind_time_series_2016_at_Lat_44.500_Lon_-98.750.csv,,,0.0160,,,,,,,0.0204,
node_1_solar_at_Lat_44.500_Lon_-98.125,fixed_generator,,node_1,Solar_time_series_by_year/Solar_time_series_2016_at_Lat_44.500_Lon_-98.125.csv,,,0.0148,,,,,,,0.1021,
node_1_wind_at_Lat_44.500_Lon_-98.125,fixed_generator,,node_1,Wind_time_series_by_year/Wind_time_series_2016_at_Lat_44.500_Lon_-98.125.csv,,,0.0160,,,,,,,0.0204,
node_1_solar_at_Lat_44.500_Lon_-97.500,fixed_generator,,node_1,Solar_time_series_by_year/Solar_time_series_2016_at_Lat_44.500_Lon_-97.500.csv,,,0.0148,,,,,,,0.1021,
node_1_wind_at_Lat_44.500_Lon_-97.500,fixed_generator,,node_1,Wind_time_series_by_year/Wind_time_series_2016_at_Lat_44.500_Lon_-97.500.csv,,,0.0160,,,,,,,0.0204,
node_1_solar_at_Lat_44.500_Lon_-96.875,fixed_generator,,node_1,Solar_time_series_by_year/Solar_time_series_2016_at_Lat_44.500_Lon_-96.875.csv,,,0.0148,,,,,,,0.1021,
node_1_wind_at_Lat_44.500_Lon_-96.875,fixed_generator,,node_1,Wind_time_series_by_year/Wind_time_series_2016_at_Lat_44.500_Lon_-96.875.csv,,,0.0160,,,,,,,0.0204,
node_1_solar_at_Lat_44.500_Lon_-96.250,fixed_generator,,node_1,Solar_time_series_by_year/Solar_time_series_2016_at_Lat_44.500_Lon_-96.250.csv,,,0.0148,,,,,,,0.1021,
node_1_wind_at_Lat_44.500_Lon_-96.250,fixed_generator,,node_1,Wind_time_series_by_year/Wind_time_series_2016_at_Lat_44.500_Lon_-96.250.csv,,,0.0160,,,,,,,0.0204,
node_1_solar_at_Lat_44.500_Lon_-95.625,fixed_generator,,node_1,Solar_time_series_by_year/Solar_time_series_2016_at_Lat_44.500_Lon_-95.625.csv,,,0.0148,,,,,,,0.1021,
node_1_wind_at_Lat_44.500_Lon_-95.625,fixed_generator,,node_1,Wind_time_series_by_year/Wind_time_series_2016_at_Lat_44.500_Lon_-95.625.csv,,,0.0160,,,,,,,0.0204,
node_1_solar_at_Lat_44.500_Lon_-95.000,fixed_generator,,node_1,Solar_time_series_by_year/Solar_time_series_2016_at_Lat_44.500_Lon_-95.000.csv,,,0.0148,,,,,,,0.1021,
node_1_wind_at_Lat_44.500_Lon_-95.000,fixed_generator,,node_1,Wind_time_series_by_year/Wind_time_series_2016_at_Lat_44.500_Lon_-95.000.csv,,,0.0160,,,,,,,0.0204,
node_1_solar_at_Lat_44.500_Lon_-94.375,fixed_generator,,node_1,Solar_time_series_by_year/Solar_time_series_2016_at_Lat_44.500_Lon_-94.375.csv,,,0.0148,,,,,,,0.1021,
node_1_wind_at_Lat_44.500_Lon_-94.375,fixed_generator,,node_1,Wind_time_series_by_year/Wind_time_series_2016_at_Lat_44.500_Lon_-94.375.csv,,,0.0160,,,,,,,0.0204,
node_1_solar_at_Lat_44.500_Lon_-93.750,fixed_generator,,node_1,Solar_time_series_by_year/Solar_time_series_2016_at_Lat_44.500_Lon_-93.750.csv,,,0.0148,,,,,,,0.1021,
node_1_wind_at_Lat_44.500_Lon_-93.750,fixed_generator,,node_1,Wind_time_series_by_year/Wind_time_series_2016_at_Lat_44.500_Lon_-93.750.csv,,,0.0160,,,,,,,0.0204,
node_1_solar_at_Lat_44.500_Lon_-93.125,fixed_generator,,node_1,Solar_time_series_by_year/Solar_time_series_2016_at_Lat_44.500_Lon_-93.125.csv,,,0.0148,,,,,,,0.1021,
node_1_wind_at_Lat_44.500_Lon_-93.125,fixed_generator,,node_1,Wind_time_series_by_year/Wind_time_series_2016_at_Lat_44.500_Lon_-93.125.csv,,,0.0160,,,,,,,0.0204,
node_1_solar_at_Lat_44.500_Lon_-92.500,fixed_generator,,node_1,Solar_time_series_by_year/Solar_time_series_2016_at_Lat_44.500_Lon_-92.500.csv,,,0.0148,,,,,,,0.1021,
node_1_wind_at_Lat_44.500_Lon_-92.500,fixed_generator,,node_1,Wind_time_series_by_year/Wind_time_series_2016_at_Lat_44.500_Lon_-92.500.csv,,,0.0160,,,,,,,0.0204,
node_1_solar_at_Lat_44.500_Lon_-91.875,fixed_generator,,node_1,Solar_time_series_by_year/Solar_time_series_2016_at_Lat_44.500_Lon_-91.875.csv,,,0.0148,,,,,,,0.1021,
node_1_wind_at_Lat_44.500_Lon_-91.875,fixed_generator,,node_1,Wind_time_series_by_year/Wind_time_series_2016_at_Lat_44.500_Lon_-91.875.csv,,,0.0160,,,,,,,0.0204,
node_1_solar_at_Lat_44.500_Lon_-91.250,fixed_generator,,node_1,Solar_time_series_by_year/Solar_time_series_2016_at_Lat_44.500_Lon_-91.250.csv,,,0.0148,,,,,,,0.1021,
node_1_wind_at_Lat_44.500_Lon_-91.250,fixed_generator,,node_1,Wind_time_series_by_year/Wind_time_series_2016_at_Lat_44.500_Lon_-91.250.csv,,,0.0160,,,,,,,0.0204,
node_1_solar_at_Lat_44.500_Lon_-90.625,fixed_generator,,node_1,Solar_time_series_by_year/Solar_time_series_2016_at_Lat_44.500_Lon_-90.625.csv,,,0.0148,,,,,,,0.1021,
node_1_wind_at_Lat_44.500_Lon_-90.625,fixed_generator,,node_1,Wind_time_series_by_year/Wind_time_series_2016_at_Lat_44.500_Lon_-90.625.csv,,,0.0160,,,,,,,0.0204,
node_1_solar_at_Lat_44.500_Lon_-90.000,fixed_generator,,node_1,Solar_time_series_by_year/Solar_time_series_2016_at_Lat_44.500_Lon_-90.000.csv,,,0.0148,,,,,,,0.1021,
node_1_wind_at_Lat_44.500_Lon_-90.000,fixed_generator,,node_1,Wind_time_series_by_year/Wind_time_series_2016_at_Lat_44.500_Lon_-90.000.csv,,,0.0160,,,,,,,0.0204,
node_1_solar_at_Lat_44.500_Lon_-89.375,fixed_generator,,node_1,Solar_time_series_by_year/Solar_time_series_2016_at_Lat_44.500_Lon_-89.375.csv,,,0.0148,,,,,,,0.1021,
node_1_wind_at_Lat_44.500_Lon_-89.375,fixed_generator,,node_1,Wind_time_series_by_year/Wind_time_series_2016_at_Lat_44.500_Lon_-89.375.csv,,,0.0160,,,,,,,0.0204,
node_1_solar_at_Lat_44.500_Lon_-88.750,fixed_generator,,node_1,Solar_time_series_by_year/Solar_time_series_2016_at_Lat_44.500_Lon_-88.750.csv,,,0.0148,,,,,,,0.1021,
node_1_wind_at_Lat_44.500_Lon_-88.750,fixed_generator,,node_1,Wind_time_series_by_year/Wind_time_series_2016_at_Lat_44.500_Lon_-88.750.csv,,,0.0160,,,,,,,0.0204,
node_1_solar_at_Lat_44.500_Lon_-88.125,fixed_generator,,node_1,Solar_time_series_by_year/Solar_time_series_2016_at_Lat_44.500_Lon_-88.125.csv,,,0.0148,,,,,,,0.1021,
node_1_wind_at_Lat_44.500_Lon_-88.125,fixed_generator,,node_1,Wind_time_series_by_year/Wind_time_series_2016_at_Lat_44.500_Lon_-88.125.csv,,,0.0160,,,,,,,0.0204,
node_1_solar_at_Lat_44.500_Lon_-87.500,fixed_generator,,node_1,Solar_time_series_by_year/Solar_time_series_2016_at_Lat_44.500_Lon_-87.500.csv,,,0.0148,,,,,,,0.1021,
node_1_wind_at_Lat_44.500_Lon_-87.500,fixed_generator,,node_1,Wind_time_series_by_year/Wind_time_series_2016_at_Lat_44.500_Lon_-87.500.csv,,,0.0160,,,,,,,0.0204,
node_1_solar_at_Lat_44.500_Lon_-85.625,fixed_generator,,node_1,Solar_time_series_by_year/Solar_time_series_2016_at_Lat_44.500_Lon_-85.625.csv,,,0.0148,,,,,,,0.1021,
node_1_wind_at_Lat_44.500_Lon_-85.625,fixed_generator,,node_1,Wind_time_series_by_year/Wind_time_series_2016_at_Lat_44.500_Lon_-85.625.csv,,,0.0160,,,,,,,0.0204,
node_1_solar_at_Lat_44.500_Lon_-85.000,fixed_generator,,node_1,Solar_time_series_by_year/Solar_time_series_2016_at_Lat_44.500_Lon_-85.000.csv,,,0.0148,,,,,,,0.1021,
node_1_wind_at_Lat_44.500_Lon_-85.000,fixed_generator,,node_1,Wind_time_series_by_year/Wind_time_series_2016_at_Lat_44.500_Lon_-85.000.csv,,,0.0160,,,,,,,0.0204,
node_1_solar_at_Lat_44.500_Lon_-84.375,fixed_generator,,node_1,Solar_time_series_by_year/Solar_time_series_2016_at_Lat_44.500_Lon_-84.375.csv,,,0.0148,,,,,,,0.1021,
node_1_wind_at_Lat_44.500_Lon_-84.375,fixed_generator,,node_1,Wind_time_series_by_year/Wind_time_series_2016_at_Lat_44.500_Lon_-84.375.csv,,,0.0160,,,,,,,0.0204,
node_1_solar_at_Lat_44.500_Lon_-83.750,fixed_generator,,node_1,Solar_time_series_by_year/Solar_time_series_2016_at_Lat_44.500_Lon_-83.750.csv,,,0.0148,,,,,,,0.1021,
node_1_wind_at_Lat_44.500_Lon_-83.750,fixed_generator,,node_1,Wind_time_series_by_year/Wind_time_series_2016_at_Lat_44.500_Lon_-83.750.csv,,,0.0160,,,,,,,0.0204,
node_1_solar_at_Lat_44.500_Lon_-75.625,fixed_generator,,node_1,Solar_time_series_by_year/Solar_time_series_2016_at_Lat_44.500_Lon_-75.625.csv,,,0.0148,,,,,,,0.1021,
node_1_wind_at_Lat_44.500_Lon_-75.625,fixed_generator,,node_1,Wind_time_series_by_year/Wind_time_series_2016_at_Lat_44.500_Lon_-75.625.csv,,,0.0160,,,,,,,0.0204,
node_1_solar_at_Lat_44.500_Lon_-75.000,fixed_generator,,node_1,Solar_time_series_by_year/Solar_time_series_2016_at_Lat_44.500_Lon_-75.000.csv,,,0.0148,,,,,,,0.1021,
node_1_wind_at_Lat_44.500_Lon_-75.000,fixed_generator,,node_1,Wind_time_series_by_year/Wind_time_series_2016_at_Lat_44.500_Lon_-75.000.csv,,,0.0160,,,,,,,0.0204,
node_1_solar_at_Lat_44.500_Lon_-74.375,fixed_generator,,node_1,Solar_time_series_by_year/Solar_time_series_2016_at_Lat_44.500_Lon_-74.375.csv,,,0.0148,,,,,,,0.1021,
node_1_wind_at_Lat_44.500_Lon_-74.375,fixed_generator,,node_1,Wind_time_series_by_year/Wind_time_series_2016_at_Lat_44.500_Lon_-74.375.csv,,,0.0160,,,,,,,0.0204,
node_1_solar_at_Lat_44.500_Lon_-73.750,fixed_generator,,node_1,Solar_time_series_by_year/Solar_time_series_2016_at_Lat_44.500_Lon_-73.750.csv,,,0.0148,,,,,,,0.1021,
node_1_wind_at_Lat_44.500_Lon_-73.750,fixed_generator,,node_1,Wind_time_series_by_year/Wind_time_series_2016_at_Lat_44.500_Lon_-73.750.csv,,,0.0160,,,,,,,0.0204,
node_1_solar_at_Lat_44.500_Lon_-73.125,fixed_generator,,node_1,Solar_time_series_by_year/Solar_time_series_2016_at_Lat_44.500_Lon_-73.125.csv,,,0.0148,,,,,,,0.1021,
node_1_wind_at_Lat_44.500_Lon_-73.125,fixed_generator,,node_1,Wind_time_series_by_year/Wind_time_series_2016_at_Lat_44.500_Lon_-73.125.csv,,,0.0160,,,,,,,0.0204,
node_1_solar_at_Lat_44.500_Lon_-72.500,fixed_generator,,node_1,Solar_time_series_by_year/Solar_time_series_2016_at_Lat_44.500_Lon_-72.500.csv,,,0.0148,,,,,,,0.1021,
node_1_wind_at_Lat_44.500_Lon_-72.500,fixed_generator,,node_1,Wind_time_series_by_year/Wind_time_series_2016_at_Lat_44.500_Lon_-72.500.csv,,,0.0160,,,,,,,0.0204,
node_1_solar_at_Lat_44.500_Lon_-71.875,fixed_generator,,node_1,Solar_time_series_by_year/Solar_time_series_2016_at_Lat_44.500_Lon_-71.875.csv,,,0.0148,,,,,,,0.1021,
node_1_wind_at_Lat_44.500_Lon_-71.875,fixed_generator,,node_1,Wind_time_series_by_year/Wind_time_series_2016_at_Lat_44.500_Lon_-71.875.csv,,,0.0160,,,,,,,0.0204,
node_1_solar_at_Lat_44.500_Lon_-71.250,fixed_generator,,node_1,Solar_time_series_by_year/Solar_time_series_2016_at_Lat_44.500_Lon_-71.250.csv,,,0.0148,,,,,,,0.1021,
node_1_wind_at_Lat_44.500_Lon_-71.250,fixed_generator,,node_1,Wind_time_series_by_year/Wind_time_series_2016_at_Lat_44.500_Lon_-71.250.csv,,,0.0160,,,,,,,0.0204,
node_1_solar_at_Lat_44.500_Lon_-70.625,fixed_generator,,node_1,Solar_time_series_by_year/Solar_time_series_2016_at_Lat_44.500_Lon_-70.625.csv,,,0.0148,,,,,,,0.1021,
node_1_wind_at_Lat_44.500_Lon_-70.625,fixed_generator,,node_1,Wind_time_series_by_year/Wind_time_series_2016_at_Lat_44.500_Lon_-70.625.csv,,,0.0160,,,,,,,0.0204,
node_1_solar_at_Lat_44.500_Lon_-70.000,fixed_generator,,node_1,Solar_time_series_by_year/Solar_time_series_2016_at_Lat_44.500_Lon_-70.000.csv,,,0.0148,,,,,,,0.1021,
node_1_wind_at_Lat_44.500_Lon_-70.000,fixed_generator,,node_1,Wind_time_series_by_year/Wind_time_series_2016_at_Lat_44.500_Lon_-70.000.csv,,,0.0160,,,,,,,0.0204,
node_1_solar_at_Lat_44.500_Lon_-69.375,fixed_generator,,node_1,Solar_time_series_by_year/Solar_time_series_2016_at_Lat_44.500_Lon_-69.375.csv,,,0.0148,,,,,,,0.1021,
node_1_wind_at_Lat_44.500_Lon_-69.375,fixed_generator,,node_1,Wind_time_series_by_year/Wind_time_series_2016_at_Lat_44.500_Lon_-69.375.csv,,,0.0160,,,,,,,0.0204,
node_1_solar_at_Lat_44.500_Lon_-68.750,fixed_generator,,node_1,Solar_time_series_by_year/Solar_time_series_2016_at_Lat_44.500_Lon_-68.750.csv,,,0.0148,,,,,,,0.1021,
node_1_wind_at_Lat_44.500_Lon_-68.750,fixed_generator,,node_1,Wind_time_series_by_year/Wind_time_series_2016_at_Lat_44.500_Lon_-68.750.csv,,,0.0160,,,,,,,0.0204,
node_1_solar_at_Lat_44.500_Lon_-68.125,fixed_generator,,node_1,Solar_time_series_by_year/Solar_time_series_2016_at_Lat_44.500_Lon_-68.125.csv,,,0.0148,,,,,,,0.1021,
node_1_wind_at_Lat_44.500_Lon_-68.125,fixed_generator,,node_1,Wind_time_series_by_year/Wind_time_series_2016_at_Lat_44.500_Lon_-68.125.csv,,,0.0160,,,,,,,0.0204,
node_1_solar_at_Lat_45.000_Lon_-123.750,fixed_generator,,node_1,Solar_time_series_by_year/Solar_time_series_2016_at_Lat_45.000_Lon_-123.750.csv,,,0.0148,,,,,,,0.1012,
node_1_wind_at_Lat_45.000_Lon_-123.750,fixed_generator,,node_1,Wind_time_series_by_year/Wind_time_series_2016_at_Lat_45.000_Lon_-123.750.csv,,,0.0160,,,,,,,0.0202,
node_1_solar_at_Lat_45.000_Lon_-123.125,fixed_generator,,node_1,Solar_time_series_by_year/Solar_time_series_2016_at_Lat_45.000_Lon_-123.125.csv,,,0.0148,,,,,,,0.1012,
node_1_wind_at_Lat_45.000_Lon_-123.125,fixed_generator,,node_1,Wind_time_series_by_year/Wind_time_series_2016_at_Lat_45.000_Lon_-123.125.csv,,,0.0160,,,,,,,0.0202,
node_1_solar_at_Lat_45.000_Lon_-122.500,fixed_generator,,node_1,Solar_time_series_by_year/Solar_time_series_2016_at_Lat_45.000_Lon_-122.500.csv,,,0.0148,,,,,,,0.1012,
node_1_wind_at_Lat_45.000_Lon_-122.500,fixed_generator,,node_1,Wind_time_series_by_year/Wind_time_series_2016_at_Lat_45.000_Lon_-122.500.csv,,,0.0160,,,,,,,0.0202,
node_1_solar_at_Lat_45.000_Lon_-121.875,fixed_generator,,node_1,Solar_time_series_by_year/Solar_time_series_2016_at_Lat_45.000_Lon_-121.875.csv,,,0.0148,,,,,,,0.1012,
node_1_wind_at_Lat_45.000_Lon_-121.875,fixed_generator,,node_1,Wind_time_series_by_year/Wind_time_series_2016_at_Lat_45.000_Lon_-121.875.csv,,,0.0160,,,,,,,0.0202,
node_1_solar_at_Lat_45.000_Lon_-121.250,fixed_generator,,node_1,Solar_time_series_by_year/Solar_time_series_2016_at_Lat_45.000_Lon_-121.250.csv,,,0.0148,,,,,,,0.1012,
node_1_wind_at_Lat_45.000_Lon_-121.250,fixed_generator,,node_1,Wind_time_series_by_year/Wind_time_series_2016_at_Lat_45.000_Lon_-121.250.csv,,,0.0160,,,,,,,0.0202,
node_1_solar_at_Lat_45.000_Lon_-120.625,fixed_generator,,node_1,Solar_time_series_by_year/Solar_time_series_2016_at_Lat_45.000_Lon_-120.625.csv,,,0.0148,,,,,,,0.1012,
node_1_wind_at_Lat_45.000_Lon_-120.625,fixed_generator,,node_1,Wind_time_series_by_year/Wind_time_series_2016_at_Lat_45.000_Lon_-120.625.csv,,,0.0160,,,,,,,0.0202,
node_1_solar_at_Lat_45.000_Lon_-120.000,fixed_generator,,node_1,Solar_time_series_by_year/Solar_time_series_2016_at_Lat_45.000_Lon_-120.000.csv,,,0.0148,,,,,,,0.1012,
node_1_wind_at_Lat_45.000_Lon_-120.000,fixed_generator,,node_1,Wind_time_series_by_year/Wind_time_series_2016_at_Lat_45.000_Lon_-120.000.csv,,,0.0160,,,,,,,0.0202,
node_1_solar_at_Lat_45.000_Lon_-119.375,fixed_generator,,node_1,Solar_time_series_by_year/Solar_time_series_2016_at_Lat_45.000_Lon_-119.375.csv,,,0.0148,,,,,,,0.1012,
node_1_wind_at_Lat_45.000_Lon_-119.375,fixed_generator,,node_1,Wind_time_series_by_year/Wind_time_series_2016_at_Lat_45.000_Lon_-119.375.csv,,,0.0160,,,,,,,0.0202,
node_1_solar_at_Lat_45.000_Lon_-118.750,fixed_generator,,node_1,Solar_time_series_by_year/Solar_time_series_2016_at_Lat_45.000_Lon_-118.750.csv,,,0.0148,,,,,,,0.1012,
node_1_wind_at_Lat_45.000_Lon_-118.750,fixed_generator,,node_1,Wind_time_series_by_year/Wind_time_series_2016_at_Lat_45.000_Lon_-118.750.csv,,,0.0160,,,,,,,0.0202,
node_1_solar_at_Lat_45.000_Lon_-118.125,fixed_generator,,node_1,Solar_time_series_by_year/Solar_time_series_2016_at_Lat_45.000_Lon_-118.125.csv,,,0.0148,,,,,,,0.1012,
node_1_wind_at_Lat_45.000_Lon_-118.125,fixed_generator,,node_1,Wind_time_series_by_year/Wind_time_series_2016_at_Lat_45.000_Lon_-118.125.csv,,,0.0160,,,,,,,0.0202,
node_1_solar_at_Lat_45.000_Lon_-117.500,fixed_generator,,node_1,Solar_time_series_by_year/Solar_time_series_2016_at_Lat_45.000_Lon_-117.500.csv,,,0.0148,,,,,,,0.1012,
node_1_wind_at_Lat_45.000_Lon_-117.500,fixed_generator,,node_1,Wind_time_series_by_year/Wind_time_series_2016_at_Lat_45.000_Lon_-117.500.csv,,,0.0160,,,,,,,0.0202,
node_1_solar_at_Lat_45.000_Lon_-116.875,fixed_generator,,node_1,Solar_time_series_by_year/Solar_time_series_2016_at_Lat_45.000_Lon_-116.875.csv,,,0.0148,,,,,,,0.1012,
node_1_wind_at_Lat_45.000_Lon_-116.875,fixed_generator,,node_1,Wind_time_series_by_year/Wind_time_series_2016_at_Lat_45.000_Lon_-116.875.csv,,,0.0160,,,,,,,0.0202,
node_1_solar_at_Lat_45.000_Lon_-116.250,fixed_generator,,node_1,Solar_time_series_by_year/Solar_time_series_2016_at_Lat_45.000_Lon_-116.250.csv,,,0.0148,,,,,,,0.1012,
node_1_wind_at_Lat_45.000_Lon_-116.250,fixed_generator,,node_1,Wind_time_series_by_year/Wind_time_series_2016_at_Lat_45.000_Lon_-116.250.csv,,,0.0160,,,,,,,0.0202,
node_1_solar_at_Lat_45.000_Lon_-115.625,fixed_generator,,node_1,Solar_time_series_by_year/Solar_time_series_2016_at_Lat_45.000_Lon_-115.625.csv,,,0.0148,,,,,,,0.1012,
node_1_wind_at_Lat_45.000_Lon_-115.625,fixed_generator,,node_1,Wind_time_series_by_year/Wind_time_series_2016_at_Lat_45.000_Lon_-115.625.csv,,,0.0160,,,,,,,0.0202,
node_1_solar_at_Lat_45.000_Lon_-115.000,fixed_generator,,node_1,Solar_time_series_by_year/Solar_time_series_2016_at_Lat_45.000_Lon_-115.000.csv,,,0.0148,,,,,,,0.1012,
node_1_wind_at_Lat_45.000_Lon_-115.000,fixed_generator,,node_1,Wind_time_series_by_year/Wind_time_series_2016_at_Lat_45.000_Lon_-115.000.csv,,,0.0160,,,,,,,0.0202,
node_1_solar_at_Lat_45.000_Lon_-114.375,fixed_generator,,node_1,Solar_time_series_by_year/Solar_time_series_2016_at_Lat_45.000_Lon_-114.375.csv,,,0.0148,,,,,,,0.1012,
node_1_wind_at_Lat_45.000_Lon_-114.375,fixed_generator,,node_1,Wind_time_series_by_year/Wind_time_series_2016_at_Lat_45.000_Lon_-114.375.csv,,,0.0160,,,,,,,0.0202,
node_1_solar_at_Lat_45.000_Lon_-113.750,fixed_generator,,node_1,Solar_time_series_by_year/Solar_time_series_2016_at_Lat_45.000_Lon_-113.750.csv,,,0.0148,,,,,,,0.1012,
node_1_wind_at_Lat_45.000_Lon_-113.750,fixed_generator,,node_1,Wind_time_series_by_year/Wind_time_series_2016_at_Lat_45.000_Lon_-113.750.csv,,,0.0160,,,,,,,0.0202,
node_1_solar_at_Lat_45.000_Lon_-113.125,fixed_generator,,node_1,Solar_time_series_by_year/Solar_time_series_2016_at_Lat_45.000_Lon_-113.125.csv,,,0.0148,,,,,,,0.1012,
node_1_wind_at_Lat_45.000_Lon_-113.125,fixed_generator,,node_1,Wind_time_series_by_year/Wind_time_series_2016_at_Lat_45.000_Lon_-113.125.csv,,,0.0160,,,,,,,0.0202,
node_1_solar_at_Lat_45.000_Lon_-112.500,fixed_generator,,node_1,Solar_time_series_by_year/Solar_time_series_2016_at_Lat_45.000_Lon_-112.500.csv,,,0.0148,,,,,,,0.1012,
node_1_wind_at_Lat_45.000_Lon_-112.500,fixed_generator,,node_1,Wind_time_series_by_year/Wind_time_series_2016_at_Lat_45.000_Lon_-112.500.csv,,,0.0160,,,,,,,0.0202,
node_1_solar_at_Lat_45.000_Lon_-111.875,fixed_generator,,node_1,Solar_time_series_by_year/Solar_time_series_2016_at_Lat_45.000_Lon_-111.875.csv,,,0.0148,,,,,,,0.1012,
node_1_wind_at_Lat_45.000_Lon_-111.875,fixed_generator,,node_1,Wind_time_series_by_year/Wind_time_series_2016_at_Lat_45.000_Lon_-111.875.csv,,,0.0160,,,,,,,0.0202,
node_1_solar_at_Lat_45.000_Lon_-111.250,fixed_generator,,node_1,Solar_time_series_by_year/Solar_time_series_2016_at_Lat_45.000_Lon_-111.250.csv,,,0.0148,,,,,,,0.1012,
node_1_wind_at_Lat_45.000_Lon_-111.250,fixed_generator,,node_1,Wind_time_series_by_year/Wind_time_series_2016_at_Lat_45.000_Lon_-111.250.csv,,,0.0160,,,,,,,0.0202,
node_1_solar_at_Lat_45.000_Lon_-110.625,fixed_generator,,node_1,Solar_time_series_by_year/Solar_time_series_2016_at_Lat_45.000_Lon_-110.625.csv,,,0.0148,,,,,,,0.1012,
node_1_wind_at_Lat_45.000_Lon_-110.625,fixed_generator,,node_1,Wind_time_series_by_year/Wind_time_series_2016_at_Lat_45.000_Lon_-110.625.csv,,,0.0160,,,,,,,0.0202,
node_1_solar_at_Lat_45.000_Lon_-110.000,fixed_generator,,node_1,Solar_time_series_by_year/Solar_time_series_2016_at_Lat_45.000_Lon_-110.000.csv,,,0.0148,,,,,,,0.1012,
node_1_wind_at_Lat_45.000_Lon_-110.000,fixed_generator,,node_1,Wind_time_series_by_year/Wind_time_series_2016_at_Lat_45.000_Lon_-110.000.csv,,,0.0160,,,,,,,0.0202,
node_1_solar_at_Lat_45.000_Lon_-109.375,fixed_generator,,node_1,Solar_time_series_by_year/Solar_time_series_2016_at_Lat_45.000_Lon_-109.375.csv,,,0.0148,,,,,,,0.1012,
node_1_wind_at_Lat_45.000_Lon_-109.375,fixed_generator,,node_1,Wind_time_series_by_year/Wind_time_series_2016_at_Lat_45.000_Lon_-109.375.csv,,,0.0160,,,,,,,0.0202,
node_1_solar_at_Lat_45.000_Lon_-108.750,fixed_generator,,node_1,Solar_time_series_by_year/Solar_time_series_2016_at_Lat_45.000_Lon_-108.750.csv,,,0.0148,,,,,,,0.1012,
node_1_wind_at_Lat_45.000_Lon_-108.750,fixed_generator,,node_1,Wind_time_series_by_year/Wind_time_series_2016_at_Lat_45.000_Lon_-108.750.csv,,,0.0160,,,,,,,0.0202,
node_1_solar_at_Lat_45.000_Lon_-108.125,fixed_generator,,node_1,Solar_time_series_by_year/Solar_time_series_2016_at_Lat_45.000_Lon_-108.125.csv,,,0.0148,,,,,,,0.1012,
node_1_wind_at_Lat_45.000_Lon_-108.125,fixed_generator,,node_1,Wind_time_series_by_year/Wind_time_series_2016_at_Lat_45.000_Lon_-108.125.csv,,,0.0160,,,,,,,0.0202,
node_1_solar_at_Lat_45.000_Lon_-107.500,fixed_generator,,node_1,Solar_time_series_by_year/Solar_time_series_2016_at_Lat_45.000_Lon_-107.500.csv,,,0.0148,,,,,,,0.1012,
node_1_wind_at_Lat_45.000_Lon_-107.500,fixed_generator,,node_1,Wind_time_series_by_year/Wind_time_series_2016_at_Lat_45.000_Lon_-107.500.csv,,,0.0160,,,,,,,0.0202,
node_1_solar_at_Lat_45.000_Lon_-106.875,fixed_generator,,node_1,Solar_time_series_by_year/Solar_time_series_2016_at_Lat_45.000_Lon_-106.875.csv,,,0.0148,,,,,,,0.1012,
node_1_wind_at_Lat_45.000_Lon_-106.875,fixed_generator,,node_1,Wind_time_series_by_year/Wind_time_series_2016_at_Lat_45.000_Lon_-106.875.csv,,,0.0160,,,,,,,0.0202,
node_1_solar_at_Lat_45.000_Lon_-106.250,fixed_generator,,node_1,Solar_time_series_by_year/Solar_time_series_2016_at_Lat_45.000_Lon_-106.250.csv,,,0.0148,,,,,,,0.1012,
node_1_wind_at_Lat_45.000_Lon_-106.250,fixed_generator,,node_1,Wind_time_series_by_year/Wind_time_series_2016_at_Lat_45.000_Lon_-106.250.csv,,,0.0160,,,,,,,0.0202,
node_1_solar_at_Lat_45.000_Lon_-105.625,fixed_generator,,node_1,Solar_time_series_by_year/Solar_time_series_2016_at_Lat_45.000_Lon_-105.625.csv,,,0.0148,,,,,,,0.1012,
node_1_wind_at_Lat_45.000_Lon_-105.625,fixed_generator,,node_1,Wind_time_series_by_year/Wind_time_series_2016_at_Lat_45.000_Lon_-105.625.csv,,,0.0160,,,,,,,0.0202,
node_1_solar_at_Lat_45.000_Lon_-105.000,fixed_generator,,node_1,Solar_time_series_by_year/Solar_time_series_2016_at_Lat_45.000_Lon_-105.000.csv,,,0.0148,,,,,,,0.1012,
node_1_wind_at_Lat_45.000_Lon_-105.000,fixed_generator,,node_1,Wind_time_series_by_year/Wind_time_series_2016_at_Lat_45.000_Lon_-105.000.csv,,,0.0160,,,,,,,0.0202,
node_1_solar_at_Lat_45.000_Lon_-104.375,fixed_generator,,node_1,Solar_time_series_by_year/Solar_time_series_2016_at_Lat_45.000_Lon_-104.375.csv,,,0.0148,,,,,,,0.1012,
node_1_wind_at_Lat_45.000_Lon_-104.375,fixed_generator,,node_1,Wind_time_series_by_year/Wind_time_series_2016_at_Lat_45.000_Lon_-104.375.csv,,,0.0160,,,,,,,0.0202,
node_1_solar_at_Lat_45.000_Lon_-103.750,fixed_generator,,node_1,Solar_time_series_by_year/Solar_time_series_2016_at_Lat_45.000_Lon_-103.750.csv,,,0.0148,,,,,,,0.1012,
node_1_wind_at_Lat_45.000_Lon_-103.750,fixed_generator,,node_1,Wind_time_series_by_year/Wind_time_series_2016_at_Lat_45.000_Lon_-103.750.csv,,,0.0160,,,,,,,0.0202,
node_1_solar_at_Lat_45.000_Lon_-103.125,fixed_generator,,node_1,Solar_time_series_by_year/Solar_time_series_2016_at_Lat_45.000_Lon_-103.125.csv,,,0.0148,,,,,,,0.1012,
node_1_wind_at_Lat_45.000_Lon_-103.125,fixed_generator,,node_1,Wind_time_series_by_year/Wind_time_series_2016_at_Lat_45.000_Lon_-103.125.csv,,,0.0160,,,,,,,0.0202,
node_1_solar_at_Lat_45.000_Lon_-102.500,fixed_generator,,node_1,Solar_time_series_by_year/Solar_time_series_2016_at_Lat_45.000_Lon_-102.500.csv,,,0.0148,,,,,,,0.1012,
node_1_wind_at_Lat_45.000_Lon_-102.500,fixed_generator,,node_1,Wind_time_series_by_year/Wind_time_series_2016_at_Lat_45.000_Lon_-102.500.csv,,,0.0160,,,,,,,0.0202,
node_1_solar_at_Lat_45.000_Lon_-101.875,fixed_generator,,node_1,Solar_time_series_by_year/Solar_time_series_2016_at_Lat_45.000_Lon_-101.875.csv,,,0.0148,,,,,,,0.1012,
node_1_wind_at_Lat_45.000_Lon_-101.875,fixed_generator,,node_1,Wind_time_series_by_year/Wind_time_series_2016_at_Lat_45.000_Lon_-101.875.csv,,,0.0160,,,,,,,0.0202,
node_1_solar_at_Lat_45.000_Lon_-101.250,fixed_generator,,node_1,Solar_time_series_by_year/Solar_time_series_2016_at_Lat_45.000_Lon_-101.250.csv,,,0.0148,,,,,,,0.1012,
node_1_wind_at_Lat_45.000_Lon_-101.250,fixed_generator,,node_1,Wind_time_series_by_year/Wind_time_series_2016_at_Lat_45.000_Lon_-101.250.csv,,,0.0160,,,,,,,0.0202,
node_1_solar_at_Lat_45.000_Lon_-100.625,fixed_generator,,node_1,Solar_time_series_by_year/Solar_time_series_2016_at_Lat_45.000_Lon_-100.625.csv,,,0.0148,,,,,,,0.1012,
node_1_wind_at_Lat_45.000_Lon_-100.625,fixed_generator,,node_1,Wind_time_series_by_year/Wind_time_series_2016_at_Lat_45.000_Lon_-100.625.csv,,,0.0160,,,,,,,0.0202,
node_1_solar_at_Lat_45.000_Lon_-100.000,fixed_generator,,node_1,Solar_time_series_by_year/Solar_time_series_2016_at_Lat_45.000_Lon_-100.000.csv,,,0.0148,,,,,,,0.1012,
node_1_wind_at_Lat_45.000_Lon_-100.000,fixed_generator,,node_1,Wind_time_series_by_year/Wind_time_series_2016_at_Lat_45.000_Lon_-100.000.csv,,,0.0160,,,,,,,0.0202,
node_1_solar_at_Lat_45.000_Lon_-99.375,fixed_generator,,node_1,Solar_time_series_by_year/Solar_time_series_2016_at_Lat_45.000_Lon_-99.375.csv,,,0.0148,,,,,,,0.1012,
node_1_wind_at_Lat_45.000_Lon_-99.375,fixed_generator,,node_1,Wind_time_series_by_year/Wind_time_series_2016_at_Lat_45.000_Lon_-99.375.csv,,,0.0160,,,,,,,0.0202,
node_1_solar_at_Lat_45.000_Lon_-98.750,fixed_generator,,node_1,Solar_time_series_by_year/Solar_time_series_2016_at_Lat_45.000_Lon_-98.750.csv,,,0.0148,,,,,,,0.1012,
node_1_wind_at_Lat_45.000_Lon_-98.750,fixed_generator,,node_1,Wind_time_series_by_year/Wind_time_series_2016_at_Lat_45.000_Lon_-98.750.csv,,,0.0160,,,,,,,0.0202,
node_1_solar_at_Lat_45.000_Lon_-98.125,fixed_generator,,node_1,Solar_time_series_by_year/Solar_time_series_2016_at_Lat_45.000_Lon_-98.125.csv,,,0.0148,,,,,,,0.1012,
node_1_wind_at_Lat_45.000_Lon_-98.125,fixed_generator,,node_1,Wind_time_series_by_year/Wind_time_series_2016_at_Lat_45.000_Lon_-98.125.csv,,,0.0160,,,,,,,0.0202,
node_1_solar_at_Lat_45.000_Lon_-97.500,fixed_generator,,node_1,Solar_time_series_by_year/Solar_time_series_2016_at_Lat_45.000_Lon_-97.500.csv,,,0.0148,,,,,,,0.1012,
node_1_wind_at_Lat_45.000_Lon_-97.500,fixed_generator,,node_1,Wind_time_series_by_year/Wind_time_series_2016_at_Lat_45.000_Lon_-97.500.csv,,,0.0160,,,,,,,0.0202,
node_1_solar_at_Lat_45.000_Lon_-96.875,fixed_generator,,node_1,Solar_time_series_by_year/Solar_time_series_2016_at_Lat_45.000_Lon_-96.875.csv,,,0.0148,,,,,,,0.1012,
node_1_wind_at_Lat_45.000_Lon_-96.875,fixed_generator,,node_1,Wind_time_series_by_year/Wind_time_series_2016_at_Lat_45.000_Lon_-96.875.csv,,,0.0160,,,,,,,0.0202,
node_1_solar_at_Lat_45.000_Lon_-96.250,fixed_generator,,node_1,Solar_time_series_by_year/Solar_time_series_2016_at_Lat_45.000_Lon_-96.250.csv,,,0.0148,,,,,,,0.1012,
node_1_wind_at_Lat_45.000_Lon_-96.250,fixed_generator,,node_1,Wind_time_series_by_year/Wind_time_series_2016_at_Lat_45.000_Lon_-96.250.csv,,,0.0160,,,,,,,0.0202,
node_1_solar_at_Lat_45.000_Lon_-95.625,fixed_generator,,node_1,Solar_time_series_by_year/Solar_time_series_2016_at_Lat_45.000_Lon_-95.625.csv,,,0.0148,,,,,,,0.1012,
node_1_wind_at_Lat_45.000_Lon_-95.625,fixed_generator,,node_1,Wind_time_series_by_year/Wind_time_series_2016_at_Lat_45.000_Lon_-95.625.csv,,,0.0160,,,,,,,0.0202,
node_1_solar_at_Lat_45.000_Lon_-95.000,fixed_generator,,node_1,Solar_time_series_by_year/Solar_time_series_2016_at_Lat_45.000_Lon_-95.000.csv,,,0.0148,,,,,,,0.1012,
node_1_wind_at_Lat_45.000_Lon_-95.000,fixed_generator,,node_1,Wind_time_series_by_year/Wind_time_series_2016_at_Lat_45.000_Lon_-95.000.csv,,,0.0160,,,,,,,0.0202,
node_1_solar_at_Lat_45.000_Lon_-94.375,fixed_generator,,node_1,Solar_time_series_by_year/Solar_time_series_2016_at_Lat_45.000_Lon_-94.375.csv,,,0.0148,,,,,,,0.1012,
node_1_wind_at_Lat_45.000_Lon_-94.375,fixed_generator,,node_1,Wind_time_series_by_year/Wind_time_series_2016_at_Lat_45.000_Lon_-94.375.csv,,,0.0160,,,,,,,0.0202,
node_1_solar_at_Lat_45.000_Lon_-93.750,fixed_generator,,node_1,Solar_time_series_by_year/Solar_time_series_2016_at_Lat_45.000_Lon_-93.750.csv,,,0.0148,,,,,,,0.1012,
node_1_wind_at_Lat_45.000_Lon_-93.750,fixed_generator,,node_1,Wind_time_series_by_year/Wind_time_series_2016_at_Lat_45.000_Lon_-93.750.csv,,,0.0160,,,,,,,0.0202,
node_1_solar_at_Lat_45.000_Lon_-93.125,fixed_generator,,node_1,Solar_time_series_by_year/Solar_time_series_2016_at_Lat_45.000_Lon_-93.125.csv,,,0.0148,,,,,,,0.1012,
node_1_wind_at_Lat_45.000_Lon_-93.125,fixed_generator,,node_1,Wind_time_series_by_year/Wind_time_series_2016_at_Lat_45.000_Lon_-93.125.csv,,,0.0160,,,,,,,0.0202,
node_1_solar_at_Lat_45.000_Lon_-92.500,fixed_generator,,node_1,Solar_time_series_by_year/Solar_time_series_2016_at_Lat_45.000_Lon_-92.500.csv,,,0.0148,,,,,,,0.1012,
node_1_wind_at_Lat_45.000_Lon_-92.500,fixed_generator,,node_1,Wind_time_series_by_year/Wind_time_series_2016_at_Lat_45.000_Lon_-92.500.csv,,,0.0160,,,,,,,0.0202,
node_1_solar_at_Lat_45.000_Lon_-91.875,fixed_generator,,node_1,Solar_time_series_by_year/Solar_time_series_2016_at_Lat_45.000_Lon_-91.875.csv,,,0.0148,,,,,,,0.1012,
node_1_wind_at_Lat_45.000_Lon_-91.875,fixed_generator,,node_1,Wind_time_series_by_year/Wind_time_series_2016_at_Lat_45.000_Lon_-91.875.csv,,,0.0160,,,,,,,0.0202,
node_1_solar_at_Lat_45.000_Lon_-91.250,fixed_generator,,node_1,Solar_time_series_by_year/Solar_time_series_2016_at_Lat_45.000_Lon_-91.250.csv,,,0.0148,,,,,,,0.1012,
node_1_wind_at_Lat_45.000_Lon_-91.250,fixed_generator,,node_1,Wind_time_series_by_year/Wind_time_series_2016_at_Lat_45.000_Lon_-91.250.csv,,,0.0160,,,,,,,0.0202,
node_1_solar_at_Lat_45.000_Lon_-90.625,fixed_generator,,node_1,Solar_time_series_by_year/Solar_time_series_2016_at_Lat_45.000_Lon_-90.625.csv,,,0.0148,,,,,,,0.1012,
node_1_wind_at_Lat_45.000_Lon_-90.625,fixed_generator,,node_1,Wind_time_series_by_year/Wind_time_series_2016_at_Lat_45.000_Lon_-90.625.csv,,,0.0160,,,,,,,0.0202,
node_1_solar_at_Lat_45.000_Lon_-90.000,fixed_generator,,node_1,Solar_time_series_by_year/Solar_time_series_2016_at_Lat_45.000_Lon_-90.000.csv,,,0.0148,,,,,,,0.1012,
node_1_wind_at_Lat_45.000_Lon_-90.000,fixed_generator,,node_1,Wind_time_series_by_year/Wind_time_series_2016_at_Lat_45.000_Lon_-90.000.csv,,,0.0160,,,,,,,0.0202,
node_1_solar_at_Lat_45.000_Lon_-89.375,fixed_generator,,node_1,Solar_time_series_by_year/Solar_time_series_2016_at_Lat_45.000_Lon_-89.375.csv,,,0.0148,,,,,,,0.1012,
node_1_wind_at_Lat_45.000_Lon_-89.375,fixed_generator,,node_1,Wind_time_series_by_year/Wind_time_series_2016_at_Lat_45.000_Lon_-89.375.csv,,,0.0160,,,,,,,0.0202,
node_1_solar_at_Lat_45.000_Lon_-88.750,fixed_generator,,node_1,Solar_time_series_by_year/Solar_time_series_2016_at_Lat_45.000_Lon_-88.750.csv,,,0.0148,,,,,,,0.1012,
node_1_wind_at_Lat_45.000_Lon_-88.750,fixed_generator,,node_1,Wind_time_series_by_year/Wind_time_series_2016_at_Lat_45.000_Lon_-88.750.csv,,,0.0160,,,,,,,0.0202,
node_1_solar_at_Lat_45.000_Lon_-88.125,fixed_generator,,node_1,Solar_time_series_by_year/Solar_time_series_2016_at_Lat_45.000_Lon_-88.125.csv,,,0.0148,,,,,,,0.1012,
node_1_wind_at_Lat_45.000_Lon_-88.125,fixed_generator,,node_1,Wind_time_series_by_year/Wind_time_series_2016_at_Lat_45.000_Lon_-88.125.csv,,,0.0160,,,,,,,0.0202,
node_1_solar_at_Lat_45.000_Lon_-85.000,fixed_generator,,node_1,Solar_time_series_by_year/Solar_time_series_2016_at_Lat_45.000_Lon_-85.000.csv,,,0.0148,,,,,,,0.1012,
node_1_wind_at_Lat_45.000_Lon_-85.000,fixed_generator,,node_1,Wind_time_series_by_year/Wind_time_series_2016_at_Lat_45.000_Lon_-85.000.csv,,,0.0160,,,,,,,0.0202,
node_1_solar_at_Lat_45.000_Lon_-84.375,fixed_generator,,node_1,Solar_time_series_by_year/Solar_time_series_2016_at_Lat_45.000_Lon_-84.375.csv,,,0.0148,,,,,,,0.1012,
node_1_wind_at_Lat_45.000_Lon_-84.375,fixed_generator,,node_1,Wind_time_series_by_year/Wind_time_series_2016_at_Lat_45.000_Lon_-84.375.csv,,,0.0160,,,,,,,0.0202,
node_1_solar_at_Lat_45.000_Lon_-83.750,fixed_generator,,node_1,Solar_time_series_by_year/Solar_time_series_2016_at_Lat_45.000_Lon_-83.750.csv,,,0.0148,,,,,,,0.1012,
node_1_wind_at_Lat_45.000_Lon_-83.750,fixed_generator,,node_1,Wind_time_series_by_year/Wind_time_series_2016_at_Lat_45.000_Lon_-83.750.csv,,,0.0160,,,,,,,0.0202,
node_1_solar_at_Lat_45.000_Lon_-74.375,fixed_generator,,node_1,Solar_time_series_by_year/Solar_time_series_2016_at_Lat_45.000_Lon_-74.375.csv,,,0.0148,,,,,,,0.1012,
node_1_wind_at_Lat_45.000_Lon_-74.375,fixed_generator,,node_1,Wind_time_series_by_year/Wind_time_series_2016_at_Lat_45.000_Lon_-74.375.csv,,,0.0160,,,,,,,0.0202,
node_1_solar_at_Lat_45.000_Lon_-73.750,fixed_generator,,node_1,Solar_time_series_by_year/Solar_time_series_2016_at_Lat_45.000_Lon_-73.750.csv,,,0.0148,,,,,,,0.1012,
node_1_wind_at_Lat_45.000_Lon_-73.750,fixed_generator,,node_1,Wind_time_series_by_year/Wind_time_series_2016_at_Lat_45.000_Lon_-73.750.csv,,,0.0160,,,,,,,0.0202,
node_1_solar_at_Lat_45.000_Lon_-73.125,fixed_generator,,node_1,Solar_time_series_by_year/Solar_time_series_2016_at_Lat_45.000_Lon_-73.125.csv,,,0.0148,,,,,,,0.1012,
node_1_wind_at_Lat_45.000_Lon_-73.125,fixed_generator,,node_1,Wind_time_series_by_year/Wind_time_series_2016_at_Lat_45.000_Lon_-73.125.csv,,,0.0160,,,,,,,0.0202,
node_1_solar_at_Lat_45.000_Lon_-72.500,fixed_generator,,node_1,Solar_time_series_by_year/Solar_time_series_2016_at_Lat_45.000_Lon_-72.500.csv,,,0.0148,,,,,,,0.1012,
node_1_wind_at_Lat_45.000_Lon_-72.500,fixed_generator,,node_1,Wind_time_series_by_year/Wind_time_series_2016_at_Lat_45.000_Lon_-72.500.csv,,,0.0160,,,,,,,0.0202,
node_1_solar_at_Lat_45.000_Lon_-71.875,fixed_generator,,node_1,Solar_time_series_by_year/Solar_time_series_2016_at_Lat_45.000_Lon_-71.875.csv,,,0.0148,,,,,,,0.1012,
node_1_wind_at_Lat_45.000_Lon_-71.875,fixed_generator,,node_1,Wind_time_series_by_year/Wind_time_series_2016_at_Lat_45.000_Lon_-71.875.csv,,,0.0160,,,,,,,0.0202,
node_1_solar_at_Lat_45.000_Lon_-71.250,fixed_generator,,node_1,Solar_time_series_by_year/Solar_time_series_2016_at_Lat_45.000_Lon_-71.250.csv,,,0.0148,,,,,,,0.1012,
node_1_wind_at_Lat_45.000_Lon_-71.250,fixed_generator,,node_1,Wind_time_series_by_year/Wind_time_series_2016_at_Lat_45.000_Lon_-71.250.csv,,,0.0160,,,,,,,0.0202,
node_1_solar_at_Lat_45.000_Lon_-70.625,fixed_generator,,node_1,Solar_time_series_by_year/Solar_time_series_2016_at_Lat_45.000_Lon_-70.625.csv,,,0.0148,,,,,,,0.1012,
node_1_wind_at_Lat_45.000_Lon_-70.625,fixed_generator,,node_1,Wind_time_series_by_year/Wind_time_series_2016_at_Lat_45.000_Lon_-70.625.csv,,,0.0160,,,,,,,0.0202,
node_1_solar_at_Lat_45.000_Lon_-70.000,fixed_generator,,node_1,Solar_time_series_by_year/Solar_time_series_2016_at_Lat_45.000_Lon_-70.000.csv,,,0.0148,,,,,,,0.1012,
node_1_wind_at_Lat_45.000_Lon_-70.000,fixed_generator,,node_1,Wind_time_series_by_year/Wind_time_series_2016_at_Lat_45.000_Lon_-70.000.csv,,,0.0160,,,,,,,0.0202,
node_1_solar_at_Lat_45.000_Lon_-69.375,fixed_generator,,node_1,Solar_time_series_by_year/Solar_time_series_2016_at_Lat_45.000_Lon_-69.375.csv,,,0.0148,,,,,,,0.1012,
node_1_wind_at_Lat_45.000_Lon_-69.375,fixed_generator,,node_1,Wind_time_series_by_year/Wind_time_series_2016_at_Lat_45.000_Lon_-69.375.csv,,,0.0160,,,,,,,0.0202,
node_1_solar_at_Lat_45.000_Lon_-68.750,fixed_generator,,node_1,Solar_time_series_by_year/Solar_time_series_2016_at_Lat_45.000_Lon_-68.750.csv,,,0.0148,,,,,,,0.1012,
node_1_wind_at_Lat_45.000_Lon_-68.750,fixed_generator,,node_1,Wind_time_series_by_year/Wind_time_series_2016_at_Lat_45.000_Lon_-68.750.csv,,,0.0160,,,,,,,0.0202,
node_1_solar_at_Lat_45.000_Lon_-68.125,fixed_generator,,node_1,Solar_time_series_by_year/Solar_time_series_2016_at_Lat_45.000_Lon_-68.125.csv,,,0.0148,,,,,,,0.1012,
node_1_wind_at_Lat_45.000_Lon_-68.125,fixed_generator,,node_1,Wind_time_series_by_year/Wind_time_series_2016_at_Lat_45.000_Lon_-68.125.csv,,,0.0160,,,,,,,0.0202,
node_1_solar_at_Lat_45.000_Lon_-67.500,fixed_generator,,node_1,Solar_time_series_by_year/Solar_time_series_2016_at_Lat_45.000_Lon_-67.500.csv,,,0.0148,,,,,,,0.1012,
node_1_wind_at_Lat_45.000_Lon_-67.500,fixed_generator,,node_1,Wind_time_series_by_year/Wind_time_series_2016_at_Lat_45.000_Lon_-67.500.csv,,,0.0160,,,,,,,0.0202,
node_1_solar_at_Lat_45.500_Lon_-123.750,fixed_generator,,node_1,Solar_time_series_by_year/Solar_time_series_2016_at_Lat_45.500_Lon_-123.750.csv,,,0.0148,,,,,,,0.1003,
node_1_wind_at_Lat_45.500_Lon_-123.750,fixed_generator,,node_1,Wind_time_series_by_year/Wind_time_series_2016_at_Lat_45.500_Lon_-123.750.csv,,,0.0160,,,,,,,0.0201,
node_1_solar_at_Lat_45.500_Lon_-123.125,fixed_generator,,node_1,Solar_time_series_by_year/Solar_time_series_2016_at_Lat_45.500_Lon_-123.125.csv,,,0.0148,,,,,,,0.1003,
node_1_wind_at_Lat_45.500_Lon_-123.125,fixed_generator,,node_1,Wind_time_series_by_year/Wind_time_series_2016_at_Lat_45.500_Lon_-123.125.csv,,,0.0160,,,,,,,0.0201,
node_1_solar_at_Lat_45.500_Lon_-122.500,fixed_generator,,node_1,Solar_time_series_by_year/Solar_time_series_2016_at_Lat_45.500_Lon_-122.500.csv,,,0.0148,,,,,,,0.1003,
node_1_wind_at_Lat_45.500_Lon_-122.500,fixed_generator,,node_1,Wind_time_series_by_year/Wind_time_series_2016_at_Lat_45.500_Lon_-122.500.csv,,,0.0160,,,,,,,0.0201,
node_1_solar_at_Lat_45.500_Lon_-121.875,fixed_generator,,node_1,Solar_time_series_by_year/Solar_time_series_2016_at_Lat_45.500_Lon_-121.875.csv,,,0.0148,,,,,,,0.1003,
node_1_wind_at_Lat_45.500_Lon_-121.875,fixed_generator,,node_1,Wind_time_series_by_year/Wind_time_series_2016_at_Lat_45.500_Lon_-121.875.csv,,,0.0160,,,,,,,0.0201,
node_1_solar_at_Lat_45.500_Lon_-121.250,fixed_generator,,node_1,Solar_time_series_by_year/Solar_time_series_2016_at_Lat_45.500_Lon_-121.250.csv,,,0.0148,,,,,,,0.1003,
node_1_wind_at_Lat_45.500_Lon_-121.250,fixed_generator,,node_1,Wind_time_series_by_year/Wind_time_series_2016_at_Lat_45.500_Lon_-121.250.csv,,,0.0160,,,,,,,0.0201,
node_1_solar_at_Lat_45.500_Lon_-120.625,fixed_generator,,node_1,Solar_time_series_by_year/Solar_time_series_2016_at_Lat_45.500_Lon_-120.625.csv,,,0.0148,,,,,,,0.1003,
node_1_wind_at_Lat_45.500_Lon_-120.625,fixed_generator,,node_1,Wind_time_series_by_year/Wind_time_series_2016_at_Lat_45.500_Lon_-120.625.csv,,,0.0160,,,,,,,0.0201,
node_1_solar_at_Lat_45.500_Lon_-120.000,fixed_generator,,node_1,Solar_time_series_by_year/Solar_time_series_2016_at_Lat_45.500_Lon_-120.000.csv,,,0.0148,,,,,,,0.1003,
node_1_wind_at_Lat_45.500_Lon_-120.000,fixed_generator,,node_1,Wind_time_series_by_year/Wind_time_series_2016_at_Lat_45.500_Lon_-120.000.csv,,,0.0160,,,,,,,0.0201,
node_1_solar_at_Lat_45.500_Lon_-119.375,fixed_generator,,node_1,Solar_time_series_by_year/Solar_time_series_2016_at_Lat_45.500_Lon_-119.375.csv,,,0.0148,,,,,,,0.1003,
node_1_wind_at_Lat_45.500_Lon_-119.375,fixed_generator,,node_1,Wind_time_series_by_year/Wind_time_series_2016_at_Lat_45.500_Lon_-119.375.csv,,,0.0160,,,,,,,0.0201,
node_1_solar_at_Lat_45.500_Lon_-118.750,fixed_generator,,node_1,Solar_time_series_by_year/Solar_time_series_2016_at_Lat_45.500_Lon_-118.750.csv,,,0.0148,,,,,,,0.1003,
node_1_wind_at_Lat_45.500_Lon_-118.750,fixed_generator,,node_1,Wind_time_series_by_year/Wind_time_series_2016_at_Lat_45.500_Lon_-118.750.csv,,,0.0160,,,,,,,0.0201,
node_1_solar_at_Lat_45.500_Lon_-118.125,fixed_generator,,node_1,Solar_time_series_by_year/Solar_time_series_2016_at_Lat_45.500_Lon_-118.125.csv,,,0.0148,,,,,,,0.1003,
node_1_wind_at_Lat_45.500_Lon_-118.125,fixed_generator,,node_1,Wind_time_series_by_year/Wind_time_series_2016_at_Lat_45.500_Lon_-118.125.csv,,,0.0160,,,,,,,0.0201,
node_1_solar_at_Lat_45.500_Lon_-117.500,fixed_generator,,node_1,Solar_time_series_by_year/Solar_time_series_2016_at_Lat_45.500_Lon_-117.500.csv,,,0.0148,,,,,,,0.1003,
node_1_wind_at_Lat_45.500_Lon_-117.500,fixed_generator,,node_1,Wind_time_series_by_year/Wind_time_series_2016_at_Lat_45.500_Lon_-117.500.csv,,,0.0160,,,,,,,0.0201,
node_1_solar_at_Lat_45.500_Lon_-116.875,fixed_generator,,node_1,Solar_time_series_by_year/Solar_time_series_2016_at_Lat_45.500_Lon_-116.875.csv,,,0.0148,,,,,,,0.1003,
node_1_wind_at_Lat_45.500_Lon_-116.875,fixed_generator,,node_1,Wind_time_series_by_year/Wind_time_series_2016_at_Lat_45.500_Lon_-116.875.csv,,,0.0160,,,,,,,0.0201,
node_1_solar_at_Lat_45.500_Lon_-116.250,fixed_generator,,node_1,Solar_time_series_by_year/Solar_time_series_2016_at_Lat_45.500_Lon_-116.250.csv,,,0.0148,,,,,,,0.1003,
node_1_wind_at_Lat_45.500_Lon_-116.250,fixed_generator,,node_1,Wind_time_series_by_year/Wind_time_series_2016_at_Lat_45.500_Lon_-116.250.csv,,,0.0160,,,,,,,0.0201,
node_1_solar_at_Lat_45.500_Lon_-115.625,fixed_generator,,node_1,Solar_time_series_by_year/Solar_time_series_2016_at_Lat_45.500_Lon_-115.625.csv,,,0.0148,,,,,,,0.1003,
node_1_wind_at_Lat_45.500_Lon_-115.625,fixed_generator,,node_1,Wind_time_series_by_year/Wind_time_series_2016_at_Lat_45.500_Lon_-115.625.csv,,,0.0160,,,,,,,0.0201,
node_1_solar_at_Lat_45.500_Lon_-115.000,fixed_generator,,node_1,Solar_time_series_by_year/Solar_time_series_2016_at_Lat_45.500_Lon_-115.000.csv,,,0.0148,,,,,,,0.1003,
node_1_wind_at_Lat_45.500_Lon_-115.000,fixed_generator,,node_1,Wind_time_series_by_year/Wind_time_series_2016_at_Lat_45.500_Lon_-115.000.csv,,,0.0160,,,,,,,0.0201,
node_1_solar_at_Lat_45.500_Lon_-114.375,fixed_generator,,node_1,Solar_time_series_by_year/Solar_time_series_2016_at_Lat_45.500_Lon_-114.375.csv,,,0.0148,,,,,,,0.1003,
node_1_wind_at_Lat_45.500_Lon_-114.375,fixed_generator,,node_1,Wind_time_series_by_year/Wind_time_series_2016_at_Lat_45.500_Lon_-114.375.csv,,,0.0160,,,,,,,0.0201,
node_1_solar_at_Lat_45.500_Lon_-113.750,fixed_generator,,node_1,Solar_time_series_by_year/Solar_time_series_2016_at_Lat_45.500_Lon_-113.750.csv,,,0.0148,,,,,,,0.1003,
node_1_wind_at_Lat_45.500_Lon_-113.750,fixed_generator,,node_1,Wind_time_series_by_year/Wind_time_series_2016_at_Lat_45.500_Lon_-113.750.csv,,,0.0160,,,,,,,0.0201,
node_1_solar_at_Lat_45.500_Lon_-113.125,fixed_generator,,node_1,Solar_time_series_by_year/Solar_time_series_2016_at_Lat_45.500_Lon_-113.125.csv,,,0.0148,,,,,,,0.1003,
node_1_wind_at_Lat_45.500_Lon_-113.125,fixed_generator,,node_1,Wind_time_series_by_year/Wind_time_series_2016_at_Lat_45.500_Lon_-113.125.csv,,,0.0160,,,,,,,0.0201,
node_1_solar_at_Lat_45.500_Lon_-112.500,fixed_generator,,node_1,Solar_time_series_by_year/Solar_time_series_2016_at_Lat_45.500_Lon_-112.500.csv,,,0.0148,,,,,,,0.1003,
node_1_wind_at_Lat_45.500_Lon_-112.500,fixed_generator,,node_1,Wind_time_series_by_year/Wind_time_series_2016_at_Lat_45.500_Lon_-112.500.csv,,,0.0160,,,,,,,0.0201,
node_1_solar_at_Lat_45.500_Lon_-111.875,fixed_generator,,node_1,Solar_time_series_by_year/Solar_time_series_2016_at_Lat_45.500_Lon_-111.875.csv,,,0.0148,,,,,,,0.1003,
node_1_wind_at_Lat_45.500_Lon_-111.875,fixed_generator,,node_1,Wind_time_series_by_year/Wind_time_series_2016_at_Lat_45.500_Lon_-111.875.csv,,,0.0160,,,,,,,0.0201,
node_1_solar_at_Lat_45.500_Lon_-111.250,fixed_generator,,node_1,Solar_time_series_by_year/Solar_time_series_2016_at_Lat_45.500_Lon_-111.250.csv,,,0.0148,,,,,,,0.1003,
node_1_wind_at_Lat_45.500_Lon_-111.250,fixed_generator,,node_1,Wind_time_series_by_year/Wind_time_series_2016_at_Lat_45.500_Lon_-111.250.csv,,,0.0160,,,,,,,0.0201,
node_1_solar_at_Lat_45.500_Lon_-110.625,fixed_generator,,node_1,Solar_time_series_by_year/Solar_time_series_2016_at_Lat_45.500_Lon_-110.625.csv,,,0.0148,,,,,,,0.1003,
node_1_wind_at_Lat_45.500_Lon_-110.625,fixed_generator,,node_1,Wind_time_series_by_year/Wind_time_series_2016_at_Lat_45.500_Lon_-110.625.csv,,,0.0160,,,,,,,0.0201,
node_1_solar_at_Lat_45.500_Lon_-110.000,fixed_generator,,node_1,Solar_time_series_by_year/Solar_time_series_2016_at_Lat_45.500_Lon_-110.000.csv,,,0.0148,,,,,,,0.1003,
node_1_wind_at_Lat_45.500_Lon_-110.000,fixed_generator,,node_1,Wind_time_series_by_year/Wind_time_series_2016_at_Lat_45.500_Lon_-110.000.csv,,,0.0160,,,,,,,0.0201,
node_1_solar_at_Lat_45.500_Lon_-109.375,fixed_generator,,node_1,Solar_time_series_by_year/Solar_time_series_2016_at_Lat_45.500_Lon_-109.375.csv,,,0.0148,,,,,,,0.1003,
node_1_wind_at_Lat_45.500_Lon_-109.375,fixed_generator,,node_1,Wind_time_series_by_year/Wind_time_series_2016_at_Lat_45.500_Lon_-109.375.csv,,,0.0160,,,,,,,0.0201,
node_1_solar_at_Lat_45.500_Lon_-108.750,fixed_generator,,node_1,Solar_time_series_by_year/Solar_time_series_2016_at_Lat_45.500_Lon_-108.750.csv,,,0.0148,,,,,,,0.1003,
node_1_wind_at_Lat_45.500_Lon_-108.750,fixed_generator,,node_1,Wind_time_series_by_year/Wind_time_series_2016_at_Lat_45.500_Lon_-108.750.csv,,,0.0160,,,,,,,0.0201,
node_1_solar_at_Lat_45.500_Lon_-108.125,fixed_generator,,node_1,Solar_time_series_by_year/Solar_time_series_2016_at_Lat_45.500_Lon_-108.125.csv,,,0.0148,,,,,,,0.1003,
node_1_wind_at_Lat_45.500_Lon_-108.125,fixed_generator,,node_1,Wind_time_series_by_year/Wind_time_series_2016_at_Lat_45.500_Lon_-108.125.csv,,,0.0160,,,,,,,0.0201,
node_1_solar_at_Lat_45.500_Lon_-107.500,fixed_generator,,node_1,Solar_time_series_by_year/Solar_time_series_2016_at_Lat_45.500_Lon_-107.500.csv,,,0.0148,,,,,,,0.1003,
node_1_wind_at_Lat_45.500_Lon_-107.500,fixed_generator,,node_1,Wind_time_series_by_year/Wind_time_series_2016_at_Lat_45.500_Lon_-107.500.csv,,,0.0160,,,,,,,0.0201,
node_1_solar_at_Lat_45.500_Lon_-106.875,fixed_generator,,node_1,Solar_time_series_by_year/Solar_time_series_2016_at_Lat_45.500_Lon_-106.875.csv,,,0.0148,,,,,,,0.1003,
node_1_wind_at_Lat_45.500_Lon_-106.875,fixed_generator,,node_1,Wind_time_series_by_year/Wind_time_series_2016_at_Lat_45.500_Lon_-106.875.csv,,,0.0160,,,,,,,0.0201,
node_1_solar_at_Lat_45.500_Lon_-106.250,fixed_generator,,node_1,Solar_time_series_by_year/Solar_time_series_2016_at_Lat_45.500_Lon_-106.250.csv,,,0.0148,,,,,,,0.1003,
node_1_wind_at_Lat_45.500_Lon_-106.250,fixed_generator,,node_1,Wind_time_series_by_year/Wind_time_series_2016_at_Lat_45.500_Lon_-106.250.csv,,,0.0160,,,,,,,0.0201,
node_1_solar_at_Lat_45.500_Lon_-105.625,fixed_generator,,node_1,Solar_time_series_by_year/Solar_time_series_2016_at_Lat_45.500_Lon_-105.625.csv,,,0.0148,,,,,,,0.1003,
node_1_wind_at_Lat_45.500_Lon_-105.625,fixed_generator,,node_1,Wind_time_series_by_year/Wind_time_series_2016_at_Lat_45.500_Lon_-105.625.csv,,,0.0160,,,,,,,0.0201,
node_1_solar_at_Lat_45.500_Lon_-105.000,fixed_generator,,node_1,Solar_time_series_by_year/Solar_time_series_2016_at_Lat_45.500_Lon_-105.000.csv,,,0.0148,,,,,,,0.1003,
node_1_wind_at_Lat_45.500_Lon_-105.000,fixed_generator,,node_1,Wind_time_series_by_year/Wind_time_series_2016_at_Lat_45.500_Lon_-105.000.csv,,,0.0160,,,,,,,0.0201,
node_1_solar_at_Lat_45.500_Lon_-104.375,fixed_generator,,node_1,Solar_time_series_by_year/Solar_time_series_2016_at_Lat_45.500_Lon_-104.375.csv,,,0.0148,,,,,,,0.1003,
node_1_wind_at_Lat_45.500_Lon_-104.375,fixed_generator,,node_1,Wind_time_series_by_year/Wind_time_series_2016_at_Lat_45.500_Lon_-104.375.csv,,,0.0160,,,,,,,0.0201,
node_1_solar_at_Lat_45.500_Lon_-103.750,fixed_generator,,node_1,Solar_time_series_by_year/Solar_time_series_2016_at_Lat_45.500_Lon_-103.750.csv,,,0.0148,,,,,,,0.1003,
node_1_wind_at_Lat_45.500_Lon_-103.750,fixed_generator,,node_1,Wind_time_series_by_year/Wind_time_series_2016_at_Lat_45.500_Lon_-103.750.csv,,,0.0160,,,,,,,0.0201,
node_1_solar_at_Lat_45.500_Lon_-103.125,fixed_generator,,node_1,Solar_time_series_by_year/Solar_time_series_2016_at_Lat_45.500_Lon_-103.125.csv,,,0.0148,,,,,,,0.1003,
node_1_wind_at_Lat_45.500_Lon_-103.125,fixed_generator,,node_1,Wind_time_series_by_year/Wind_time_series_2016_at_Lat_45.500_Lon_-103.125.csv,,,0.0160,,,,,,,0.0201,
node_1_solar_at_Lat_45.500_Lon_-102.500,fixed_generator,,node_1,Solar_time_series_by_year/Solar_time_series_2016_at_Lat_45.500_Lon_-102.500.csv,,,0.0148,,,,,,,0.1003,
node_1_wind_at_Lat_45.500_Lon_-102.500,fixed_generator,,node_1,Wind_time_series_by_year/Wind_time_series_2016_at_Lat_45.500_Lon_-102.500.csv,,,0.0160,,,,,,,0.0201,
node_1_solar_at_Lat_45.500_Lon_-101.875,fixed_generator,,node_1,Solar_time_series_by_year/Solar_time_series_2016_at_Lat_45.500_Lon_-101.875.csv,,,0.0148,,,,,,,0.1003,
node_1_wind_at_Lat_45.500_Lon_-101.875,fixed_generator,,node_1,Wind_time_series_by_year/Wind_time_series_2016_at_Lat_45.500_Lon_-101.875.csv,,,0.0160,,,,,,,0.0201,
node_1_solar_at_Lat_45.500_Lon_-101.250,fixed_generator,,node_1,Solar_time_series_by_year/Solar_time_series_2016_at_Lat_45.500_Lon_-101.250.csv,,,0.0148,,,,,,,0.1003,
node_1_wind_at_Lat_45.500_Lon_-101.250,fixed_generator,,node_1,Wind_time_series_by_year/Wind_time_series_2016_at_Lat_45.500_Lon_-101.250.csv,,,0.0160,,,,,,,0.0201,
node_1_solar_at_Lat_45.500_Lon_-100.625,fixed_generator,,node_1,Solar_time_series_by_year/Solar_time_series_2016_at_Lat_45.500_Lon_-100.625.csv,,,0.0148,,,,,,,0.1003,
node_1_wind_at_Lat_45.500_Lon_-100.625,fixed_generator,,node_1,Wind_time_series_by_year/Wind_time_series_2016_at_Lat_45.500_Lon_-100.625.csv,,,0.0160,,,,,,,0.0201,
node_1_solar_at_Lat_45.500_Lon_-100.000,fixed_generator,,node_1,Solar_time_series_by_year/Solar_time_series_2016_at_Lat_45.500_Lon_-100.000.csv,,,0.0148,,,,,,,0.1003,
node_1_wind_at_Lat_45.500_Lon_-100.000,fixed_generator,,node_1,Wind_time_series_by_year/Wind_time_series_2016_at_Lat_45.500_Lon_-100.000.csv,,,0.0160,,,,,,,0.0201,
node_1_solar_at_Lat_45.500_Lon_-99.375,fixed_generator,,node_1,Solar_time_series_by_year/Solar_time_series_2016_at_Lat_45.500_Lon_-99.375.csv,,,0.0148,,,,,,,0.1003,
node_1_wind_at_Lat_45.500_Lon_-99.375,fixed_generator,,node_1,Wind_time_series_by_year/Wind_time_series_2016_at_Lat_45.500_Lon_-99.375.csv,,,0.0160,,,,,,,0.0201,
node_1_solar_at_Lat_45.500_Lon_-98.750,fixed_generator,,node_1,Solar_time_series_by_year/Solar_time_series_2016_at_Lat_45.500_Lon_-98.750.csv,,,0.0148,,,,,,,0.1003,
node_1_wind_at_Lat_45.500_Lon_-98.750,fixed_generator,,node_1,Wind_time_series_by_year/Wind_time_series_2016_at_Lat_45.500_Lon_-98.750.csv,,,0.0160,,,,,,,0.0201,
node_1_solar_at_Lat_45.500_Lon_-98.125,fixed_generator,,node_1,Solar_time_series_by_year/Solar_time_series_2016_at_Lat_45.500_Lon_-98.125.csv,,,0.0148,,,,,,,0.1003,
node_1_wind_at_Lat_45.500_Lon_-98.125,fixed_generator,,node_1,Wind_time_series_by_year/Wind_time_series_2016_at_Lat_45.500_Lon_-98.125.csv,,,0.0160,,,,,,,0.0201,
node_1_solar_at_Lat_45.500_Lon_-97.500,fixed_generator,,node_1,Solar_time_series_by_year/Solar_time_series_2016_at_Lat_45.500_Lon_-97.500.csv,,,0.0148,,,,,,,0.1003,
node_1_wind_at_Lat_45.500_Lon_-97.500,fixed_generator,,node_1,Wind_time_series_by_year/Wind_time_series_2016_at_Lat_45.500_Lon_-97.500.csv,,,0.0160,,,,,,,0.0201,
node_1_solar_at_Lat_45.500_Lon_-96.875,fixed_generator,,node_1,Solar_time_series_by_year/Solar_time_series_2016_at_Lat_45.500_Lon_-96.875.csv,,,0.0148,,,,,,,0.1003,
node_1_wind_at_Lat_45.500_Lon_-96.875,fixed_generator,,node_1,Wind_time_series_by_year/Wind_time_series_2016_at_Lat_45.500_Lon_-96.875.csv,,,0.0160,,,,,,,0.0201,
node_1_solar_at_Lat_45.500_Lon_-96.250,fixed_generator,,node_1,Solar_time_series_by_year/Solar_time_series_2016_at_Lat_45.500_Lon_-96.250.csv,,,0.0148,,,,,,,0.1003,
node_1_wind_at_Lat_45.500_Lon_-96.250,fixed_generator,,node_1,Wind_time_series_by_year/Wind_time_series_2016_at_Lat_45.500_Lon_-96.250.csv,,,0.0160,,,,,,,0.0201,
node_1_solar_at_Lat_45.500_Lon_-95.625,fixed_generator,,node_1,Solar_time_series_by_year/Solar_time_series_2016_at_Lat_45.500_Lon_-95.625.csv,,,0.0148,,,,,,,0.1003,
node_1_wind_at_Lat_45.500_Lon_-95.625,fixed_generator,,node_1,Wind_time_series_by_year/Wind_time_series_2016_at_Lat_45.500_Lon_-95.625.csv,,,0.0160,,,,,,,0.0201,
node_1_solar_at_Lat_45.500_Lon_-95.000,fixed_generator,,node_1,Solar_time_series_by_year/Solar_time_series_2016_at_Lat_45.500_Lon_-95.000.csv,,,0.0148,,,,,,,0.1003,
node_1_wind_at_Lat_45.500_Lon_-95.000,fixed_generator,,node_1,Wind_time_series_by_year/Wind_time_series_2016_at_Lat_45.500_Lon_-95.000.csv,,,0.0160,,,,,,,0.0201,
node_1_solar_at_Lat_45.500_Lon_-94.375,fixed_generator,,node_1,Solar_time_series_by_year/Solar_time_series_2016_at_Lat_45.500_Lon_-94.375.csv,,,0.0148,,,,,,,0.1003,
node_1_wind_at_Lat_45.500_Lon_-94.375,fixed_generator,,node_1,Wind_time_series_by_year/Wind_time_series_2016_at_Lat_45.500_Lon_-94.375.csv,,,0.0160,,,,,,,0.0201,
node_1_solar_at_Lat_45.500_Lon_-93.750,fixed_generator,,node_1,Solar_time_series_by_year/Solar_time_series_2016_at_Lat_45.500_Lon_-93.750.csv,,,0.0148,,,,,,,0.1003,
node_1_wind_at_Lat_45.500_Lon_-93.750,fixed_generator,,node_1,Wind_time_series_by_year/Wind_time_series_2016_at_Lat_45.500_Lon_-93.750.csv,,,0.0160,,,,,,,0.0201,
node_1_solar_at_Lat_45.500_Lon_-93.125,fixed_generator,,node_1,Solar_time_series_by_year/Solar_time_series_2016_at_Lat_45.500_Lon_-93.125.csv,,,0.0148,,,,,,,0.1003,
node_1_wind_at_Lat_45.500_Lon_-93.125,fixed_generator,,node_1,Wind_time_series_by_year/Wind_time_series_2016_at_Lat_45.500_Lon_-93.125.csv,,,0.0160,,,,,,,0.0201,
node_1_solar_at_Lat_45.500_Lon_-92.500,fixed_generator,,node_1,Solar_time_series_by_year/Solar_time_series_2016_at_Lat_45.500_Lon_-92.500.csv,,,0.0148,,,,,,,0.1003,
node_1_wind_at_Lat_45.500_Lon_-92.500,fixed_generator,,node_1,Wind_time_series_by_year/Wind_time_series_2016_at_Lat_45.500_Lon_-92.500.csv,,,0.0160,,,,,,,0.0201,
node_1_solar_at_Lat_45.500_Lon_-91.875,fixed_generator,,node_1,Solar_time_series_by_year/Solar_time_series_2016_at_Lat_45.500_Lon_-91.875.csv,,,0.0148,,,,,,,0.1003,
node_1_wind_at_Lat_45.500_Lon_-91.875,fixed_generator,,node_1,Wind_time_series_by_year/Wind_time_series_2016_at_Lat_45.500_Lon_-91.875.csv,,,0.0160,,,,,,,0.0201,
node_1_solar_at_Lat_45.500_Lon_-91.250,fixed_generator,,node_1,Solar_time_series_by_year/Solar_time_series_2016_at_Lat_45.500_Lon_-91.250.csv,,,0.0148,,,,,,,0.1003,
node_1_wind_at_Lat_45.500_Lon_-91.250,fixed_generator,,node_1,Wind_time_series_by_year/Wind_time_series_2016_at_Lat_45.500_Lon_-91.250.csv,,,0.0160,,,,,,,0.0201,
node_1_solar_at_Lat_45.500_Lon_-90.625,fixed_generator,,node_1,Solar_time_series_by_year/Solar_time_series_2016_at_Lat_45.500_Lon_-90.625.csv,,,0.0148,,,,,,,0.1003,
node_1_wind_at_Lat_45.500_Lon_-90.625,fixed_generator,,node_1,Wind_time_series_by_year/Wind_time_series_2016_at_Lat_45.500_Lon_-90.625.csv,,,0.0160,,,,,,,0.0201,
node_1_solar_at_Lat_45.500_Lon_-90.000,fixed_generator,,node_1,Solar_time_series_by_year/Solar_time_series_2016_at_Lat_45.500_Lon_-90.000.csv,,,0.0148,,,,,,,0.1003,
node_1_wind_at_Lat_45.500_Lon_-90.000,fixed_generator,,node_1,Wind_time_series_by_year/Wind_time_series_2016_at_Lat_45.500_Lon_-90.000.csv,,,0.0160,,,,,,,0.0201,
node_1_solar_at_Lat_45.500_Lon_-89.375,fixed_generator,,node_1,Solar_time_series_by_year/Solar_time_series_2016_at_Lat_45.500_Lon_-89.375.csv,,,0.0148,,,,,,,0.1003,
node_1_wind_at_Lat_45.500_Lon_-89.375,fixed_generator,,node_1,Wind_time_series_by_year/Wind_time_series_2016_at_Lat_45.500_Lon_-89.375.csv,,,0.0160,,,,,,,0.0201,
node_1_solar_at_Lat_45.500_Lon_-88.750,fixed_generator,,node_1,Solar_time_series_by_year/Solar_time_series_2016_at_Lat_45.500_Lon_-88.750.csv,,,0.0148,,,,,,,0.1003,
node_1_wind_at_Lat_45.500_Lon_-88.750,fixed_generator,,node_1,Wind_time_series_by_year/Wind_time_series_2016_at_Lat_45.500_Lon_-88.750.csv,,,0.0160,,,,,,,0.0201,
node_1_solar_at_Lat_45.500_Lon_-88.125,fixed_generator,,node_1,Solar_time_series_by_year/Solar_time_series_2016_at_Lat_45.500_Lon_-88.125.csv,,,0.0148,,,,,,,0.1003,
node_1_wind_at_Lat_45.500_Lon_-88.125,fixed_generator,,node_1,Wind_time_series_by_year/Wind_time_series_2016_at_Lat_45.500_Lon_-88.125.csv,,,0.0160,,,,,,,0.0201,
node_1_solar_at_Lat_45.500_Lon_-87.500,fixed_generator,,node_1,Solar_time_series_by_year/Solar_time_series_2016_at_Lat_45.500_Lon_-87.500.csv,,,0.0148,,,,,,,0.1003,
node_1_wind_at_Lat_45.500_Lon_-87.500,fixed_generator,,node_1,Wind_time_series_by_year/Wind_time_series_2016_at_Lat_45.500_Lon_-87.500.csv,,,0.0160,,,,,,,0.0201,
node_1_solar_at_Lat_45.500_Lon_-85.000,fixed_generator,,node_1,Solar_time_series_by_year/Solar_time_series_2016_at_Lat_45.500_Lon_-85.000.csv,,,0.0148,,,,,,,0.1003,
node_1_wind_at_Lat_45.500_Lon_-85.000,fixed_generator,,node_1,Wind_time_series_by_year/Wind_time_series_2016_at_Lat_45.500_Lon_-85.000.csv,,,0.0160,,,,,,,0.0201,
node_1_solar_at_Lat_45.500_Lon_-84.375,fixed_generator,,node_1,Solar_time_series_by_year/Solar_time_series_2016_at_Lat_45.500_Lon_-84.375.csv,,,0.0148,,,,,,,0.1003,
node_1_wind_at_Lat_45.500_Lon_-84.375,fixed_generator,,node_1,Wind_time_series_by_year/Wind_time_series_2016_at_Lat_45.500_Lon_-84.375.csv,,,0.0160,,,,,,,0.0201,
node_1_solar_at_Lat_45.500_Lon_-70.625,fixed_generator,,node_1,Solar_time_series_by_year/Solar_time_series_2016_at_Lat_45.500_Lon_-70.625.csv,,,0.0148,,,,,,,0.1003,
node_1_wind_at_Lat_45.500_Lon_-70.625,fixed_generator,,node_1,Wind_time_series_by_year/Wind_time_series_2016_at_Lat_45.500_Lon_-70.625.csv,,,0.0160,,,,,,,0.0201,
node_1_solar_at_Lat_45.500_Lon_-70.000,fixed_generator,,node_1,Solar_time_series_by_year/Solar_time_series_2016_at_Lat_45.500_Lon_-70.000.csv,,,0.0148,,,,,,,0.1003,
node_1_wind_at_Lat_45.500_Lon_-70.000,fixed_generator,,node_1,Wind_time_series_by_year/Wind_time_series_2016_at_Lat_45.500_Lon_-70.000.csv,,,0.0160,,,,,,,0.0201,
node_1_solar_at_Lat_45.500_Lon_-69.375,fixed_generator,,node_1,Solar_time_series_by_year/Solar_time_series_2016_at_Lat_45.500_Lon_-69.375.csv,,,0.0148,,,,,,,0.1003,
node_1_wind_at_Lat_45.500_Lon_-69.375,fixed_generator,,node_1,Wind_time_series_by_year/Wind_time_series_2016_at_Lat_45.500_Lon_-69.375.csv,,,0.0160,,,,,,,0.0201,
node_1_solar_at_Lat_45.500_Lon_-68.750,fixed_generator,,node_1,Solar_time_series_by_year/Solar_time_series_2016_at_Lat_45.500_Lon_-68.750.csv,,,0.0148,,,,,,,0.1003,
node_1_wind_at_Lat_45.500_Lon_-68.750,fixed_generator,,node_1,Wind_time_series_by_year/Wind_time_series_2016_at_Lat_45.500_Lon_-68.750.csv,,,0.0160,,,,,,,0.0201,
node_1_solar_at_Lat_45.500_Lon_-68.125,fixed_generator,,node_1,Solar_time_series_by_year/Solar_time_series_2016_at_Lat_45.500_Lon_-68.125.csv,,,0.0148,,,,,,,0.1003,
node_1_wind_at_Lat_45.500_Lon_-68.125,fixed_generator,,node_1,Wind_time_series_by_year/Wind_time_series_2016_at_Lat_45.500_Lon_-68.125.csv,,,0.0160,,,,,,,0.0201,
node_1_solar_at_Lat_45.500_Lon_-67.500,fixed_generator,,node_1,Solar_time_series_by_year/Solar_time_series_2016_at_Lat_45.500_Lon_-67.500.csv,,,0.0148,,,,,,,0.1003,
node_1_wind_at_Lat_45.500_Lon_-67.500,fixed_generator,,node_1,Wind_time_series_by_year/Wind_time_series_2016_at_Lat_45.500_Lon_-67.500.csv,,,0.0160,,,,,,,0.0201,
node_1_solar_at_Lat_46.000_Lon_-123.750,fixed_generator,,node_1,Solar_time_series_by_year/Solar_time_series_2016_at_Lat_46.000_Lon_-123.750.csv,,,0.0148,,,,,,,0.0994,
node_1_wind_at_Lat_46.000_Lon_-123.750,fixed_generator,,node_1,Wind_time_series_by_year/Wind_time_series_2016_at_Lat_46.000_Lon_-123.750.csv,,,0.0160,,,,,,,0.0199,
node_1_solar_at_Lat_46.000_Lon_-123.125,fixed_generator,,node_1,Solar_time_series_by_year/Solar_time_series_2016_at_Lat_46.000_Lon_-123.125.csv,,,0.0148,,,,,,,0.0994,
node_1_wind_at_Lat_46.000_Lon_-123.125,fixed_generator,,node_1,Wind_time_series_by_year/Wind_time_series_2016_at_Lat_46.000_Lon_-123.125.csv,,,0.0160,,,,,,,0.0199,
node_1_solar_at_Lat_46.000_Lon_-122.500,fixed_generator,,node_1,Solar_time_series_by_year/Solar_time_series_2016_at_Lat_46.000_Lon_-122.500.csv,,,0.0148,,,,,,,0.0994,
node_1_wind_at_Lat_46.000_Lon_-122.500,fixed_generator,,node_1,Wind_time_series_by_year/Wind_time_series_2016_at_Lat_46.000_Lon_-122.500.csv,,,0.0160,,,,,,,0.0199,
node_1_solar_at_Lat_46.000_Lon_-121.875,fixed_generator,,node_1,Solar_time_series_by_year/Solar_time_series_2016_at_Lat_46.000_Lon_-121.875.csv,,,0.0148,,,,,,,0.0994,
node_1_wind_at_Lat_46.000_Lon_-121.875,fixed_generator,,node_1,Wind_time_series_by_year/Wind_time_series_2016_at_Lat_46.000_Lon_-121.875.csv,,,0.0160,,,,,,,0.0199,
node_1_solar_at_Lat_46.000_Lon_-121.250,fixed_generator,,node_1,Solar_time_series_by_year/Solar_time_series_2016_at_Lat_46.000_Lon_-121.250.csv,,,0.0148,,,,,,,0.0994,
node_1_wind_at_Lat_46.000_Lon_-121.250,fixed_generator,,node_1,Wind_time_series_by_year/Wind_time_series_2016_at_Lat_46.000_Lon_-121.250.csv,,,0.0160,,,,,,,0.0199,
node_1_solar_at_Lat_46.000_Lon_-120.625,fixed_generator,,node_1,Solar_time_series_by_year/Solar_time_series_2016_at_Lat_46.000_Lon_-120.625.csv,,,0.0148,,,,,,,0.0994,
node_1_wind_at_Lat_46.000_Lon_-120.625,fixed_generator,,node_1,Wind_time_series_by_year/Wind_time_series_2016_at_Lat_46.000_Lon_-120.625.csv,,,0.0160,,,,,,,0.0199,
node_1_solar_at_Lat_46.000_Lon_-120.000,fixed_generator,,node_1,Solar_time_series_by_year/Solar_time_series_2016_at_Lat_46.000_Lon_-120.000.csv,,,0.0148,,,,,,,0.0994,
node_1_wind_at_Lat_46.000_Lon_-120.000,fixed_generator,,node_1,Wind_time_series_by_year/Wind_time_series_2016_at_Lat_46.000_Lon_-120.000.csv,,,0.0160,,,,,,,0.0199,
node_1_solar_at_Lat_46.000_Lon_-119.375,fixed_generator,,node_1,Solar_time_series_by_year/Solar_time_series_2016_at_Lat_46.000_Lon_-119.375.csv,,,0.0148,,,,,,,0.0994,
node_1_wind_at_Lat_46.000_Lon_-119.375,fixed_generator,,node_1,Wind_time_series_by_year/Wind_time_series_2016_at_Lat_46.000_Lon_-119.375.csv,,,0.0160,,,,,,,0.0199,
node_1_solar_at_Lat_46.000_Lon_-118.750,fixed_generator,,node_1,Solar_time_series_by_year/Solar_time_series_2016_at_Lat_46.000_Lon_-118.750.csv,,,0.0148,,,,,,,0.0994,
node_1_wind_at_Lat_46.000_Lon_-118.750,fixed_generator,,node_1,Wind_time_series_by_year/Wind_time_series_2016_at_Lat_46.000_Lon_-118.750.csv,,,0.0160,,,,,,,0.0199,
node_1_solar_at_Lat_46.000_Lon_-118.125,fixed_generator,,node_1,Solar_time_series_by_year/Solar_time_series_2016_at_Lat_46.000_Lon_-118.125.csv,,,0.0148,,,,,,,0.0994,
node_1_wind_at_Lat_46.000_Lon_-118.125,fixed_generator,,node_1,Wind_time_series_by_year/Wind_time_series_2016_at_Lat_46.000_Lon_-118.125.csv,,,0.0160,,,,,,,0.0199,
node_1_solar_at_Lat_46.000_Lon_-117.500,fixed_generator,,node_1,Solar_time_series_by_year/Solar_time_series_2016_at_Lat_46.000_Lon_-117.500.csv,,,0.0148,,,,,,,0.0994,
node_1_wind_at_Lat_46.000_Lon_-117.500,fixed_generator,,node_1,Wind_time_series_by_year/Wind_time_series_2016_at_Lat_46.000_Lon_-117.500.csv,,,0.0160,,,,,,,0.0199,
node_1_solar_at_Lat_46.000_Lon_-116.875,fixed_generator,,node_1,Solar_time_series_by_year/Solar_time_series_2016_at_Lat_46.000_Lon_-116.875.csv,,,0.0148,,,,,,,0.0994,
node_1_wind_at_Lat_46.000_Lon_-116.875,fixed_generator,,node_1,Wind_time_series_by_year/Wind_time_series_2016_at_Lat_46.000_Lon_-116.875.csv,,,0.0160,,,,,,,0.0199,
node_1_solar_at_Lat_46.000_Lon_-116.250,fixed_generator,,node_1,Solar_time_series_by_year/Solar_time_series_2016_at_Lat_46.000_Lon_-116.250.csv,,,0.0148,,,,,,,0.0994,
node_1_wind_at_Lat_46.000_Lon_-116.250,fixed_generator,,node_1,Wind_time_series_by_year/Wind_time_series_2016_at_Lat_46.000_Lon_-116.250.csv,,,0.0160,,,,,,,0.0199,
node_1_solar_at_Lat_46.000_Lon_-115.625,fixed_generator,,node_1,Solar_time_series_by_year/Solar_time_series_2016_at_Lat_46.000_Lon_-115.625.csv,,,0.0148,,,,,,,0.0994,
node_1_wind_at_Lat_46.000_Lon_-115.625,fixed_generator,,node_1,Wind_time_series_by_year/Wind_time_series_2016_at_Lat_46.000_Lon_-115.625.csv,,,0.0160,,,,,,,0.0199,
node_1_solar_at_Lat_46.000_Lon_-115.000,fixed_generator,,node_1,Solar_time_series_by_year/Solar_time_series_2016_at_Lat_46.000_Lon_-115.000.csv,,,0.0148,,,,,,,0.0994,
node_1_wind_at_Lat_46.000_Lon_-115.000,fixed_generator,,node_1,Wind_time_series_by_year/Wind_time_series_2016_at_Lat_46.000_Lon_-115.000.csv,,,0.0160,,,,,,,0.0199,
node_1_solar_at_Lat_46.000_Lon_-114.375,fixed_generator,,node_1,Solar_time_series_by_year/Solar_time_series_2016_at_Lat_46.000_Lon_-114.375.csv,,,0.0148,,,,,,,0.0994,
node_1_wind_at_Lat_46.000_Lon_-114.375,fixed_generator,,node_1,Wind_time_series_by_year/Wind_time_series_2016_at_Lat_46.000_Lon_-114.375.csv,,,0.0160,,,,,,,0.0199,
node_1_solar_at_Lat_46.000_Lon_-113.750,fixed_generator,,node_1,Solar_time_series_by_year/Solar_time_series_2016_at_Lat_46.000_Lon_-113.750.csv,,,0.0148,,,,,,,0.0994,
node_1_wind_at_Lat_46.000_Lon_-113.750,fixed_generator,,node_1,Wind_time_series_by_year/Wind_time_series_2016_at_Lat_46.000_Lon_-113.750.csv,,,0.0160,,,,,,,0.0199,
node_1_solar_at_Lat_46.000_Lon_-113.125,fixed_generator,,node_1,Solar_time_series_by_year/Solar_time_series_2016_at_Lat_46.000_Lon_-113.125.csv,,,0.0148,,,,,,,0.0994,
node_1_wind_at_Lat_46.000_Lon_-113.125,fixed_generator,,node_1,Wind_time_series_by_year/Wind_time_series_2016_at_Lat_46.000_Lon_-113.125.csv,,,0.0160,,,,,,,0.0199,
node_1_solar_at_Lat_46.000_Lon_-112.500,fixed_generator,,node_1,Solar_time_series_by_year/Solar_time_series_2016_at_Lat_46.000_Lon_-112.500.csv,,,0.0148,,,,,,,0.0994,
node_1_wind_at_Lat_46.000_Lon_-112.500,fixed_generator,,node_1,Wind_time_series_by_year/Wind_time_series_2016_at_Lat_46.000_Lon_-112.500.csv,,,0.0160,,,,,,,0.0199,
node_1_solar_at_Lat_46.000_Lon_-111.875,fixed_generator,,node_1,Solar_time_series_by_year/Solar_time_series_2016_at_Lat_46.000_Lon_-111.875.csv,,,0.0148,,,,,,,0.0994,
node_1_wind_at_Lat_46.000_Lon_-111.875,fixed_generator,,node_1,Wind_time_series_by_year/Wind_time_series_2016_at_Lat_46.000_Lon_-111.875.csv,,,0.0160,,,,,,,0.0199,
node_1_solar_at_Lat_46.000_Lon_-111.250,fixed_generator,,node_1,Solar_time_series_by_year/Solar_time_series_2016_at_Lat_46.000_Lon_-111.250.csv,,,0.0148,,,,,,,0.0994,
node_1_wind_at_Lat_46.000_Lon_-111.250,fixed_generator,,node_1,Wind_time_series_by_year/Wind_time_series_2016_at_Lat_46.000_Lon_-111.250.csv,,,0.0160,,,,,,,0.0199,
node_1_solar_at_Lat_46.000_Lon_-110.625,fixed_generator,,node_1,Solar_time_series_by_year/Solar_time_series_2016_at_Lat_46.000_Lon_-110.625.csv,,,0.0148,,,,,,,0.0994,
node_1_wind_at_Lat_46.000_Lon_-110.625,fixed_generator,,node_1,Wind_time_series_by_year/Wind_time_series_2016_at_Lat_46.000_Lon_-110.625.csv,,,0.0160,,,,,,,0.0199,
node_1_solar_at_Lat_46.000_Lon_-110.000,fixed_generator,,node_1,Solar_time_series_by_year/Solar_time_series_2016_at_Lat_46.000_Lon_-110.000.csv,,,0.0148,,,,,,,0.0994,
node_1_wind_at_Lat_46.000_Lon_-110.000,fixed_generator,,node_1,Wind_time_series_by_year/Wind_time_series_2016_at_Lat_46.000_Lon_-110.000.csv,,,0.0160,,,,,,,0.0199,
node_1_solar_at_Lat_46.000_Lon_-109.375,fixed_generator,,node_1,Solar_time_series_by_year/Solar_time_series_2016_at_Lat_46.000_Lon_-109.375.csv,,,0.0148,,,,,,,0.0994,
node_1_wind_at_Lat_46.000_Lon_-109.375,fixed_generator,,node_1,Wind_time_series_by_year/Wind_time_series_2016_at_Lat_46.000_Lon_-109.375.csv,,,0.0160,,,,,,,0.0199,
node_1_solar_at_Lat_46.000_Lon_-108.750,fixed_generator,,node_1,Solar_time_series_by_year/Solar_time_series_2016_at_Lat_46.000_Lon_-108.750.csv,,,0.0148,,,,,,,0.0994,
node_1_wind_at_Lat_46.000_Lon_-108.750,fixed_generator,,node_1,Wind_time_series_by_year/Wind_time_series_2016_at_Lat_46.000_Lon_-108.750.csv,,,0.0160,,,,,,,0.0199,
node_1_solar_at_Lat_46.000_Lon_-108.125,fixed_generator,,node_1,Solar_time_series_by_year/Solar_time_series_2016_at_Lat_46.000_Lon_-108.125.csv,,,0.0148,,,,,,,0.0994,
node_1_wind_at_Lat_46.000_Lon_-108.125,fixed_generator,,node_1,Wind_time_series_by_year/Wind_time_series_2016_at_Lat_46.000_Lon_-108.125.csv,,,0.0160,,,,,,,0.0199,
node_1_solar_at_Lat_46.000_Lon_-107.500,fixed_generator,,node_1,Solar_time_series_by_year/Solar_time_series_2016_at_Lat_46.000_Lon_-107.500.csv,,,0.0148,,,,,,,0.0994,
node_1_wind_at_Lat_46.000_Lon_-107.500,fixed_generator,,node_1,Wind_time_series_by_year/Wind_time_series_2016_at_Lat_46.000_Lon_-107.500.csv,,,0.0160,,,,,,,0.0199,
node_1_solar_at_Lat_46.000_Lon_-106.875,fixed_generator,,node_1,Solar_time_series_by_year/Solar_time_series_2016_at_Lat_46.000_Lon_-106.875.csv,,,0.0148,,,,,,,0.0994,
node_1_wind_at_Lat_46.000_Lon_-106.875,fixed_generator,,node_1,Wind_time_series_by_year/Wind_time_series_2016_at_Lat_46.000_Lon_-106.875.csv,,,0.0160,,,,,,,0.0199,
node_1_solar_at_Lat_46.000_Lon_-106.250,fixed_generator,,node_1,Solar_time_series_by_year/Solar_time_series_2016_at_Lat_46.000_Lon_-106.250.csv,,,0.0148,,,,,,,0.0994,
node_1_wind_at_Lat_46.000_Lon_-106.250,fixed_generator,,node_1,Wind_time_series_by_year/Wind_time_series_2016_at_Lat_46.000_Lon_-106.250.csv,,,0.0160,,,,,,,0.0199,
node_1_solar_at_Lat_46.000_Lon_-105.625,fixed_generator,,node_1,Solar_time_series_by_year/Solar_time_series_2016_at_Lat_46.000_Lon_-105.625.csv,,,0.0148,,,,,,,0.0994,
node_1_wind_at_Lat_46.000_Lon_-105.625,fixed_generator,,node_1,Wind_time_series_by_year/Wind_time_series_2016_at_Lat_46.000_Lon_-105.625.csv,,,0.0160,,,,,,,0.0199,
node_1_solar_at_Lat_46.000_Lon_-105.000,fixed_generator,,node_1,Solar_time_series_by_year/Solar_time_series_2016_at_Lat_46.000_Lon_-105.000.csv,,,0.0148,,,,,,,0.0994,
node_1_wind_at_Lat_46.000_Lon_-105.000,fixed_generator,,node_1,Wind_time_series_by_year/Wind_time_series_2016_at_Lat_46.000_Lon_-105.000.csv,,,0.0160,,,,,,,0.0199,
node_1_solar_at_Lat_46.000_Lon_-104.375,fixed_generator,,node_1,Solar_time_series_by_year/Solar_time_series_2016_at_Lat_46.000_Lon_-104.375.csv,,,0.0148,,,,,,,0.0994,
node_1_wind_at_Lat_46.000_Lon_-104.375,fixed_generator,,node_1,Wind_time_series_by_year/Wind_time_series_2016_at_Lat_46.000_Lon_-104.375.csv,,,0.0160,,,,,,,0.0199,
node_1_solar_at_Lat_46.000_Lon_-103.750,fixed_generator,,node_1,Solar_time_series_by_year/Solar_time_series_2016_at_Lat_46.000_Lon_-103.750.csv,,,0.0148,,,,,,,0.0994,
node_1_wind_at_Lat_46.000_Lon_-103.750,fixed_generator,,node_1,Wind_time_series_by_year/Wind_time_series_2016_at_Lat_46.000_Lon_-103.750.csv,,,0.0160,,,,,,,0.0199,
node_1_solar_at_Lat_46.000_Lon_-103.125,fixed_generator,,node_1,Solar_time_series_by_year/Solar_time_series_2016_at_Lat_46.000_Lon_-103.125.csv,,,0.0148,,,,,,,0.0994,
node_1_wind_at_Lat_46.000_Lon_-103.125,fixed_generator,,node_1,Wind_time_series_by_year/Wind_time_series_2016_at_Lat_46.000_Lon_-103.125.csv,,,0.0160,,,,,,,0.0199,
node_1_solar_at_Lat_46.000_Lon_-102.500,fixed_generator,,node_1,Solar_time_series_by_year/Solar_time_series_2016_at_Lat_46.000_Lon_-102.500.csv,,,0.0148,,,,,,,0.0994,
node_1_wind_at_Lat_46.000_Lon_-102.500,fixed_generator,,node_1,Wind_time_series_by_year/Wind_time_series_2016_at_Lat_46.000_Lon_-102.500.csv,,,0.0160,,,,,,,0.0199,
node_1_solar_at_Lat_46.000_Lon_-101.875,fixed_generator,,node_1,Solar_time_series_by_year/Solar_time_series_2016_at_Lat_46.000_Lon_-101.875.csv,,,0.0148,,,,,,,0.0994,
node_1_wind_at_Lat_46.000_Lon_-101.875,fixed_generator,,node_1,Wind_time_series_by_year/Wind_time_series_2016_at_Lat_46.000_Lon_-101.875.csv,,,0.0160,,,,,,,0.0199,
node_1_solar_at_Lat_46.000_Lon_-101.250,fixed_generator,,node_1,Solar_time_series_by_year/Solar_time_series_2016_at_Lat_46.000_Lon_-101.250.csv,,,0.0148,,,,,,,0.0994,
node_1_wind_at_Lat_46.000_Lon_-101.250,fixed_generator,,node_1,Wind_time_series_by_year/Wind_time_series_2016_at_Lat_46.000_Lon_-101.250.csv,,,0.0160,,,,,,,0.0199,
node_1_solar_at_Lat_46.000_Lon_-100.625,fixed_generator,,node_1,Solar_time_series_by_year/Solar_time_series_2016_at_Lat_46.000_Lon_-100.625.csv,,,0.0148,,,,,,,0.0994,
node_1_wind_at_Lat_46.000_Lon_-100.625,fixed_generator,,node_1,Wind_time_series_by_year/Wind_time_series_2016_at_Lat_46.000_Lon_-100.625.csv,,,0.0160,,,,,,,0.0199,
node_1_solar_at_Lat_46.000_Lon_-100.000,fixed_generator,,node_1,Solar_time_series_by_year/Solar_time_series_2016_at_Lat_46.000_Lon_-100.000.csv,,,0.0148,,,,,,,0.0994,
node_1_wind_at_Lat_46.000_Lon_-100.000,fixed_generator,,node_1,Wind_time_series_by_year/Wind_time_series_2016_at_Lat_46.000_Lon_-100.000.csv,,,0.0160,,,,,,,0.0199,
node_1_solar_at_Lat_46.000_Lon_-99.375,fixed_generator,,node_1,Solar_time_series_by_year/Solar_time_series_2016_at_Lat_46.000_Lon_-99.375.csv,,,0.0148,,,,,,,0.0994,
node_1_wind_at_Lat_46.000_Lon_-99.375,fixed_generator,,node_1,Wind_time_series_by_year/Wind_time_series_2016_at_Lat_46.000_Lon_-99.375.csv,,,0.0160,,,,,,,0.0199,
node_1_solar_at_Lat_46.000_Lon_-98.750,fixed_generator,,node_1,Solar_time_series_by_year/Solar_time_series_2016_at_Lat_46.000_Lon_-98.750.csv,,,0.0148,,,,,,,0.0994,
node_1_wind_at_Lat_46.000_Lon_-98.750,fixed_generator,,node_1,Wind_time_series_by_year/Wind_time_series_2016_at_Lat_46.000_Lon_-98.750.csv,,,0.0160,,,,,,,0.0199,
node_1_solar_at_Lat_46.000_Lon_-98.125,fixed_generator,,node_1,Solar_time_series_by_year/Solar_time_series_2016_at_Lat_46.000_Lon_-98.125.csv,,,0.0148,,,,,,,0.0994,
node_1_wind_at_Lat_46.000_Lon_-98.125,fixed_generator,,node_1,Wind_time_series_by_year/Wind_time_series_2016_at_Lat_46.000_Lon_-98.125.csv,,,0.0160,,,,,,,0.0199,
node_1_solar_at_Lat_46.000_Lon_-97.500,fixed_generator,,node_1,Solar_time_series_by_year/Solar_time_series_2016_at_Lat_46.000_Lon_-97.500.csv,,,0.0148,,,,,,,0.0994,
node_1_wind_at_Lat_46.000_Lon_-97.500,fixed_generator,,node_1,Wind_time_series_by_year/Wind_time_series_2016_at_Lat_46.000_Lon_-97.500.csv,,,0.0160,,,,,,,0.0199,
node_1_solar_at_Lat_46.000_Lon_-96.875,fixed_generator,,node_1,Solar_time_series_by_year/Solar_time_series_2016_at_Lat_46.000_Lon_-96.875.csv,,,0.0148,,,,,,,0.0994,
node_1_wind_at_Lat_46.000_Lon_-96.875,fixed_generator,,node_1,Wind_time_series_by_year/Wind_time_series_2016_at_Lat_46.000_Lon_-96.875.csv,,,0.0160,,,,,,,0.0199,
node_1_solar_at_Lat_46.000_Lon_-96.250,fixed_generator,,node_1,Solar_time_series_by_year/Solar_time_series_2016_at_Lat_46.000_Lon_-96.250.csv,,,0.0148,,,,,,,0.0994,
node_1_wind_at_Lat_46.000_Lon_-96.250,fixed_generator,,node_1,Wind_time_series_by_year/Wind_time_series_2016_at_Lat_46.000_Lon_-96.250.csv,,,0.0160,,,,,,,0.0199,
node_1_solar_at_Lat_46.000_Lon_-95.625,fixed_generator,,node_1,Solar_time_series_by_year/Solar_time_series_2016_at_Lat_46.000_Lon_-95.625.csv,,,0.0148,,,,,,,0.0994,
node_1_wind_at_Lat_46.000_Lon_-95.625,fixed_generator,,node_1,Wind_time_series_by_year/Wind_time_series_2016_at_Lat_46.000_Lon_-95.625.csv,,,0.0160,,,,,,,0.0199,
node_1_solar_at_Lat_46.000_Lon_-95.000,fixed_generator,,node_1,Solar_time_series_by_year/Solar_time_series_2016_at_Lat_46.000_Lon_-95.000.csv,,,0.0148,,,,,,,0.0994,
node_1_wind_at_Lat_46.000_Lon_-95.000,fixed_generator,,node_1,Wind_time_series_by_year/Wind_time_series_2016_at_Lat_46.000_Lon_-95.000.csv,,,0.0160,,,,,,,0.0199,
node_1_solar_at_Lat_46.000_Lon_-94.375,fixed_generator,,node_1,Solar_time_series_by_year/Solar_time_series_2016_at_Lat_46.000_Lon_-94.375.csv,,,0.0148,,,,,,,0.0994,
node_1_wind_at_Lat_46.000_Lon_-94.375,fixed_generator,,node_1,Wind_time_series_by_year/Wind_time_series_2016_at_Lat_46.000_Lon_-94.375.csv,,,0.0160,,,,,,,0.0199,
node_1_solar_at_Lat_46.000_Lon_-93.750,fixed_generator,,node_1,Solar_time_series_by_year/Solar_time_series_2016_at_Lat_46.000_Lon_-93.750.csv,,,0.0148,,,,,,,0.0994,
node_1_wind_at_Lat_46.000_Lon_-93.750,fixed_generator,,node_1,Wind_time_series_by_year/Wind_time_series_2016_at_Lat_46.000_Lon_-93.750.csv,,,0.0160,,,,,,,0.0199,
node_1_solar_at_Lat_46.000_Lon_-93.125,fixed_generator,,node_1,Solar_time_series_by_year/Solar_time_series_2016_at_Lat_46.000_Lon_-93.125.csv,,,0.0148,,,,,,,0.0994,
node_1_wind_at_Lat_46.000_Lon_-93.125,fixed_generator,,node_1,Wind_time_series_by_year/Wind_time_series_2016_at_Lat_46.000_Lon_-93.125.csv,,,0.0160,,,,,,,0.0199,
node_1_solar_at_Lat_46.000_Lon_-92.500,fixed_generator,,node_1,Solar_time_series_by_year/Solar_time_series_2016_at_Lat_46.000_Lon_-92.500.csv,,,0.0148,,,,,,,0.0994,
node_1_wind_at_Lat_46.000_Lon_-92.500,fixed_generator,,node_1,Wind_time_series_by_year/Wind_time_series_2016_at_Lat_46.000_Lon_-92.500.csv,,,0.0160,,,,,,,0.0199,
node_1_solar_at_Lat_46.000_Lon_-91.875,fixed_generator,,node_1,Solar_time_series_by_year/Solar_time_series_2016_at_Lat_46.000_Lon_-91.875.csv,,,0.0148,,,,,,,0.0994,
node_1_wind_at_Lat_46.000_Lon_-91.875,fixed_generator,,node_1,Wind_time_series_by_year/Wind_time_series_2016_at_Lat_46.000_Lon_-91.875.csv,,,0.0160,,,,,,,0.0199,
node_1_solar_at_Lat_46.000_Lon_-91.250,fixed_generator,,node_1,Solar_time_series_by_year/Solar_time_series_2016_at_Lat_46.000_Lon_-91.250.csv,,,0.0148,,,,,,,0.0994,
node_1_wind_at_Lat_46.000_Lon_-91.250,fixed_generator,,node_1,Wind_time_series_by_year/Wind_time_series_2016_at_Lat_46.000_Lon_-91.250.csv,,,0.0160,,,,,,,0.0199,
node_1_solar_at_Lat_46.000_Lon_-90.625,fixed_generator,,node_1,Solar_time_series_by_year/Solar_time_series_2016_at_Lat_46.000_Lon_-90.625.csv,,,0.0148,,,,,,,0.0994,
node_1_wind_at_Lat_46.000_Lon_-90.625,fixed_generator,,node_1,Wind_time_series_by_year/Wind_time_series_2016_at_Lat_46.000_Lon_-90.625.csv,,,0.0160,,,,,,,0.0199,
node_1_solar_at_Lat_46.000_Lon_-90.000,fixed_generator,,node_1,Solar_time_series_by_year/Solar_time_series_2016_at_Lat_46.000_Lon_-90.000.csv,,,0.0148,,,,,,,0.0994,
node_1_wind_at_Lat_46.000_Lon_-90.000,fixed_generator,,node_1,Wind_time_series_by_year/Wind_time_series_2016_at_Lat_46.000_Lon_-90.000.csv,,,0.0160,,,,,,,0.0199,
node_1_solar_at_Lat_46.000_Lon_-89.375,fixed_generator,,node_1,Solar_time_series_by_year/Solar_time_series_2016_at_Lat_46.000_Lon_-89.375.csv,,,0.0148,,,,,,,0.0994,
node_1_wind_at_Lat_46.000_Lon_-89.375,fixed_generator,,node_1,Wind_time_series_by_year/Wind_time_series_2016_at_Lat_46.000_Lon_-89.375.csv,,,0.0160,,,,,,,0.0199,
node_1_solar_at_Lat_46.000_Lon_-88.750,fixed_generator,,node_1,Solar_time_series_by_year/Solar_time_series_2016_at_Lat_46.000_Lon_-88.750.csv,,,0.0148,,,,,,,0.0994,
node_1_wind_at_Lat_46.000_Lon_-88.750,fixed_generator,,node_1,Wind_time_series_by_year/Wind_time_series_2016_at_Lat_46.000_Lon_-88.750.csv,,,0.0160,,,,,,,0.0199,
node_1_solar_at_Lat_46.000_Lon_-88.125,fixed_generator,,node_1,Solar_time_series_by_year/Solar_time_series_2016_at_Lat_46.000_Lon_-88.125.csv,,,0.0148,,,,,,,0.0994,
node_1_wind_at_Lat_46.000_Lon_-88.125,fixed_generator,,node_1,Wind_time_series_by_year/Wind_time_series_2016_at_Lat_46.000_Lon_-88.125.csv,,,0.0160,,,,,,,0.0199,
node_1_solar_at_Lat_46.000_Lon_-87.500,fixed_generator,,node_1,Solar_time_series_by_year/Solar_time_series_2016_at_Lat_46.000_Lon_-87.500.csv,,,0.0148,,,,,,,0.0994,
node_1_wind_at_Lat_46.000_Lon_-87.500,fixed_generator,,node_1,Wind_time_series_by_year/Wind_time_series_2016_at_Lat_46.000_Lon_-87.500.csv,,,0.0160,,,,,,,0.0199,
node_1_solar_at_Lat_46.000_Lon_-86.875,fixed_generator,,node_1,Solar_time_series_by_year/Solar_time_series_2016_at_Lat_46.000_Lon_-86.875.csv,,,0.0148,,,,,,,0.0994,
node_1_wind_at_Lat_46.000_Lon_-86.875,fixed_generator,,node_1,Wind_time_series_by_year/Wind_time_series_2016_at_Lat_46.000_Lon_-86.875.csv,,,0.0160,,,,,,,0.0199,
node_1_solar_at_Lat_46.000_Lon_-86.250,fixed_generator,,node_1,Solar_time_series_by_year/Solar_time_series_2016_at_Lat_46.000_Lon_-86.250.csv,,,0.0148,,,,,,,0.0994,
node_1_wind_at_Lat_46.000_Lon_-86.250,fixed_generator,,node_1,Wind_time_series_by_year/Wind_time_series_2016_at_Lat_46.000_Lon_-86.250.csv,,,0.0160,,,,,,,0.0199,
node_1_solar_at_Lat_46.000_Lon_-70.000,fixed_generator,,node_1,Solar_time_series_by_year/Solar_time_series_2016_at_Lat_46.000_Lon_-70.000.csv,,,0.0148,,,,,,,0.0994,
node_1_wind_at_Lat_46.000_Lon_-70.000,fixed_generator,,node_1,Wind_time_series_by_year/Wind_time_series_2016_at_Lat_46.000_Lon_-70.000.csv,,,0.0160,,,,,,,0.0199,
node_1_solar_at_Lat_46.000_Lon_-69.375,fixed_generator,,node_1,Solar_time_series_by_year/Solar_time_series_2016_at_Lat_46.000_Lon_-69.375.csv,,,0.0148,,,,,,,0.0994,
node_1_wind_at_Lat_46.000_Lon_-69.375,fixed_generator,,node_1,Wind_time_series_by_year/Wind_time_series_2016_at_Lat_46.000_Lon_-69.375.csv,,,0.0160,,,,,,,0.0199,
node_1_solar_at_Lat_46.000_Lon_-68.750,fixed_generator,,node_1,Solar_time_series_by_year/Solar_time_series_2016_at_Lat_46.000_Lon_-68.750.csv,,,0.0148,,,,,,,0.0994,
node_1_wind_at_Lat_46.000_Lon_-68.750,fixed_generator,,node_1,Wind_time_series_by_year/Wind_time_series_2016_at_Lat_46.000_Lon_-68.750.csv,,,0.0160,,,,,,,0.0199,
node_1_solar_at_Lat_46.000_Lon_-68.125,fixed_generator,,node_1,Solar_time_series_by_year/Solar_time_series_2016_at_Lat_46.000_Lon_-68.125.csv,,,0.0148,,,,,,,0.0994,
node_1_wind_at_Lat_46.000_Lon_-68.125,fixed_generator,,node_1,Wind_time_series_by_year/Wind_time_series_2016_at_Lat_46.000_Lon_-68.125.csv,,,0.0160,,,,,,,0.0199,
node_1_solar_at_Lat_46.500_Lon_-123.750,fixed_generator,,node_1,Solar_time_series_by_year/Solar_time_series_2016_at_Lat_46.500_Lon_-123.750.csv,,,0.0148,,,,,,,0.0985,
node_1_wind_at_Lat_46.500_Lon_-123.750,fixed_generator,,node_1,Wind_time_series_by_year/Wind_time_series_2016_at_Lat_46.500_Lon_-123.750.csv,,,0.0160,,,,,,,0.0197,
node_1_solar_at_Lat_46.500_Lon_-123.125,fixed_generator,,node_1,Solar_time_series_by_year/Solar_time_series_2016_at_Lat_46.500_Lon_-123.125.csv,,,0.0148,,,,,,,0.0985,
node_1_wind_at_Lat_46.500_Lon_-123.125,fixed_generator,,node_1,Wind_time_series_by_year/Wind_time_series_2016_at_Lat_46.500_Lon_-123.125.csv,,,0.0160,,,,,,,0.0197,
node_1_solar_at_Lat_46.500_Lon_-122.500,fixed_generator,,node_1,Solar_time_series_by_year/Solar_time_series_2016_at_Lat_46.500_Lon_-122.500.csv,,,0.0148,,,,,,,0.0985,
node_1_wind_at_Lat_46.500_Lon_-122.500,fixed_generator,,node_1,Wind_time_series_by_year/Wind_time_series_2016_at_Lat_46.500_Lon_-122.500.csv,,,0.0160,,,,,,,0.0197,
node_1_solar_at_Lat_46.500_Lon_-121.875,fixed_generator,,node_1,Solar_time_series_by_year/Solar_time_series_2016_at_Lat_46.500_Lon_-121.875.csv,,,0.0148,,,,,,,0.0985,
node_1_wind_at_Lat_46.500_Lon_-121.875,fixed_generator,,node_1,Wind_time_series_by_year/Wind_time_series_2016_at_Lat_46.500_Lon_-121.875.csv,,,0.0160,,,,,,,0.0197,
node_1_solar_at_Lat_46.500_Lon_-121.250,fixed_generator,,node_1,Solar_time_series_by_year/Solar_time_series_2016_at_Lat_46.500_Lon_-121.250.csv,,,0.0148,,,,,,,0.0985,
node_1_wind_at_Lat_46.500_Lon_-121.250,fixed_generator,,node_1,Wind_time_series_by_year/Wind_time_series_2016_at_Lat_46.500_Lon_-121.250.csv,,,0.0160,,,,,,,0.0197,
node_1_solar_at_Lat_46.500_Lon_-120.625,fixed_generator,,node_1,Solar_time_series_by_year/Solar_time_series_2016_at_Lat_46.500_Lon_-120.625.csv,,,0.0148,,,,,,,0.0985,
node_1_wind_at_Lat_46.500_Lon_-120.625,fixed_generator,,node_1,Wind_time_series_by_year/Wind_time_series_2016_at_Lat_46.500_Lon_-120.625.csv,,,0.0160,,,,,,,0.0197,
node_1_solar_at_Lat_46.500_Lon_-120.000,fixed_generator,,node_1,Solar_time_series_by_year/Solar_time_series_2016_at_Lat_46.500_Lon_-120.000.csv,,,0.0148,,,,,,,0.0985,
node_1_wind_at_Lat_46.500_Lon_-120.000,fixed_generator,,node_1,Wind_time_series_by_year/Wind_time_series_2016_at_Lat_46.500_Lon_-120.000.csv,,,0.0160,,,,,,,0.0197,
node_1_solar_at_Lat_46.500_Lon_-119.375,fixed_generator,,node_1,Solar_time_series_by_year/Solar_time_series_2016_at_Lat_46.500_Lon_-119.375.csv,,,0.0148,,,,,,,0.0985,
node_1_wind_at_Lat_46.500_Lon_-119.375,fixed_generator,,node_1,Wind_time_series_by_year/Wind_time_series_2016_at_Lat_46.500_Lon_-119.375.csv,,,0.0160,,,,,,,0.0197,
node_1_solar_at_Lat_46.500_Lon_-118.750,fixed_generator,,node_1,Solar_time_series_by_year/Solar_time_series_2016_at_Lat_46.500_Lon_-118.750.csv,,,0.0148,,,,,,,0.0985,
node_1_wind_at_Lat_46.500_Lon_-118.750,fixed_generator,,node_1,Wind_time_series_by_year/Wind_time_series_2016_at_Lat_46.500_Lon_-118.750.csv,,,0.0160,,,,,,,0.0197,
node_1_solar_at_Lat_46.500_Lon_-118.125,fixed_generator,,node_1,Solar_time_series_by_year/Solar_time_series_2016_at_Lat_46.500_Lon_-118.125.csv,,,0.0148,,,,,,,0.0985,
node_1_wind_at_Lat_46.500_Lon_-118.125,fixed_generator,,node_1,Wind_time_series_by_year/Wind_time_series_2016_at_Lat_46.500_Lon_-118.125.csv,,,0.0160,,,,,,,0.0197,
node_1_solar_at_Lat_46.500_Lon_-117.500,fixed_generator,,node_1,Solar_time_series_by_year/Solar_time_series_2016_at_Lat_46.500_Lon_-117.500.csv,,,0.0148,,,,,,,0.0985,
node_1_wind_at_Lat_46.500_Lon_-117.500,fixed_generator,,node_1,Wind_time_series_by_year/Wind_time_series_2016_at_Lat_46.500_Lon_-117.500.csv,,,0.0160,,,,,,,0.0197,
node_1_solar_at_Lat_46.500_Lon_-116.875,fixed_generator,,node_1,Solar_time_series_by_year/Solar_time_series_2016_at_Lat_46.500_Lon_-116.875.csv,,,0.0148,,,,,,,0.0985,
node_1_wind_at_Lat_46.500_Lon_-116.875,fixed_generator,,node_1,Wind_time_series_by_year/Wind_time_series_2016_at_Lat_46.500_Lon_-116.875.csv,,,0.0160,,,,,,,0.0197,
node_1_solar_at_Lat_46.500_Lon_-116.250,fixed_generator,,node_1,Solar_time_series_by_year/Solar_time_series_2016_at_Lat_46.500_Lon_-116.250.csv,,,0.0148,,,,,,,0.0985,
node_1_wind_at_Lat_46.500_Lon_-116.250,fixed_generator,,node_1,Wind_time_series_by_year/Wind_time_series_2016_at_Lat_46.500_Lon_-116.250.csv,,,0.0160,,,,,,,0.0197,
node_1_solar_at_Lat_46.500_Lon_-115.625,fixed_generator,,node_1,Solar_time_series_by_year/Solar_time_series_2016_at_Lat_46.500_Lon_-115.625.csv,,,0.0148,,,,,,,0.0985,
node_1_wind_at_Lat_46.500_Lon_-115.625,fixed_generator,,node_1,Wind_time_series_by_year/Wind_time_series_2016_at_Lat_46.500_Lon_-115.625.csv,,,0.0160,,,,,,,0.0197,
node_1_solar_at_Lat_46.500_Lon_-115.000,fixed_generator,,node_1,Solar_time_series_by_year/Solar_time_series_2016_at_Lat_46.500_Lon_-115.000.csv,,,0.0148,,,,,,,0.0985,
node_1_wind_at_Lat_46.500_Lon_-115.000,fixed_generator,,node_1,Wind_time_series_by_year/Wind_time_series_2016_at_Lat_46.500_Lon_-115.000.csv,,,0.0160,,,,,,,0.0197,
node_1_solar_at_Lat_46.500_Lon_-114.375,fixed_generator,,node_1,Solar_time_series_by_year/Solar_time_series_2016_at_Lat_46.500_Lon_-114.375.csv,,,0.0148,,,,,,,0.0985,
node_1_wind_at_Lat_46.500_Lon_-114.375,fixed_generator,,node_1,Wind_time_series_by_year/Wind_time_series_2016_at_Lat_46.500_Lon_-114.375.csv,,,0.0160,,,,,,,0.0197,
node_1_solar_at_Lat_46.500_Lon_-113.750,fixed_generator,,node_1,Solar_time_series_by_year/Solar_time_series_2016_at_Lat_46.500_Lon_-113.750.csv,,,0.0148,,,,,,,0.0985,
node_1_wind_at_Lat_46.500_Lon_-113.750,fixed_generator,,node_1,Wind_time_series_by_year/Wind_time_series_2016_at_Lat_46.500_Lon_-113.750.csv,,,0.0160,,,,,,,0.0197,
node_1_solar_at_Lat_46.500_Lon_-113.125,fixed_generator,,node_1,Solar_time_series_by_year/Solar_time_series_2016_at_Lat_46.500_Lon_-113.125.csv,,,0.0148,,,,,,,0.0985,
node_1_wind_at_Lat_46.500_Lon_-113.125,fixed_generator,,node_1,Wind_time_series_by_year/Wind_time_series_2016_at_Lat_46.500_Lon_-113.125.csv,,,0.0160,,,,,,,0.0197,
node_1_solar_at_Lat_46.500_Lon_-112.500,fixed_generator,,node_1,Solar_time_series_by_year/Solar_time_series_2016_at_Lat_46.500_Lon_-112.500.csv,,,0.0148,,,,,,,0.0985,
node_1_wind_at_Lat_46.500_Lon_-112.500,fixed_generator,,node_1,Wind_time_series_by_year/Wind_time_series_2016_at_Lat_46.500_Lon_-112.500.csv,,,0.0160,,,,,,,0.0197,
node_1_solar_at_Lat_46.500_Lon_-111.875,fixed_generator,,node_1,Solar_time_series_by_year/Solar_time_series_2016_at_Lat_46.500_Lon_-111.875.csv,,,0.0148,,,,,,,0.0985,
node_1_wind_at_Lat_46.500_Lon_-111.875,fixed_generator,,node_1,Wind_time_series_by_year/Wind_time_series_2016_at_Lat_46.500_Lon_-111.875.csv,,,0.0160,,,,,,,0.0197,
node_1_solar_at_Lat_46.500_Lon_-111.250,fixed_generator,,node_1,Solar_time_series_by_year/Solar_time_series_2016_at_Lat_46.500_Lon_-111.250.csv,,,0.0148,,,,,,,0.0985,
node_1_wind_at_Lat_46.500_Lon_-111.250,fixed_generator,,node_1,Wind_time_series_by_year/Wind_time_series_2016_at_Lat_46.500_Lon_-111.250.csv,,,0.0160,,,,,,,0.0197,
node_1_solar_at_Lat_46.500_Lon_-110.625,fixed_generator,,node_1,Solar_time_series_by_year/Solar_time_series_2016_at_Lat_46.500_Lon_-110.625.csv,,,0.0148,,,,,,,0.0985,
node_1_wind_at_Lat_46.500_Lon_-110.625,fixed_generator,,node_1,Wind_time_series_by_year/Wind_time_series_2016_at_Lat_46.500_Lon_-110.625.csv,,,0.0160,,,,,,,0.0197,
node_1_solar_at_Lat_46.500_Lon_-110.000,fixed_generator,,node_1,Solar_time_series_by_year/Solar_time_series_2016_at_Lat_46.500_Lon_-110.000.csv,,,0.0148,,,,,,,0.0985,
node_1_wind_at_Lat_46.500_Lon_-110.000,fixed_generator,,node_1,Wind_time_series_by_year/Wind_time_series_2016_at_Lat_46.500_Lon_-110.000.csv,,,0.0160,,,,,,,0.0197,
node_1_solar_at_Lat_46.500_Lon_-109.375,fixed_generator,,node_1,Solar_time_series_by_year/Solar_time_series_2016_at_Lat_46.500_Lon_-109.375.csv,,,0.0148,,,,,,,0.0985,
node_1_wind_at_Lat_46.500_Lon_-109.375,fixed_generator,,node_1,Wind_time_series_by_year/Wind_time_series_2016_at_Lat_46.500_Lon_-109.375.csv,,,0.0160,,,,,,,0.0197,
node_1_solar_at_Lat_46.500_Lon_-108.750,fixed_generator,,node_1,Solar_time_series_by_year/Solar_time_series_2016_at_Lat_46.500_Lon_-108.750.csv,,,0.0148,,,,,,,0.0985,
node_1_wind_at_Lat_46.500_Lon_-108.750,fixed_generator,,node_1,Wind_time_series_by_year/Wind_time_series_2016_at_Lat_46.500_Lon_-108.750.csv,,,0.0160,,,,,,,0.0197,
node_1_solar_at_Lat_46.500_Lon_-108.125,fixed_generator,,node_1,Solar_time_series_by_year/Solar_time_series_2016_at_Lat_46.500_Lon_-108.125.csv,,,0.0148,,,,,,,0.0985,
node_1_wind_at_Lat_46.500_Lon_-108.125,fixed_generator,,node_1,Wind_time_series_by_year/Wind_time_series_2016_at_Lat_46.500_Lon_-108.125.csv,,,0.0160,,,,,,,0.0197,
node_1_solar_at_Lat_46.500_Lon_-107.500,fixed_generator,,node_1,Solar_time_series_by_year/Solar_time_series_2016_at_Lat_46.500_Lon_-107.500.csv,,,0.0148,,,,,,,0.0985,
node_1_wind_at_Lat_46.500_Lon_-107.500,fixed_generator,,node_1,Wind_time_series_by_year/Wind_time_series_2016_at_Lat_46.500_Lon_-107.500.csv,,,0.0160,,,,,,,0.0197,
node_1_solar_at_Lat_46.500_Lon_-106.875,fixed_generator,,node_1,Solar_time_series_by_year/Solar_time_series_2016_at_Lat_46.500_Lon_-106.875.csv,,,0.0148,,,,,,,0.0985,
node_1_wind_at_Lat_46.500_Lon_-106.875,fixed_generator,,node_1,Wind_time_series_by_year/Wind_time_series_2016_at_Lat_46.500_Lon_-106.875.csv,,,0.0160,,,,,,,0.0197,
node_1_solar_at_Lat_46.500_Lon_-106.250,fixed_generator,,node_1,Solar_time_series_by_year/Solar_time_series_2016_at_Lat_46.500_Lon_-106.250.csv,,,0.0148,,,,,,,0.0985,
node_1_wind_at_Lat_46.500_Lon_-106.250,fixed_generator,,node_1,Wind_time_series_by_year/Wind_time_series_2016_at_Lat_46.500_Lon_-106.250.csv,,,0.0160,,,,,,,0.0197,
node_1_solar_at_Lat_46.500_Lon_-105.625,fixed_generator,,node_1,Solar_time_series_by_year/Solar_time_series_2016_at_Lat_46.500_Lon_-105.625.csv,,,0.0148,,,,,,,0.0985,
node_1_wind_at_Lat_46.500_Lon_-105.625,fixed_generator,,node_1,Wind_time_series_by_year/Wind_time_series_2016_at_Lat_46.500_Lon_-105.625.csv,,,0.0160,,,,,,,0.0197,
node_1_solar_at_Lat_46.500_Lon_-105.000,fixed_generator,,node_1,Solar_time_series_by_year/Solar_time_series_2016_at_Lat_46.500_Lon_-105.000.csv,,,0.0148,,,,,,,0.0985,
node_1_wind_at_Lat_46.500_Lon_-105.000,fixed_generator,,node_1,Wind_time_series_by_year/Wind_time_series_2016_at_Lat_46.500_Lon_-105.000.csv,,,0.0160,,,,,,,0.0197,
node_1_solar_at_Lat_46.500_Lon_-104.375,fixed_generator,,node_1,Solar_time_series_by_year/Solar_time_series_2016_at_Lat_46.500_Lon_-104.375.csv,,,0.0148,,,,,,,0.0985,
node_1_wind_at_Lat_46.500_Lon_-104.375,fixed_generator,,node_1,Wind_time_series_by_year/Wind_time_series_2016_at_Lat_46.500_Lon_-104.375.csv,,,0.0160,,,,,,,0.0197,
node_1_solar_at_Lat_46.500_Lon_-103.750,fixed_generator,,node_1,Solar_time_series_by_year/Solar_time_series_2016_at_Lat_46.500_Lon_-103.750.csv,,,0.0148,,,,,,,0.0985,
node_1_wind_at_Lat_46.500_Lon_-103.750,fixed_generator,,node_1,Wind_time_series_by_year/Wind_time_series_2016_at_Lat_46.500_Lon_-103.750.csv,,,0.0160,,,,,,,0.0197,
node_1_solar_at_Lat_46.500_Lon_-103.125,fixed_generator,,node_1,Solar_time_series_by_year/Solar_time_series_2016_at_Lat_46.500_Lon_-103.125.csv,,,0.0148,,,,,,,0.0985,
node_1_wind_at_Lat_46.500_Lon_-103.125,fixed_generator,,node_1,Wind_time_series_by_year/Wind_time_series_2016_at_Lat_46.500_Lon_-103.125.csv,,,0.0160,,,,,,,0.0197,
node_1_solar_at_Lat_46.500_Lon_-102.500,fixed_generator,,node_1,Solar_time_series_by_year/Solar_time_series_2016_at_Lat_46.500_Lon_-102.500.csv,,,0.0148,,,,,,,0.0985,
node_1_wind_at_Lat_46.500_Lon_-102.500,fixed_generator,,node_1,Wind_time_series_by_year/Wind_time_series_2016_at_Lat_46.500_Lon_-102.500.csv,,,0.0160,,,,,,,0.0197,
node_1_solar_at_Lat_46.500_Lon_-101.875,fixed_generator,,node_1,Solar_time_series_by_year/Solar_time_series_2016_at_Lat_46.500_Lon_-101.875.csv,,,0.0148,,,,,,,0.0985,
node_1_wind_at_Lat_46.500_Lon_-101.875,fixed_generator,,node_1,Wind_time_series_by_year/Wind_time_series_2016_at_Lat_46.500_Lon_-101.875.csv,,,0.0160,,,,,,,0.0197,
node_1_solar_at_Lat_46.500_Lon_-101.250,fixed_generator,,node_1,Solar_time_series_by_year/Solar_time_series_2016_at_Lat_46.500_Lon_-101.250.csv,,,0.0148,,,,,,,0.0985,
node_1_wind_at_Lat_46.500_Lon_-101.250,fixed_generator,,node_1,Wind_time_series_by_year/Wind_time_series_2016_at_Lat_46.500_Lon_-101.250.csv,,,0.0160,,,,,,,0.0197,
node_1_solar_at_Lat_46.500_Lon_-100.625,fixed_generator,,node_1,Solar_time_series_by_year/Solar_time_series_2016_at_Lat_46.500_Lon_-100.625.csv,,,0.0148,,,,,,,0.0985,
node_1_wind_at_Lat_46.500_Lon_-100.625,fixed_generator,,node_1,Wind_time_series_by_year/Wind_time_series_2016_at_Lat_46.500_Lon_-100.625.csv,,,0.0160,,,,,,,0.0197,
node_1_solar_at_Lat_46.500_Lon_-100.000,fixed_generator,,node_1,Solar_time_series_by_year/Solar_time_series_2016_at_Lat_46.500_Lon_-100.000.csv,,,0.0148,,,,,,,0.0985,
node_1_wind_at_Lat_46.500_Lon_-100.000,fixed_generator,,node_1,Wind_time_series_by_year/Wind_time_series_2016_at_Lat_46.500_Lon_-100.000.csv,,,0.0160,,,,,,,0.0197,
node_1_solar_at_Lat_46.500_Lon_-99.375,fixed_generator,,node_1,Solar_time_series_by_year/Solar_time_series_2016_at_Lat_46.500_Lon_-99.375.csv,,,0.0148,,,,,,,0.0985,
node_1_wind_at_Lat_46.500_Lon_-99.375,fixed_generator,,node_1,Wind_time_series_by_year/Wind_time_series_2016_at_Lat_46.500_Lon_-99.375.csv,,,0.0160,,,,,,,0.0197,
node_1_solar_at_Lat_46.500_Lon_-98.750,fixed_generator,,node_1,Solar_time_series_by_year/Solar_time_series_2016_at_Lat_46.500_Lon_-98.750.csv,,,0.0148,,,,,,,0.0985,
node_1_wind_at_Lat_46.500_Lon_-98.750,fixed_generator,,node_1,Wind_time_series_by_year/Wind_time_series_2016_at_Lat_46.500_Lon_-98.750.csv,,,0.0160,,,,,,,0.0197,
node_1_solar_at_Lat_46.500_Lon_-98.125,fixed_generator,,node_1,Solar_time_series_by_year/Solar_time_series_2016_at_Lat_46.500_Lon_-98.125.csv,,,0.0148,,,,,,,0.0985,
node_1_wind_at_Lat_46.500_Lon_-98.125,fixed_generator,,node_1,Wind_time_series_by_year/Wind_time_series_2016_at_Lat_46.500_Lon_-98.125.csv,,,0.0160,,,,,,,0.0197,
node_1_solar_at_Lat_46.500_Lon_-97.500,fixed_generator,,node_1,Solar_time_series_by_year/Solar_time_series_2016_at_Lat_46.500_Lon_-97.500.csv,,,0.0148,,,,,,,0.0985,
node_1_wind_at_Lat_46.500_Lon_-97.500,fixed_generator,,node_1,Wind_time_series_by_year/Wind_time_series_2016_at_Lat_46.500_Lon_-97.500.csv,,,0.0160,,,,,,,0.0197,
node_1_solar_at_Lat_46.500_Lon_-96.875,fixed_generator,,node_1,Solar_time_series_by_year/Solar_time_series_2016_at_Lat_46.500_Lon_-96.875.csv,,,0.0148,,,,,,,0.0985,
node_1_wind_at_Lat_46.500_Lon_-96.875,fixed_generator,,node_1,Wind_time_series_by_year/Wind_time_series_2016_at_Lat_46.500_Lon_-96.875.csv,,,0.0160,,,,,,,0.0197,
node_1_solar_at_Lat_46.500_Lon_-96.250,fixed_generator,,node_1,Solar_time_series_by_year/Solar_time_series_2016_at_Lat_46.500_Lon_-96.250.csv,,,0.0148,,,,,,,0.0985,
node_1_wind_at_Lat_46.500_Lon_-96.250,fixed_generator,,node_1,Wind_time_series_by_year/Wind_time_series_2016_at_Lat_46.500_Lon_-96.250.csv,,,0.0160,,,,,,,0.0197,
node_1_solar_at_Lat_46.500_Lon_-95.625,fixed_generator,,node_1,Solar_time_series_by_year/Solar_time_series_2016_at_Lat_46.500_Lon_-95.625.csv,,,0.0148,,,,,,,0.0985,
node_1_wind_at_Lat_46.500_Lon_-95.625,fixed_generator,,node_1,Wind_time_series_by_year/Wind_time_series_2016_at_Lat_46.500_Lon_-95.625.csv,,,0.0160,,,,,,,0.0197,
node_1_solar_at_Lat_46.500_Lon_-95.000,fixed_generator,,node_1,Solar_time_series_by_year/Solar_time_series_2016_at_Lat_46.500_Lon_-95.000.csv,,,0.0148,,,,,,,0.0985,
node_1_wind_at_Lat_46.500_Lon_-95.000,fixed_generator,,node_1,Wind_time_series_by_year/Wind_time_series_2016_at_Lat_46.500_Lon_-95.000.csv,,,0.0160,,,,,,,0.0197,
node_1_solar_at_Lat_46.500_Lon_-94.375,fixed_generator,,node_1,Solar_time_series_by_year/Solar_time_series_2016_at_Lat_46.500_Lon_-94.375.csv,,,0.0148,,,,,,,0.0985,
node_1_wind_at_Lat_46.500_Lon_-94.375,fixed_generator,,node_1,Wind_time_series_by_year/Wind_time_series_2016_at_Lat_46.500_Lon_-94.375.csv,,,0.0160,,,,,,,0.0197,
node_1_solar_at_Lat_46.500_Lon_-93.750,fixed_generator,,node_1,Solar_time_series_by_year/Solar_time_series_2016_at_Lat_46.500_Lon_-93.750.csv,,,0.0148,,,,,,,0.0985,
node_1_wind_at_Lat_46.500_Lon_-93.750,fixed_generator,,node_1,Wind_time_series_by_year/Wind_time_series_2016_at_Lat_46.500_Lon_-93.750.csv,,,0.0160,,,,,,,0.0197,
node_1_solar_at_Lat_46.500_Lon_-93.125,fixed_generator,,node_1,Solar_time_series_by_year/Solar_time_series_2016_at_Lat_46.500_Lon_-93.125.csv,,,0.0148,,,,,,,0.0985,
node_1_wind_at_Lat_46.500_Lon_-93.125,fixed_generator,,node_1,Wind_time_series_by_year/Wind_time_series_2016_at_Lat_46.500_Lon_-93.125.csv,,,0.0160,,,,,,,0.0197,
node_1_solar_at_Lat_46.500_Lon_-92.500,fixed_generator,,node_1,Solar_time_series_by_year/Solar_time_series_2016_at_Lat_46.500_Lon_-92.500.csv,,,0.0148,,,,,,,0.0985,
node_1_wind_at_Lat_46.500_Lon_-92.500,fixed_generator,,node_1,Wind_time_series_by_year/Wind_time_series_2016_at_Lat_46.500_Lon_-92.500.csv,,,0.0160,,,,,,,0.0197,
node_1_solar_at_Lat_46.500_Lon_-91.875,fixed_generator,,node_1,Solar_time_series_by_year/Solar_time_series_2016_at_Lat_46.500_Lon_-91.875.csv,,,0.0148,,,,,,,0.0985,
node_1_wind_at_Lat_46.500_Lon_-91.875,fixed_generator,,node_1,Wind_time_series_by_year/Wind_time_series_2016_at_Lat_46.500_Lon_-91.875.csv,,,0.0160,,,,,,,0.0197,
node_1_solar_at_Lat_46.500_Lon_-91.250,fixed_generator,,node_1,Solar_time_series_by_year/Solar_time_series_2016_at_Lat_46.500_Lon_-91.250.csv,,,0.0148,,,,,,,0.0985,
node_1_wind_at_Lat_46.500_Lon_-91.250,fixed_generator,,node_1,Wind_time_series_by_year/Wind_time_series_2016_at_Lat_46.500_Lon_-91.250.csv,,,0.0160,,,,,,,0.0197,
node_1_solar_at_Lat_46.500_Lon_-90.625,fixed_generator,,node_1,Solar_time_series_by_year/Solar_time_series_2016_at_Lat_46.500_Lon_-90.625.csv,,,0.0148,,,,,,,0.0985,
node_1_wind_at_Lat_46.500_Lon_-90.625,fixed_generator,,node_1,Wind_time_series_by_year/Wind_time_series_2016_at_Lat_46.500_Lon_-90.625.csv,,,0.0160,,,,,,,0.0197,
node_1_solar_at_Lat_46.500_Lon_-90.000,fixed_generator,,node_1,Solar_time_series_by_year/Solar_time_series_2016_at_Lat_46.500_Lon_-90.000.csv,,,0.0148,,,,,,,0.0985,
node_1_wind_at_Lat_46.500_Lon_-90.000,fixed_generator,,node_1,Wind_time_series_by_year/Wind_time_series_2016_at_Lat_46.500_Lon_-90.000.csv,,,0.0160,,,,,,,0.0197,
node_1_solar_at_Lat_46.500_Lon_-89.375,fixed_generator,,node_1,Solar_time_series_by_year/Solar_time_series_2016_at_Lat_46.500_Lon_-89.375.csv,,,0.0148,,,,,,,0.0985,
node_1_wind_at_Lat_46.500_Lon_-89.375,fixed_generator,,node_1,Wind_time_series_by_year/Wind_time_series_2016_at_Lat_46.500_Lon_-89.375.csv,,,0.0160,,,,,,,0.0197,
node_1_solar_at_Lat_46.500_Lon_-88.750,fixed_generator,,node_1,Solar_time_series_by_year/Solar_time_series_2016_at_Lat_46.500_Lon_-88.750.csv,,,0.0148,,,,,,,0.0985,
node_1_wind_at_Lat_46.500_Lon_-88.750,fixed_generator,,node_1,Wind_time_series_by_year/Wind_time_series_2016_at_Lat_46.500_Lon_-88.750.csv,,,0.0160,,,,,,,0.0197,
node_1_solar_at_Lat_46.500_Lon_-88.125,fixed_generator,,node_1,Solar_time_series_by_year/Solar_time_series_2016_at_Lat_46.500_Lon_-88.125.csv,,,0.0148,,,,,,,0.0985,
node_1_wind_at_Lat_46.500_Lon_-88.125,fixed_generator,,node_1,Wind_time_series_by_year/Wind_time_series_2016_at_Lat_46.500_Lon_-88.125.csv,,,0.0160,,,,,,,0.0197,
node_1_solar_at_Lat_46.500_Lon_-87.500,fixed_generator,,node_1,Solar_time_series_by_year/Solar_time_series_2016_at_Lat_46.500_Lon_-87.500.csv,,,0.0148,,,,,,,0.0985,
node_1_wind_at_Lat_46.500_Lon_-87.500,fixed_generator,,node_1,Wind_time_series_by_year/Wind_time_series_2016_at_Lat_46.500_Lon_-87.500.csv,,,0.0160,,,,,,,0.0197,
node_1_solar_at_Lat_46.500_Lon_-86.250,fixed_generator,,node_1,Solar_time_series_by_year/Solar_time_series_2016_at_Lat_46.500_Lon_-86.250.csv,,,0.0148,,,,,,,0.0985,
node_1_wind_at_Lat_46.500_Lon_-86.250,fixed_generator,,node_1,Wind_time_series_by_year/Wind_time_series_2016_at_Lat_46.500_Lon_-86.250.csv,,,0.0160,,,,,,,0.0197,
node_1_solar_at_Lat_46.500_Lon_-85.625,fixed_generator,,node_1,Solar_time_series_by_year/Solar_time_series_2016_at_Lat_46.500_Lon_-85.625.csv,,,0.0148,,,,,,,0.0985,
node_1_wind_at_Lat_46.500_Lon_-85.625,fixed_generator,,node_1,Wind_time_series_by_year/Wind_time_series_2016_at_Lat_46.500_Lon_-85.625.csv,,,0.0160,,,,,,,0.0197,
node_1_solar_at_Lat_46.500_Lon_-85.000,fixed_generator,,node_1,Solar_time_series_by_year/Solar_time_series_2016_at_Lat_46.500_Lon_-85.000.csv,,,0.0148,,,,,,,0.0985,
node_1_wind_at_Lat_46.500_Lon_-85.000,fixed_generator,,node_1,Wind_time_series_by_year/Wind_time_series_2016_at_Lat_46.500_Lon_-85.000.csv,,,0.0160,,,,,,,0.0197,
node_1_solar_at_Lat_46.500_Lon_-84.375,fixed_generator,,node_1,Solar_time_series_by_year/Solar_time_series_2016_at_Lat_46.500_Lon_-84.375.csv,,,0.0148,,,,,,,0.0985,
node_1_wind_at_Lat_46.500_Lon_-84.375,fixed_generator,,node_1,Wind_time_series_by_year/Wind_time_series_2016_at_Lat_46.500_Lon_-84.375.csv,,,0.0160,,,,,,,0.0197,
node_1_solar_at_Lat_46.500_Lon_-70.000,fixed_generator,,node_1,Solar_time_series_by_year/Solar_time_series_2016_at_Lat_46.500_Lon_-70.000.csv,,,0.0148,,,,,,,0.0985,
node_1_wind_at_Lat_46.500_Lon_-70.000,fixed_generator,,node_1,Wind_time_series_by_year/Wind_time_series_2016_at_Lat_46.500_Lon_-70.000.csv,,,0.0160,,,,,,,0.0197,
node_1_solar_at_Lat_46.500_Lon_-69.375,fixed_generator,,node_1,Solar_time_series_by_year/Solar_time_series_2016_at_Lat_46.500_Lon_-69.375.csv,,,0.0148,,,,,,,0.0985,
node_1_wind_at_Lat_46.500_Lon_-69.375,fixed_generator,,node_1,Wind_time_series_by_year/Wind_time_series_2016_at_Lat_46.500_Lon_-69.375.csv,,,0.0160,,,,,,,0.0197,
node_1_solar_at_Lat_46.500_Lon_-68.750,fixed_generator,,node_1,Solar_time_series_by_year/Solar_time_series_2016_at_Lat_46.500_Lon_-68.750.csv,,,0.0148,,,,,,,0.0985,
node_1_wind_at_Lat_46.500_Lon_-68.750,fixed_generator,,node_1,Wind_time_series_by_year/Wind_time_series_2016_at_Lat_46.500_Lon_-68.750.csv,,,0.0160,,,,,,,0.0197,
node_1_solar_at_Lat_46.500_Lon_-68.125,fixed_generator,,node_1,Solar_time_series_by_year/Solar_time_series_2016_at_Lat_46.500_Lon_-68.125.csv,,,0.0148,,,,,,,0.0985,
node_1_wind_at_Lat_46.500_Lon_-68.125,fixed_generator,,node_1,Wind_time_series_by_year/Wind_time_series_2016_at_Lat_46.500_Lon_-68.125.csv,,,0.0160,,,,,,,0.0197,
node_1_solar_at_Lat_47.000_Lon_-123.750,fixed_generator,,node_1,Solar_time_series_by_year/Solar_time_series_2016_at_Lat_47.000_Lon_-123.750.csv,,,0.0148,,,,,,,0.0976,
node_1_wind_at_Lat_47.000_Lon_-123.750,fixed_generator,,node_1,Wind_time_series_by_year/Wind_time_series_2016_at_Lat_47.000_Lon_-123.750.csv,,,0.0160,,,,,,,0.0195,
node_1_solar_at_Lat_47.000_Lon_-123.125,fixed_generator,,node_1,Solar_time_series_by_year/Solar_time_series_2016_at_Lat_47.000_Lon_-123.125.csv,,,0.0148,,,,,,,0.0976,
node_1_wind_at_Lat_47.000_Lon_-123.125,fixed_generator,,node_1,Wind_time_series_by_year/Wind_time_series_2016_at_Lat_47.000_Lon_-123.125.csv,,,0.0160,,,,,,,0.0195,
node_1_solar_at_Lat_47.000_Lon_-122.500,fixed_generator,,node_1,Solar_time_series_by_year/Solar_time_series_2016_at_Lat_47.000_Lon_-122.500.csv,,,0.0148,,,,,,,0.0976,
node_1_wind_at_Lat_47.000_Lon_-122.500,fixed_generator,,node_1,Wind_time_series_by_year/Wind_time_series_2016_at_Lat_47.000_Lon_-122.500.csv,,,0.0160,,,,,,,0.0195,
node_1_solar_at_Lat_47.000_Lon_-121.875,fixed_generator,,node_1,Solar_time_series_by_year/Solar_time_series_2016_at_Lat_47.000_Lon_-121.875.csv,,,0.0148,,,,,,,0.0976,
node_1_wind_at_Lat_47.000_Lon_-121.875,fixed_generator,,node_1,Wind_time_series_by_year/Wind_time_series_2016_at_Lat_47.000_Lon_-121.875.csv,,,0.0160,,,,,,,0.0195,
node_1_solar_at_Lat_47.000_Lon_-121.250,fixed_generator,,node_1,Solar_time_series_by_year/Solar_time_series_2016_at_Lat_47.000_Lon_-121.250.csv,,,0.0148,,,,,,,0.0976,
node_1_wind_at_Lat_47.000_Lon_-121.250,fixed_generator,,node_1,Wind_time_series_by_year/Wind_time_series_2016_at_Lat_47.000_Lon_-121.250.csv,,,0.0160,,,,,,,0.0195,
node_1_solar_at_Lat_47.000_Lon_-120.625,fixed_generator,,node_1,Solar_time_series_by_year/Solar_time_series_2016_at_Lat_47.000_Lon_-120.625.csv,,,0.0148,,,,,,,0.0976,
node_1_wind_at_Lat_47.000_Lon_-120.625,fixed_generator,,node_1,Wind_time_series_by_year/Wind_time_series_2016_at_Lat_47.000_Lon_-120.625.csv,,,0.0160,,,,,,,0.0195,
node_1_solar_at_Lat_47.000_Lon_-120.000,fixed_generator,,node_1,Solar_time_series_by_year/Solar_time_series_2016_at_Lat_47.000_Lon_-120.000.csv,,,0.0148,,,,,,,0.0976,
node_1_wind_at_Lat_47.000_Lon_-120.000,fixed_generator,,node_1,Wind_time_series_by_year/Wind_time_series_2016_at_Lat_47.000_Lon_-120.000.csv,,,0.0160,,,,,,,0.0195,
node_1_solar_at_Lat_47.000_Lon_-119.375,fixed_generator,,node_1,Solar_time_series_by_year/Solar_time_series_2016_at_Lat_47.000_Lon_-119.375.csv,,,0.0148,,,,,,,0.0976,
node_1_wind_at_Lat_47.000_Lon_-119.375,fixed_generator,,node_1,Wind_time_series_by_year/Wind_time_series_2016_at_Lat_47.000_Lon_-119.375.csv,,,0.0160,,,,,,,0.0195,
node_1_solar_at_Lat_47.000_Lon_-118.750,fixed_generator,,node_1,Solar_time_series_by_year/Solar_time_series_2016_at_Lat_47.000_Lon_-118.750.csv,,,0.0148,,,,,,,0.0976,
node_1_wind_at_Lat_47.000_Lon_-118.750,fixed_generator,,node_1,Wind_time_series_by_year/Wind_time_series_2016_at_Lat_47.000_Lon_-118.750.csv,,,0.0160,,,,,,,0.0195,
node_1_solar_at_Lat_47.000_Lon_-118.125,fixed_generator,,node_1,Solar_time_series_by_year/Solar_time_series_2016_at_Lat_47.000_Lon_-118.125.csv,,,0.0148,,,,,,,0.0976,
node_1_wind_at_Lat_47.000_Lon_-118.125,fixed_generator,,node_1,Wind_time_series_by_year/Wind_time_series_2016_at_Lat_47.000_Lon_-118.125.csv,,,0.0160,,,,,,,0.0195,
node_1_solar_at_Lat_47.000_Lon_-117.500,fixed_generator,,node_1,Solar_time_series_by_year/Solar_time_series_2016_at_Lat_47.000_Lon_-117.500.csv,,,0.0148,,,,,,,0.0976,
node_1_wind_at_Lat_47.000_Lon_-117.500,fixed_generator,,node_1,Wind_time_series_by_year/Wind_time_series_2016_at_Lat_47.000_Lon_-117.500.csv,,,0.0160,,,,,,,0.0195,
node_1_solar_at_Lat_47.000_Lon_-116.875,fixed_generator,,node_1,Solar_time_series_by_year/Solar_time_series_2016_at_Lat_47.000_Lon_-116.875.csv,,,0.0148,,,,,,,0.0976,
node_1_wind_at_Lat_47.000_Lon_-116.875,fixed_generator,,node_1,Wind_time_series_by_year/Wind_time_series_2016_at_Lat_47.000_Lon_-116.875.csv,,,0.0160,,,,,,,0.0195,
node_1_solar_at_Lat_47.000_Lon_-116.250,fixed_generator,,node_1,Solar_time_series_by_year/Solar_time_series_2016_at_Lat_47.000_Lon_-116.250.csv,,,0.0148,,,,,,,0.0976,
node_1_wind_at_Lat_47.000_Lon_-116.250,fixed_generator,,node_1,Wind_time_series_by_year/Wind_time_series_2016_at_Lat_47.000_Lon_-116.250.csv,,,0.0160,,,,,,,0.0195,
node_1_solar_at_Lat_47.000_Lon_-115.625,fixed_generator,,node_1,Solar_time_series_by_year/Solar_time_series_2016_at_Lat_47.000_Lon_-115.625.csv,,,0.0148,,,,,,,0.0976,
node_1_wind_at_Lat_47.000_Lon_-115.625,fixed_generator,,node_1,Wind_time_series_by_year/Wind_time_series_2016_at_Lat_47.000_Lon_-115.625.csv,,,0.0160,,,,,,,0.0195,
node_1_solar_at_Lat_47.000_Lon_-115.000,fixed_generator,,node_1,Solar_time_series_by_year/Solar_time_series_2016_at_Lat_47.000_Lon_-115.000.csv,,,0.0148,,,,,,,0.0976,
node_1_wind_at_Lat_47.000_Lon_-115.000,fixed_generator,,node_1,Wind_time_series_by_year/Wind_time_series_2016_at_Lat_47.000_Lon_-115.000.csv,,,0.0160,,,,,,,0.0195,
node_1_solar_at_Lat_47.000_Lon_-114.375,fixed_generator,,node_1,Solar_time_series_by_year/Solar_time_series_2016_at_Lat_47.000_Lon_-114.375.csv,,,0.0148,,,,,,,0.0976,
node_1_wind_at_Lat_47.000_Lon_-114.375,fixed_generator,,node_1,Wind_time_series_by_year/Wind_time_series_2016_at_Lat_47.000_Lon_-114.375.csv,,,0.0160,,,,,,,0.0195,
node_1_solar_at_Lat_47.000_Lon_-113.750,fixed_generator,,node_1,Solar_time_series_by_year/Solar_time_series_2016_at_Lat_47.000_Lon_-113.750.csv,,,0.0148,,,,,,,0.0976,
node_1_wind_at_Lat_47.000_Lon_-113.750,fixed_generator,,node_1,Wind_time_series_by_year/Wind_time_series_2016_at_Lat_47.000_Lon_-113.750.csv,,,0.0160,,,,,,,0.0195,
node_1_solar_at_Lat_47.000_Lon_-113.125,fixed_generator,,node_1,Solar_time_series_by_year/Solar_time_series_2016_at_Lat_47.000_Lon_-113.125.csv,,,0.0148,,,,,,,0.0976,
node_1_wind_at_Lat_47.000_Lon_-113.125,fixed_generator,,node_1,Wind_time_series_by_year/Wind_time_series_2016_at_Lat_47.000_Lon_-113.125.csv,,,0.0160,,,,,,,0.0195,
node_1_solar_at_Lat_47.000_Lon_-112.500,fixed_generator,,node_1,Solar_time_series_by_year/Solar_time_series_2016_at_Lat_47.000_Lon_-112.500.csv,,,0.0148,,,,,,,0.0976,
node_1_wind_at_Lat_47.000_Lon_-112.500,fixed_generator,,node_1,Wind_time_series_by_year/Wind_time_series_2016_at_Lat_47.000_Lon_-112.500.csv,,,0.0160,,,,,,,0.0195,
node_1_solar_at_Lat_47.000_Lon_-111.875,fixed_generator,,node_1,Solar_time_series_by_year/Solar_time_series_2016_at_Lat_47.000_Lon_-111.875.csv,,,0.0148,,,,,,,0.0976,
node_1_wind_at_Lat_47.000_Lon_-111.875,fixed_generator,,node_1,Wind_time_series_by_year/Wind_time_series_2016_at_Lat_47.000_Lon_-111.875.csv,,,0.0160,,,,,,,0.0195,
node_1_solar_at_Lat_47.000_Lon_-111.250,fixed_generator,,node_1,Solar_time_series_by_year/Solar_time_series_2016_at_Lat_47.000_Lon_-111.250.csv,,,0.0148,,,,,,,0.0976,
node_1_wind_at_Lat_47.000_Lon_-111.250,fixed_generator,,node_1,Wind_time_series_by_year/Wind_time_series_2016_at_Lat_47.000_Lon_-111.250.csv,,,0.0160,,,,,,,0.0195,
node_1_solar_at_Lat_47.000_Lon_-110.625,fixed_generator,,node_1,Solar_time_series_by_year/Solar_time_series_2016_at_Lat_47.000_Lon_-110.625.csv,,,0.0148,,,,,,,0.0976,
node_1_wind_at_Lat_47.000_Lon_-110.625,fixed_generator,,node_1,Wind_time_series_by_year/Wind_time_series_2016_at_Lat_47.000_Lon_-110.625.csv,,,0.0160,,,,,,,0.0195,
node_1_solar_at_Lat_47.000_Lon_-110.000,fixed_generator,,node_1,Solar_time_series_by_year/Solar_time_series_2016_at_Lat_47.000_Lon_-110.000.csv,,,0.0148,,,,,,,0.0976,
node_1_wind_at_Lat_47.000_Lon_-110.000,fixed_generator,,node_1,Wind_time_series_by_year/Wind_time_series_2016_at_Lat_47.000_Lon_-110.000.csv,,,0.0160,,,,,,,0.0195,
node_1_solar_at_Lat_47.000_Lon_-109.375,fixed_generator,,node_1,Solar_time_series_by_year/Solar_time_series_2016_at_Lat_47.000_Lon_-109.375.csv,,,0.0148,,,,,,,0.0976,
node_1_wind_at_Lat_47.000_Lon_-109.375,fixed_generator,,node_1,Wind_time_series_by_year/Wind_time_series_2016_at_Lat_47.000_Lon_-109.375.csv,,,0.0160,,,,,,,0.0195,
node_1_solar_at_Lat_47.000_Lon_-108.750,fixed_generator,,node_1,Solar_time_series_by_year/Solar_time_series_2016_at_Lat_47.000_Lon_-108.750.csv,,,0.0148,,,,,,,0.0976,
node_1_wind_at_Lat_47.000_Lon_-108.750,fixed_generator,,node_1,Wind_time_series_by_year/Wind_time_series_2016_at_Lat_47.000_Lon_-108.750.csv,,,0.0160,,,,,,,0.0195,
node_1_solar_at_Lat_47.000_Lon_-108.125,fixed_generator,,node_1,Solar_time_series_by_year/Solar_time_series_2016_at_Lat_47.000_Lon_-108.125.csv,,,0.0148,,,,,,,0.0976,
node_1_wind_at_Lat_47.000_Lon_-108.125,fixed_generator,,node_1,Wind_time_series_by_year/Wind_time_series_2016_at_Lat_47.000_Lon_-108.125.csv,,,0.0160,,,,,,,0.0195,
node_1_solar_at_Lat_47.000_Lon_-107.500,fixed_generator,,node_1,Solar_time_series_by_year/Solar_time_series_2016_at_Lat_47.000_Lon_-107.500.csv,,,0.0148,,,,,,,0.0976,
node_1_wind_at_Lat_47.000_Lon_-107.500,fixed_generator,,node_1,Wind_time_series_by_year/Wind_time_series_2016_at_Lat_47.000_Lon_-107.500.csv,,,0.0160,,,,,,,0.0195,
node_1_solar_at_Lat_47.000_Lon_-106.875,fixed_generator,,node_1,Solar_time_series_by_year/Solar_time_series_2016_at_Lat_47.000_Lon_-106.875.csv,,,0.0148,,,,,,,0.0976,
node_1_wind_at_Lat_47.000_Lon_-106.875,fixed_generator,,node_1,Wind_time_series_by_year/Wind_time_series_2016_at_Lat_47.000_Lon_-106.875.csv,,,0.0160,,,,,,,0.0195,
node_1_solar_at_Lat_47.000_Lon_-106.250,fixed_generator,,node_1,Solar_time_series_by_year/Solar_time_series_2016_at_Lat_47.000_Lon_-106.250.csv,,,0.0148,,,,,,,0.0976,
node_1_wind_at_Lat_47.000_Lon_-106.250,fixed_generator,,node_1,Wind_time_series_by_year/Wind_time_series_2016_at_Lat_47.000_Lon_-106.250.csv,,,0.0160,,,,,,,0.0195,
node_1_solar_at_Lat_47.000_Lon_-105.625,fixed_generator,,node_1,Solar_time_series_by_year/Solar_time_series_2016_at_Lat_47.000_Lon_-105.625.csv,,,0.0148,,,,,,,0.0976,
node_1_wind_at_Lat_47.000_Lon_-105.625,fixed_generator,,node_1,Wind_time_series_by_year/Wind_time_series_2016_at_Lat_47.000_Lon_-105.625.csv,,,0.0160,,,,,,,0.0195,
node_1_solar_at_Lat_47.000_Lon_-105.000,fixed_generator,,node_1,Solar_time_series_by_year/Solar_time_series_2016_at_Lat_47.000_Lon_-105.000.csv,,,0.0148,,,,,,,0.0976,
node_1_wind_at_Lat_47.000_Lon_-105.000,fixed_generator,,node_1,Wind_time_series_by_year/Wind_time_series_2016_at_Lat_47.000_Lon_-105.000.csv,,,0.0160,,,,,,,0.0195,
node_1_solar_at_Lat_47.000_Lon_-104.375,fixed_generator,,node_1,Solar_time_series_by_year/Solar_time_series_2016_at_Lat_47.000_Lon_-104.375.csv,,,0.0148,,,,,,,0.0976,
node_1_wind_at_Lat_47.000_Lon_-104.375,fixed_generator,,node_1,Wind_time_series_by_year/Wind_time_series_2016_at_Lat_47.000_Lon_-104.375.csv,,,0.0160,,,,,,,0.0195,
node_1_solar_at_Lat_47.000_Lon_-103.750,fixed_generator,,node_1,Solar_time_series_by_year/Solar_time_series_2016_at_Lat_47.000_Lon_-103.750.csv,,,0.0148,,,,,,,0.0976,
node_1_wind_at_Lat_47.000_Lon_-103.750,fixed_generator,,node_1,Wind_time_series_by_year/Wind_time_series_2016_at_Lat_47.000_Lon_-103.750.csv,,,0.0160,,,,,,,0.0195,
node_1_solar_at_Lat_47.000_Lon_-103.125,fixed_generator,,node_1,Solar_time_series_by_year/Solar_time_series_2016_at_Lat_47.000_Lon_-103.125.csv,,,0.0148,,,,,,,0.0976,
node_1_wind_at_Lat_47.000_Lon_-103.125,fixed_generator,,node_1,Wind_time_series_by_year/Wind_time_series_2016_at_Lat_47.000_Lon_-103.125.csv,,,0.0160,,,,,,,0.0195,
node_1_solar_at_Lat_47.000_Lon_-102.500,fixed_generator,,node_1,Solar_time_series_by_year/Solar_time_series_2016_at_Lat_47.000_Lon_-102.500.csv,,,0.0148,,,,,,,0.0976,
node_1_wind_at_Lat_47.000_Lon_-102.500,fixed_generator,,node_1,Wind_time_series_by_year/Wind_time_series_2016_at_Lat_47.000_Lon_-102.500.csv,,,0.0160,,,,,,,0.0195,
node_1_solar_at_Lat_47.000_Lon_-101.875,fixed_generator,,node_1,Solar_time_series_by_year/Solar_time_series_2016_at_Lat_47.000_Lon_-101.875.csv,,,0.0148,,,,,,,0.0976,
node_1_wind_at_Lat_47.000_Lon_-101.875,fixed_generator,,node_1,Wind_time_series_by_year/Wind_time_series_2016_at_Lat_47.000_Lon_-101.875.csv,,,0.0160,,,,,,,0.0195,
node_1_solar_at_Lat_47.000_Lon_-101.250,fixed_generator,,node_1,Solar_time_series_by_year/Solar_time_series_2016_at_Lat_47.000_Lon_-101.250.csv,,,0.0148,,,,,,,0.0976,
node_1_wind_at_Lat_47.000_Lon_-101.250,fixed_generator,,node_1,Wind_time_series_by_year/Wind_time_series_2016_at_Lat_47.000_Lon_-101.250.csv,,,0.0160,,,,,,,0.0195,
node_1_solar_at_Lat_47.000_Lon_-100.625,fixed_generator,,node_1,Solar_time_series_by_year/Solar_time_series_2016_at_Lat_47.000_Lon_-100.625.csv,,,0.0148,,,,,,,0.0976,
node_1_wind_at_Lat_47.000_Lon_-100.625,fixed_generator,,node_1,Wind_time_series_by_year/Wind_time_series_2016_at_Lat_47.000_Lon_-100.625.csv,,,0.0160,,,,,,,0.0195,
node_1_solar_at_Lat_47.000_Lon_-100.000,fixed_generator,,node_1,Solar_time_series_by_year/Solar_time_series_2016_at_Lat_47.000_Lon_-100.000.csv,,,0.0148,,,,,,,0.0976,
node_1_wind_at_Lat_47.000_Lon_-100.000,fixed_generator,,node_1,Wind_time_series_by_year/Wind_time_series_2016_at_Lat_47.000_Lon_-100.000.csv,,,0.0160,,,,,,,0.0195,
node_1_solar_at_Lat_47.000_Lon_-99.375,fixed_generator,,node_1,Solar_time_series_by_year/Solar_time_series_2016_at_Lat_47.000_Lon_-99.375.csv,,,0.0148,,,,,,,0.0976,
node_1_wind_at_Lat_47.000_Lon_-99.375,fixed_generator,,node_1,Wind_time_series_by_year/Wind_time_series_2016_at_Lat_47.000_Lon_-99.375.csv,,,0.0160,,,,,,,0.0195,
node_1_solar_at_Lat_47.000_Lon_-98.750,fixed_generator,,node_1,Solar_time_series_by_year/Solar_time_series_2016_at_Lat_47.000_Lon_-98.750.csv,,,0.0148,,,,,,,0.0976,
node_1_wind_at_Lat_47.000_Lon_-98.750,fixed_generator,,node_1,Wind_time_series_by_year/Wind_time_series_2016_at_Lat_47.000_Lon_-98.750.csv,,,0.0160,,,,,,,0.0195,
node_1_solar_at_Lat_47.000_Lon_-98.125,fixed_generator,,node_1,Solar_time_series_by_year/Solar_time_series_2016_at_Lat_47.000_Lon_-98.125.csv,,,0.0148,,,,,,,0.0976,
node_1_wind_at_Lat_47.000_Lon_-98.125,fixed_generator,,node_1,Wind_time_series_by_year/Wind_time_series_2016_at_Lat_47.000_Lon_-98.125.csv,,,0.0160,,,,,,,0.0195,
node_1_solar_at_Lat_47.000_Lon_-97.500,fixed_generator,,node_1,Solar_time_series_by_year/Solar_time_series_2016_at_Lat_47.000_Lon_-97.500.csv,,,0.0148,,,,,,,0.0976,
node_1_wind_at_Lat_47.000_Lon_-97.500,fixed_generator,,node_1,Wind_time_series_by_year/Wind_time_series_2016_at_Lat_47.000_Lon_-97.500.csv,,,0.0160,,,,,,,0.0195,
node_1_solar_at_Lat_47.000_Lon_-96.875,fixed_generator,,node_1,Solar_time_series_by_year/Solar_time_series_2016_at_Lat_47.000_Lon_-96.875.csv,,,0.0148,,,,,,,0.0976,
node_1_wind_at_Lat_47.000_Lon_-96.875,fixed_generator,,node_1,Wind_time_series_by_year/Wind_time_series_2016_at_Lat_47.000_Lon_-96.875.csv,,,0.0160,,,,,,,0.0195,
node_1_solar_at_Lat_47.000_Lon_-96.250,fixed_generator,,node_1,Solar_time_series_by_year/Solar_time_series_2016_at_Lat_47.000_Lon_-96.250.csv,,,0.0148,,,,,,,0.0976,
node_1_wind_at_Lat_47.000_Lon_-96.250,fixed_generator,,node_1,Wind_time_series_by_year/Wind_time_series_2016_at_Lat_47.000_Lon_-96.250.csv,,,0.0160,,,,,,,0.0195,
node_1_solar_at_Lat_47.000_Lon_-95.625,fixed_generator,,node_1,Solar_time_series_by_year/Solar_time_series_2016_at_Lat_47.000_Lon_-95.625.csv,,,0.0148,,,,,,,0.0976,
node_1_wind_at_Lat_47.000_Lon_-95.625,fixed_generator,,node_1,Wind_time_series_by_year/Wind_time_series_2016_at_Lat_47.000_Lon_-95.625.csv,,,0.0160,,,,,,,0.0195,
node_1_solar_at_Lat_47.000_Lon_-95.000,fixed_generator,,node_1,Solar_time_series_by_year/Solar_time_series_2016_at_Lat_47.000_Lon_-95.000.csv,,,0.0148,,,,,,,0.0976,
node_1_wind_at_Lat_47.000_Lon_-95.000,fixed_generator,,node_1,Wind_time_series_by_year/Wind_time_series_2016_at_Lat_47.000_Lon_-95.000.csv,,,0.0160,,,,,,,0.0195,
node_1_solar_at_Lat_47.000_Lon_-94.375,fixed_generator,,node_1,Solar_time_series_by_year/Solar_time_series_2016_at_Lat_47.000_Lon_-94.375.csv,,,0.0148,,,,,,,0.0976,
node_1_wind_at_Lat_47.000_Lon_-94.375,fixed_generator,,node_1,Wind_time_series_by_year/Wind_time_series_2016_at_Lat_47.000_Lon_-94.375.csv,,,0.0160,,,,,,,0.0195,
node_1_solar_at_Lat_47.000_Lon_-93.750,fixed_generator,,node_1,Solar_time_series_by_year/Solar_time_series_2016_at_Lat_47.000_Lon_-93.750.csv,,,0.0148,,,,,,,0.0976,
node_1_wind_at_Lat_47.000_Lon_-93.750,fixed_generator,,node_1,Wind_time_series_by_year/Wind_time_series_2016_at_Lat_47.000_Lon_-93.750.csv,,,0.0160,,,,,,,0.0195,
node_1_solar_at_Lat_47.000_Lon_-93.125,fixed_generator,,node_1,Solar_time_series_by_year/Solar_time_series_2016_at_Lat_47.000_Lon_-93.125.csv,,,0.0148,,,,,,,0.0976,
node_1_wind_at_Lat_47.000_Lon_-93.125,fixed_generator,,node_1,Wind_time_series_by_year/Wind_time_series_2016_at_Lat_47.000_Lon_-93.125.csv,,,0.0160,,,,,,,0.0195,
node_1_solar_at_Lat_47.000_Lon_-92.500,fixed_generator,,node_1,Solar_time_series_by_year/Solar_time_series_2016_at_Lat_47.000_Lon_-92.500.csv,,,0.0148,,,,,,,0.0976,
node_1_wind_at_Lat_47.000_Lon_-92.500,fixed_generator,,node_1,Wind_time_series_by_year/Wind_time_series_2016_at_Lat_47.000_Lon_-92.500.csv,,,0.0160,,,,,,,0.0195,
node_1_solar_at_Lat_47.000_Lon_-91.875,fixed_generator,,node_1,Solar_time_series_by_year/Solar_time_series_2016_at_Lat_47.000_Lon_-91.875.csv,,,0.0148,,,,,,,0.0976,
node_1_wind_at_Lat_47.000_Lon_-91.875,fixed_generator,,node_1,Wind_time_series_by_year/Wind_time_series_2016_at_Lat_47.000_Lon_-91.875.csv,,,0.0160,,,,,,,0.0195,
node_1_solar_at_Lat_47.000_Lon_-88.750,fixed_generator,,node_1,Solar_time_series_by_year/Solar_time_series_2016_at_Lat_47.000_Lon_-88.750.csv,,,0.0148,,,,,,,0.0976,
node_1_wind_at_Lat_47.000_Lon_-88.750,fixed_generator,,node_1,Wind_time_series_by_year/Wind_time_series_2016_at_Lat_47.000_Lon_-88.750.csv,,,0.0160,,,,,,,0.0195,
node_1_solar_at_Lat_47.000_Lon_-69.375,fixed_generator,,node_1,Solar_time_series_by_year/Solar_time_series_2016_at_Lat_47.000_Lon_-69.375.csv,,,0.0148,,,,,,,0.0976,
node_1_wind_at_Lat_47.000_Lon_-69.375,fixed_generator,,node_1,Wind_time_series_by_year/Wind_time_series_2016_at_Lat_47.000_Lon_-69.375.csv,,,0.0160,,,,,,,0.0195,
node_1_solar_at_Lat_47.000_Lon_-68.750,fixed_generator,,node_1,Solar_time_series_by_year/Solar_time_series_2016_at_Lat_47.000_Lon_-68.750.csv,,,0.0148,,,,,,,0.0976,
node_1_wind_at_Lat_47.000_Lon_-68.750,fixed_generator,,node_1,Wind_time_series_by_year/Wind_time_series_2016_at_Lat_47.000_Lon_-68.750.csv,,,0.0160,,,,,,,0.0195,
node_1_solar_at_Lat_47.000_Lon_-68.125,fixed_generator,,node_1,Solar_time_series_by_year/Solar_time_series_2016_at_Lat_47.000_Lon_-68.125.csv,,,0.0148,,,,,,,0.0976,
node_1_wind_at_Lat_47.000_Lon_-68.125,fixed_generator,,node_1,Wind_time_series_by_year/Wind_time_series_2016_at_Lat_47.000_Lon_-68.125.csv,,,0.0160,,,,,,,0.0195,
node_1_solar_at_Lat_47.500_Lon_-123.750,fixed_generator,,node_1,Solar_time_series_by_year/Solar_time_series_2016_at_Lat_47.500_Lon_-123.750.csv,,,0.0148,,,,,,,0.0967,
node_1_wind_at_Lat_47.500_Lon_-123.750,fixed_generator,,node_1,Wind_time_series_by_year/Wind_time_series_2016_at_Lat_47.500_Lon_-123.750.csv,,,0.0160,,,,,,,0.0193,
node_1_solar_at_Lat_47.500_Lon_-123.125,fixed_generator,,node_1,Solar_time_series_by_year/Solar_time_series_2016_at_Lat_47.500_Lon_-123.125.csv,,,0.0148,,,,,,,0.0967,
node_1_wind_at_Lat_47.500_Lon_-123.125,fixed_generator,,node_1,Wind_time_series_by_year/Wind_time_series_2016_at_Lat_47.500_Lon_-123.125.csv,,,0.0160,,,,,,,0.0193,
node_1_solar_at_Lat_47.500_Lon_-121.875,fixed_generator,,node_1,Solar_time_series_by_year/Solar_time_series_2016_at_Lat_47.500_Lon_-121.875.csv,,,0.0148,,,,,,,0.0967,
node_1_wind_at_Lat_47.500_Lon_-121.875,fixed_generator,,node_1,Wind_time_series_by_year/Wind_time_series_2016_at_Lat_47.500_Lon_-121.875.csv,,,0.0160,,,,,,,0.0193,
node_1_solar_at_Lat_47.500_Lon_-121.250,fixed_generator,,node_1,Solar_time_series_by_year/Solar_time_series_2016_at_Lat_47.500_Lon_-121.250.csv,,,0.0148,,,,,,,0.0967,
node_1_wind_at_Lat_47.500_Lon_-121.250,fixed_generator,,node_1,Wind_time_series_by_year/Wind_time_series_2016_at_Lat_47.500_Lon_-121.250.csv,,,0.0160,,,,,,,0.0193,
node_1_solar_at_Lat_47.500_Lon_-120.625,fixed_generator,,node_1,Solar_time_series_by_year/Solar_time_series_2016_at_Lat_47.500_Lon_-120.625.csv,,,0.0148,,,,,,,0.0967,
node_1_wind_at_Lat_47.500_Lon_-120.625,fixed_generator,,node_1,Wind_time_series_by_year/Wind_time_series_2016_at_Lat_47.500_Lon_-120.625.csv,,,0.0160,,,,,,,0.0193,
node_1_solar_at_Lat_47.500_Lon_-120.000,fixed_generator,,node_1,Solar_time_series_by_year/Solar_time_series_2016_at_Lat_47.500_Lon_-120.000.csv,,,0.0148,,,,,,,0.0967,
node_1_wind_at_Lat_47.500_Lon_-120.000,fixed_generator,,node_1,Wind_time_series_by_year/Wind_time_series_2016_at_Lat_47.500_Lon_-120.000.csv,,,0.0160,,,,,,,0.0193,
node_1_solar_at_Lat_47.500_Lon_-119.375,fixed_generator,,node_1,Solar_time_series_by_year/Solar_time_series_2016_at_Lat_47.500_Lon_-119.375.csv,,,0.0148,,,,,,,0.0967,
node_1_wind_at_Lat_47.500_Lon_-119.375,fixed_generator,,node_1,Wind_time_series_by_year/Wind_time_series_2016_at_Lat_47.500_Lon_-119.375.csv,,,0.0160,,,,,,,0.0193,
node_1_solar_at_Lat_47.500_Lon_-118.750,fixed_generator,,node_1,Solar_time_series_by_year/Solar_time_series_2016_at_Lat_47.500_Lon_-118.750.csv,,,0.0148,,,,,,,0.0967,
node_1_wind_at_Lat_47.500_Lon_-118.750,fixed_generator,,node_1,Wind_time_series_by_year/Wind_time_series_2016_at_Lat_47.500_Lon_-118.750.csv,,,0.0160,,,,,,,0.0193,
node_1_solar_at_Lat_47.500_Lon_-118.125,fixed_generator,,node_1,Solar_time_series_by_year/Solar_time_series_2016_at_Lat_47.500_Lon_-118.125.csv,,,0.0148,,,,,,,0.0967,
node_1_wind_at_Lat_47.500_Lon_-118.125,fixed_generator,,node_1,Wind_time_series_by_year/Wind_time_series_2016_at_Lat_47.500_Lon_-118.125.csv,,,0.0160,,,,,,,0.0193,
node_1_solar_at_Lat_47.500_Lon_-117.500,fixed_generator,,node_1,Solar_time_series_by_year/Solar_time_series_2016_at_Lat_47.500_Lon_-117.500.csv,,,0.0148,,,,,,,0.0967,
node_1_wind_at_Lat_47.500_Lon_-117.500,fixed_generator,,node_1,Wind_time_series_by_year/Wind_time_series_2016_at_Lat_47.500_Lon_-117.500.csv,,,0.0160,,,,,,,0.0193,
node_1_solar_at_Lat_47.500_Lon_-116.875,fixed_generator,,node_1,Solar_time_series_by_year/Solar_time_series_2016_at_Lat_47.500_Lon_-116.875.csv,,,0.0148,,,,,,,0.0967,
node_1_wind_at_Lat_47.500_Lon_-116.875,fixed_generator,,node_1,Wind_time_series_by_year/Wind_time_series_2016_at_Lat_47.500_Lon_-116.875.csv,,,0.0160,,,,,,,0.0193,
node_1_solar_at_Lat_47.500_Lon_-116.250,fixed_generator,,node_1,Solar_time_series_by_year/Solar_time_series_2016_at_Lat_47.500_Lon_-116.250.csv,,,0.0148,,,,,,,0.0967,
node_1_wind_at_Lat_47.500_Lon_-116.250,fixed_generator,,node_1,Wind_time_series_by_year/Wind_time_series_2016_at_Lat_47.500_Lon_-116.250.csv,,,0.0160,,,,,,,0.0193,
node_1_solar_at_Lat_47.500_Lon_-115.625,fixed_generator,,node_1,Solar_time_series_by_year/Solar_time_series_2016_at_Lat_47.500_Lon_-115.625.csv,,,0.0148,,,,,,,0.0967,
node_1_wind_at_Lat_47.500_Lon_-115.625,fixed_generator,,node_1,Wind_time_series_by_year/Wind_time_series_2016_at_Lat_47.500_Lon_-115.625.csv,,,0.0160,,,,,,,0.0193,
node_1_solar_at_Lat_47.500_Lon_-115.000,fixed_generator,,node_1,Solar_time_series_by_year/Solar_time_series_2016_at_Lat_47.500_Lon_-115.000.csv,,,0.0148,,,,,,,0.0967,
node_1_wind_at_Lat_47.500_Lon_-115.000,fixed_generator,,node_1,Wind_time_series_by_year/Wind_time_series_2016_at_Lat_47.500_Lon_-115.000.csv,,,0.0160,,,,,,,0.0193,
node_1_solar_at_Lat_47.500_Lon_-114.375,fixed_generator,,node_1,Solar_time_series_by_year/Solar_time_series_2016_at_Lat_47.500_Lon_-114.375.csv,,,0.0148,,,,,,,0.0967,
node_1_wind_at_Lat_47.500_Lon_-114.375,fixed_generator,,node_1,Wind_time_series_by_year/Wind_time_series_2016_at_Lat_47.500_Lon_-114.375.csv,,,0.0160,,,,,,,0.0193,
node_1_solar_at_Lat_47.500_Lon_-113.750,fixed_generator,,node_1,Solar_time_series_by_year/Solar_time_series_2016_at_Lat_47.500_Lon_-113.750.csv,,,0.0148,,,,,,,0.0967,
node_1_wind_at_Lat_47.500_Lon_-113.750,fixed_generator,,node_1,Wind_time_series_by_year/Wind_time_series_2016_at_Lat_47.500_Lon_-113.750.csv,,,0.0160,,,,,,,0.0193,
node_1_solar_at_Lat_47.500_Lon_-113.125,fixed_generator,,node_1,Solar_time_series_by_year/Solar_time_series_2016_at_Lat_47.500_Lon_-113.125.csv,,,0.0148,,,,,,,0.0967,
node_1_wind_at_Lat_47.500_Lon_-113.125,fixed_generator,,node_1,Wind_time_series_by_year/Wind_time_series_2016_at_Lat_47.500_Lon_-113.125.csv,,,0.0160,,,,,,,0.0193,
node_1_solar_at_Lat_47.500_Lon_-112.500,fixed_generator,,node_1,Solar_time_series_by_year/Solar_time_series_2016_at_Lat_47.500_Lon_-112.500.csv,,,0.0148,,,,,,,0.0967,
node_1_wind_at_Lat_47.500_Lon_-112.500,fixed_generator,,node_1,Wind_time_series_by_year/Wind_time_series_2016_at_Lat_47.500_Lon_-112.500.csv,,,0.0160,,,,,,,0.0193,
node_1_solar_at_Lat_47.500_Lon_-111.875,fixed_generator,,node_1,Solar_time_series_by_year/Solar_time_series_2016_at_Lat_47.500_Lon_-111.875.csv,,,0.0148,,,,,,,0.0967,
node_1_wind_at_Lat_47.500_Lon_-111.875,fixed_generator,,node_1,Wind_time_series_by_year/Wind_time_series_2016_at_Lat_47.500_Lon_-111.875.csv,,,0.0160,,,,,,,0.0193,
node_1_solar_at_Lat_47.500_Lon_-111.250,fixed_generator,,node_1,Solar_time_series_by_year/Solar_time_series_2016_at_Lat_47.500_Lon_-111.250.csv,,,0.0148,,,,,,,0.0967,
node_1_wind_at_Lat_47.500_Lon_-111.250,fixed_generator,,node_1,Wind_time_series_by_year/Wind_time_series_2016_at_Lat_47.500_Lon_-111.250.csv,,,0.0160,,,,,,,0.0193,
node_1_solar_at_Lat_47.500_Lon_-110.625,fixed_generator,,node_1,Solar_time_series_by_year/Solar_time_series_2016_at_Lat_47.500_Lon_-110.625.csv,,,0.0148,,,,,,,0.0967,
node_1_wind_at_Lat_47.500_Lon_-110.625,fixed_generator,,node_1,Wind_time_series_by_year/Wind_time_series_2016_at_Lat_47.500_Lon_-110.625.csv,,,0.0160,,,,,,,0.0193,
node_1_solar_at_Lat_47.500_Lon_-110.000,fixed_generator,,node_1,Solar_time_series_by_year/Solar_time_series_2016_at_Lat_47.500_Lon_-110.000.csv,,,0.0148,,,,,,,0.0967,
node_1_wind_at_Lat_47.500_Lon_-110.000,fixed_generator,,node_1,Wind_time_series_by_year/Wind_time_series_2016_at_Lat_47.500_Lon_-110.000.csv,,,0.0160,,,,,,,0.0193,
node_1_solar_at_Lat_47.500_Lon_-109.375,fixed_generator,,node_1,Solar_time_series_by_year/Solar_time_series_2016_at_Lat_47.500_Lon_-109.375.csv,,,0.0148,,,,,,,0.0967,
node_1_wind_at_Lat_47.500_Lon_-109.375,fixed_generator,,node_1,Wind_time_series_by_year/Wind_time_series_2016_at_Lat_47.500_Lon_-109.375.csv,,,0.0160,,,,,,,0.0193,
node_1_solar_at_Lat_47.500_Lon_-108.750,fixed_generator,,node_1,Solar_time_series_by_year/Solar_time_series_2016_at_Lat_47.500_Lon_-108.750.csv,,,0.0148,,,,,,,0.0967,
node_1_wind_at_Lat_47.500_Lon_-108.750,fixed_generator,,node_1,Wind_time_series_by_year/Wind_time_series_2016_at_Lat_47.500_Lon_-108.750.csv,,,0.0160,,,,,,,0.0193,
node_1_solar_at_Lat_47.500_Lon_-108.125,fixed_generator,,node_1,Solar_time_series_by_year/Solar_time_series_2016_at_Lat_47.500_Lon_-108.125.csv,,,0.0148,,,,,,,0.0967,
node_1_wind_at_Lat_47.500_Lon_-108.125,fixed_generator,,node_1,Wind_time_series_by_year/Wind_time_series_2016_at_Lat_47.500_Lon_-108.125.csv,,,0.0160,,,,,,,0.0193,
node_1_solar_at_Lat_47.500_Lon_-107.500,fixed_generator,,node_1,Solar_time_series_by_year/Solar_time_series_2016_at_Lat_47.500_Lon_-107.500.csv,,,0.0148,,,,,,,0.0967,
node_1_wind_at_Lat_47.500_Lon_-107.500,fixed_generator,,node_1,Wind_time_series_by_year/Wind_time_series_2016_at_Lat_47.500_Lon_-107.500.csv,,,0.0160,,,,,,,0.0193,
node_1_solar_at_Lat_47.500_Lon_-106.875,fixed_generator,,node_1,Solar_time_series_by_year/Solar_time_series_2016_at_Lat_47.500_Lon_-106.875.csv,,,0.0148,,,,,,,0.0967,
node_1_wind_at_Lat_47.500_Lon_-106.875,fixed_generator,,node_1,Wind_time_series_by_year/Wind_time_series_2016_at_Lat_47.500_Lon_-106.875.csv,,,0.0160,,,,,,,0.0193,
node_1_solar_at_Lat_47.500_Lon_-106.250,fixed_generator,,node_1,Solar_time_series_by_year/Solar_time_series_2016_at_Lat_47.500_Lon_-106.250.csv,,,0.0148,,,,,,,0.0967,
node_1_wind_at_Lat_47.500_Lon_-106.250,fixed_generator,,node_1,Wind_time_series_by_year/Wind_time_series_2016_at_Lat_47.500_Lon_-106.250.csv,,,0.0160,,,,,,,0.0193,
node_1_solar_at_Lat_47.500_Lon_-105.625,fixed_generator,,node_1,Solar_time_series_by_year/Solar_time_series_2016_at_Lat_47.500_Lon_-105.625.csv,,,0.0148,,,,,,,0.0967,
node_1_wind_at_Lat_47.500_Lon_-105.625,fixed_generator,,node_1,Wind_time_series_by_year/Wind_time_series_2016_at_Lat_47.500_Lon_-105.625.csv,,,0.0160,,,,,,,0.0193,
node_1_solar_at_Lat_47.500_Lon_-105.000,fixed_generator,,node_1,Solar_time_series_by_year/Solar_time_series_2016_at_Lat_47.500_Lon_-105.000.csv,,,0.0148,,,,,,,0.0967,
node_1_wind_at_Lat_47.500_Lon_-105.000,fixed_generator,,node_1,Wind_time_series_by_year/Wind_time_series_2016_at_Lat_47.500_Lon_-105.000.csv,,,0.0160,,,,,,,0.0193,
node_1_solar_at_Lat_47.500_Lon_-104.375,fixed_generator,,node_1,Solar_time_series_by_year/Solar_time_series_2016_at_Lat_47.500_Lon_-104.375.csv,,,0.0148,,,,,,,0.0967,
node_1_wind_at_Lat_47.500_Lon_-104.375,fixed_generator,,node_1,Wind_time_series_by_year/Wind_time_series_2016_at_Lat_47.500_Lon_-104.375.csv,,,0.0160,,,,,,,0.0193,
node_1_solar_at_Lat_47.500_Lon_-103.750,fixed_generator,,node_1,Solar_time_series_by_year/Solar_time_series_2016_at_Lat_47.500_Lon_-103.750.csv,,,0.0148,,,,,,,0.0967,
node_1_wind_at_Lat_47.500_Lon_-103.750,fixed_generator,,node_1,Wind_time_series_by_year/Wind_time_series_2016_at_Lat_47.500_Lon_-103.750.csv,,,0.0160,,,,,,,0.0193,
node_1_solar_at_Lat_47.500_Lon_-103.125,fixed_generator,,node_1,Solar_time_series_by_year/Solar_time_series_2016_at_Lat_47.500_Lon_-103.125.csv,,,0.0148,,,,,,,0.0967,
node_1_wind_at_Lat_47.500_Lon_-103.125,fixed_generator,,node_1,Wind_time_series_by_year/Wind_time_series_2016_at_Lat_47.500_Lon_-103.125.csv,,,0.0160,,,,,,,0.0193,
node_1_solar_at_Lat_47.500_Lon_-102.500,fixed_generator,,node_1,Solar_time_series_by_year/Solar_time_series_2016_at_Lat_47.500_Lon_-102.500.csv,,,0.0148,,,,,,,0.0967,
node_1_wind_at_Lat_47.500_Lon_-102.500,fixed_generator,,node_1,Wind_time_series_by_year/Wind_time_series_2016_at_Lat_47.500_Lon_-102.500.csv,,,0.0160,,,,,,,0.0193,
node_1_solar_at_Lat_47.500_Lon_-101.875,fixed_generator,,node_1,Solar_time_series_by_year/Solar_time_series_2016_at_Lat_47.500_Lon_-101.875.csv,,,0.0148,,,,,,,0.0967,
node_1_wind_at_Lat_47.500_Lon_-101.875,fixed_generator,,node_1,Wind_time_series_by_year/Wind_time_series_2016_at_Lat_47.500_Lon_-101.875.csv,,,0.0160,,,,,,,0.0193,
node_1_solar_at_Lat_47.500_Lon_-101.250,fixed_generator,,node_1,Solar_time_series_by_year/Solar_time_series_2016_at_Lat_47.500_Lon_-101.250.csv,,,0.0148,,,,,,,0.0967,
node_1_wind_at_Lat_47.500_Lon_-101.250,fixed_generator,,node_1,Wind_time_series_by_year/Wind_time_series_2016_at_Lat_47.500_Lon_-101.250.csv,,,0.0160,,,,,,,0.0193,
node_1_solar_at_Lat_47.500_Lon_-100.625,fixed_generator,,node_1,Solar_time_series_by_year/Solar_time_series_2016_at_Lat_47.500_Lon_-100.625.csv,,,0.0148,,,,,,,0.0967,
node_1_wind_at_Lat_47.500_Lon_-100.625,fixed_generator,,node_1,Wind_time_series_by_year/Wind_time_series_2016_at_Lat_47.500_Lon_-100.625.csv,,,0.0160,,,,,,,0.0193,
node_1_solar_at_Lat_47.500_Lon_-100.000,fixed_generator,,node_1,Solar_time_series_by_year/Solar_time_series_2016_at_Lat_47.500_Lon_-100.000.csv,,,0.0148,,,,,,,0.0967,
node_1_wind_at_Lat_47.500_Lon_-100.000,fixed_generator,,node_1,Wind_time_series_by_year/Wind_time_series_2016_at_Lat_47.500_Lon_-100.000.csv,,,0.0160,,,,,,,0.0193,
node_1_solar_at_Lat_47.500_Lon_-99.375,fixed_generator,,node_1,Solar_time_series_by_year/Solar_time_series_2016_at_Lat_47.500_Lon_-99.375.csv,,,0.0148,,,,,,,0.0967,
node_1_wind_at_Lat_47.500_Lon_-99.375,fixed_generator,,node_1,Wind_time_series_by_year/Wind_time_series_2016_at_Lat_47.500_Lon_-99.375.csv,,,0.0160,,,,,,,0.0193,
node_1_solar_at_Lat_47.500_Lon_-98.750,fixed_generator,,node_1,Solar_time_series_by_year/Solar_time_series_2016_at_Lat_47.500_Lon_-98.750.csv,,,0.0148,,,,,,,0.0967,
node_1_wind_at_Lat_47.500_Lon_-98.750,fixed_generator,,node_1,Wind_time_series_by_year/Wind_time_series_2016_at_Lat_47.500_Lon_-98.750.csv,,,0.0160,,,,,,,0.0193,
node_1_solar_at_Lat_47.500_Lon_-98.125,fixed_generator,,node_1,Solar_time_series_by_year/Solar_time_series_2016_at_Lat_47.500_Lon_-98.125.csv,,,0.0148,,,,,,,0.0967,
node_1_wind_at_Lat_47.500_Lon_-98.125,fixed_generator,,node_1,Wind_time_series_by_year/Wind_time_series_2016_at_Lat_47.500_Lon_-98.125.csv,,,0.0160,,,,,,,0.0193,
node_1_solar_at_Lat_47.500_Lon_-97.500,fixed_generator,,node_1,Solar_time_series_by_year/Solar_time_series_2016_at_Lat_47.500_Lon_-97.500.csv,,,0.0148,,,,,,,0.0967,
node_1_wind_at_Lat_47.500_Lon_-97.500,fixed_generator,,node_1,Wind_time_series_by_year/Wind_time_series_2016_at_Lat_47.500_Lon_-97.500.csv,,,0.0160,,,,,,,0.0193,
node_1_solar_at_Lat_47.500_Lon_-96.875,fixed_generator,,node_1,Solar_time_series_by_year/Solar_time_series_2016_at_Lat_47.500_Lon_-96.875.csv,,,0.0148,,,,,,,0.0967,
node_1_wind_at_Lat_47.500_Lon_-96.875,fixed_generator,,node_1,Wind_time_series_by_year/Wind_time_series_2016_at_Lat_47.500_Lon_-96.875.csv,,,0.0160,,,,,,,0.0193,
node_1_solar_at_Lat_47.500_Lon_-96.250,fixed_generator,,node_1,Solar_time_series_by_year/Solar_time_series_2016_at_Lat_47.500_Lon_-96.250.csv,,,0.0148,,,,,,,0.0967,
node_1_wind_at_Lat_47.500_Lon_-96.250,fixed_generator,,node_1,Wind_time_series_by_year/Wind_time_series_2016_at_Lat_47.500_Lon_-96.250.csv,,,0.0160,,,,,,,0.0193,
node_1_solar_at_Lat_47.500_Lon_-95.625,fixed_generator,,node_1,Solar_time_series_by_year/Solar_time_series_2016_at_Lat_47.500_Lon_-95.625.csv,,,0.0148,,,,,,,0.0967,
node_1_wind_at_Lat_47.500_Lon_-95.625,fixed_generator,,node_1,Wind_time_series_by_year/Wind_time_series_2016_at_Lat_47.500_Lon_-95.625.csv,,,0.0160,,,,,,,0.0193,
node_1_solar_at_Lat_47.500_Lon_-95.000,fixed_generator,,node_1,Solar_time_series_by_year/Solar_time_series_2016_at_Lat_47.500_Lon_-95.000.csv,,,0.0148,,,,,,,0.0967,
node_1_wind_at_Lat_47.500_Lon_-95.000,fixed_generator,,node_1,Wind_time_series_by_year/Wind_time_series_2016_at_Lat_47.500_Lon_-95.000.csv,,,0.0160,,,,,,,0.0193,
node_1_solar_at_Lat_47.500_Lon_-94.375,fixed_generator,,node_1,Solar_time_series_by_year/Solar_time_series_2016_at_Lat_47.500_Lon_-94.375.csv,,,0.0148,,,,,,,0.0967,
node_1_wind_at_Lat_47.500_Lon_-94.375,fixed_generator,,node_1,Wind_time_series_by_year/Wind_time_series_2016_at_Lat_47.500_Lon_-94.375.csv,,,0.0160,,,,,,,0.0193,
node_1_solar_at_Lat_47.500_Lon_-93.750,fixed_generator,,node_1,Solar_time_series_by_year/Solar_time_series_2016_at_Lat_47.500_Lon_-93.750.csv,,,0.0148,,,,,,,0.0967,
node_1_wind_at_Lat_47.500_Lon_-93.750,fixed_generator,,node_1,Wind_time_series_by_year/Wind_time_series_2016_at_Lat_47.500_Lon_-93.750.csv,,,0.0160,,,,,,,0.0193,
node_1_solar_at_Lat_47.500_Lon_-93.125,fixed_generator,,node_1,Solar_time_series_by_year/Solar_time_series_2016_at_Lat_47.500_Lon_-93.125.csv,,,0.0148,,,,,,,0.0967,
node_1_wind_at_Lat_47.500_Lon_-93.125,fixed_generator,,node_1,Wind_time_series_by_year/Wind_time_series_2016_at_Lat_47.500_Lon_-93.125.csv,,,0.0160,,,,,,,0.0193,
node_1_solar_at_Lat_47.500_Lon_-92.500,fixed_generator,,node_1,Solar_time_series_by_year/Solar_time_series_2016_at_Lat_47.500_Lon_-92.500.csv,,,0.0148,,,,,,,0.0967,
node_1_wind_at_Lat_47.500_Lon_-92.500,fixed_generator,,node_1,Wind_time_series_by_year/Wind_time_series_2016_at_Lat_47.500_Lon_-92.500.csv,,,0.0160,,,,,,,0.0193,
node_1_solar_at_Lat_47.500_Lon_-91.875,fixed_generator,,node_1,Solar_time_series_by_year/Solar_time_series_2016_at_Lat_47.500_Lon_-91.875.csv,,,0.0148,,,,,,,0.0967,
node_1_wind_at_Lat_47.500_Lon_-91.875,fixed_generator,,node_1,Wind_time_series_by_year/Wind_time_series_2016_at_Lat_47.500_Lon_-91.875.csv,,,0.0160,,,,,,,0.0193,
node_1_solar_at_Lat_47.500_Lon_-91.250,fixed_generator,,node_1,Solar_time_series_by_year/Solar_time_series_2016_at_Lat_47.500_Lon_-91.250.csv,,,0.0148,,,,,,,0.0967,
node_1_wind_at_Lat_47.500_Lon_-91.250,fixed_generator,,node_1,Wind_time_series_by_year/Wind_time_series_2016_at_Lat_47.500_Lon_-91.250.csv,,,0.0160,,,,,,,0.0193,
node_1_solar_at_Lat_48.000_Lon_-124.375,fixed_generator,,node_1,Solar_time_series_by_year/Solar_time_series_2016_at_Lat_48.000_Lon_-124.375.csv,,,0.0148,,,,,,,0.0958,
node_1_wind_at_Lat_48.000_Lon_-124.375,fixed_generator,,node_1,Wind_time_series_by_year/Wind_time_series_2016_at_Lat_48.000_Lon_-124.375.csv,,,0.0160,,,,,,,0.0192,
node_1_solar_at_Lat_48.000_Lon_-123.750,fixed_generator,,node_1,Solar_time_series_by_year/Solar_time_series_2016_at_Lat_48.000_Lon_-123.750.csv,,,0.0148,,,,,,,0.0958,
node_1_wind_at_Lat_48.000_Lon_-123.750,fixed_generator,,node_1,Wind_time_series_by_year/Wind_time_series_2016_at_Lat_48.000_Lon_-123.750.csv,,,0.0160,,,,,,,0.0192,
node_1_solar_at_Lat_48.000_Lon_-123.125,fixed_generator,,node_1,Solar_time_series_by_year/Solar_time_series_2016_at_Lat_48.000_Lon_-123.125.csv,,,0.0148,,,,,,,0.0958,
node_1_wind_at_Lat_48.000_Lon_-123.125,fixed_generator,,node_1,Wind_time_series_by_year/Wind_time_series_2016_at_Lat_48.000_Lon_-123.125.csv,,,0.0160,,,,,,,0.0192,
node_1_solar_at_Lat_48.000_Lon_-122.500,fixed_generator,,node_1,Solar_time_series_by_year/Solar_time_series_2016_at_Lat_48.000_Lon_-122.500.csv,,,0.0148,,,,,,,0.0958,
node_1_wind_at_Lat_48.000_Lon_-122.500,fixed_generator,,node_1,Wind_time_series_by_year/Wind_time_series_2016_at_Lat_48.000_Lon_-122.500.csv,,,0.0160,,,,,,,0.0192,
node_1_solar_at_Lat_48.000_Lon_-121.875,fixed_generator,,node_1,Solar_time_series_by_year/Solar_time_series_2016_at_Lat_48.000_Lon_-121.875.csv,,,0.0148,,,,,,,0.0958,
node_1_wind_at_Lat_48.000_Lon_-121.875,fixed_generator,,node_1,Wind_time_series_by_year/Wind_time_series_2016_at_Lat_48.000_Lon_-121.875.csv,,,0.0160,,,,,,,0.0192,
node_1_solar_at_Lat_48.000_Lon_-121.250,fixed_generator,,node_1,Solar_time_series_by_year/Solar_time_series_2016_at_Lat_48.000_Lon_-121.250.csv,,,0.0148,,,,,,,0.0958,
node_1_wind_at_Lat_48.000_Lon_-121.250,fixed_generator,,node_1,Wind_time_series_by_year/Wind_time_series_2016_at_Lat_48.000_Lon_-121.250.csv,,,0.0160,,,,,,,0.0192,
node_1_solar_at_Lat_48.000_Lon_-120.625,fixed_generator,,node_1,Solar_time_series_by_year/Solar_time_series_2016_at_Lat_48.000_Lon_-120.625.csv,,,0.0148,,,,,,,0.0958,
node_1_wind_at_Lat_48.000_Lon_-120.625,fixed_generator,,node_1,Wind_time_series_by_year/Wind_time_series_2016_at_Lat_48.000_Lon_-120.625.csv,,,0.0160,,,,,,,0.0192,
node_1_solar_at_Lat_48.000_Lon_-120.000,fixed_generator,,node_1,Solar_time_series_by_year/Solar_time_series_2016_at_Lat_48.000_Lon_-120.000.csv,,,0.0148,,,,,,,0.0958,
node_1_wind_at_Lat_48.000_Lon_-120.000,fixed_generator,,node_1,Wind_time_series_by_year/Wind_time_series_2016_at_Lat_48.000_Lon_-120.000.csv,,,0.0160,,,,,,,0.0192,
node_1_solar_at_Lat_48.000_Lon_-119.375,fixed_generator,,node_1,Solar_time_series_by_year/Solar_time_series_2016_at_Lat_48.000_Lon_-119.375.csv,,,0.0148,,,,,,,0.0958,
node_1_wind_at_Lat_48.000_Lon_-119.375,fixed_generator,,node_1,Wind_time_series_by_year/Wind_time_series_2016_at_Lat_48.000_Lon_-119.375.csv,,,0.0160,,,,,,,0.0192,
node_1_solar_at_Lat_48.000_Lon_-118.750,fixed_generator,,node_1,Solar_time_series_by_year/Solar_time_series_2016_at_Lat_48.000_Lon_-118.750.csv,,,0.0148,,,,,,,0.0958,
node_1_wind_at_Lat_48.000_Lon_-118.750,fixed_generator,,node_1,Wind_time_series_by_year/Wind_time_series_2016_at_Lat_48.000_Lon_-118.750.csv,,,0.0160,,,,,,,0.0192,
node_1_solar_at_Lat_48.000_Lon_-118.125,fixed_generator,,node_1,Solar_time_series_by_year/Solar_time_series_2016_at_Lat_48.000_Lon_-118.125.csv,,,0.0148,,,,,,,0.0958,
node_1_wind_at_Lat_48.000_Lon_-118.125,fixed_generator,,node_1,Wind_time_series_by_year/Wind_time_series_2016_at_Lat_48.000_Lon_-118.125.csv,,,0.0160,,,,,,,0.0192,
node_1_solar_at_Lat_48.000_Lon_-117.500,fixed_generator,,node_1,Solar_time_series_by_year/Solar_time_series_2016_at_Lat_48.000_Lon_-117.500.csv,,,0.0148,,,,,,,0.0958,
node_1_wind_at_Lat_48.000_Lon_-117.500,fixed_generator,,node_1,Wind_time_series_by_year/Wind_time_series_2016_at_Lat_48.000_Lon_-117.500.csv,,,0.0160,,,,,,,0.0192,
node_1_solar_at_Lat_48.000_Lon_-116.875,fixed_generator,,node_1,Solar_time_series_by_year/Solar_time_series_2016_at_Lat_48.000_Lon_-116.875.csv,,,0.0148,,,,,,,0.0958,
node_1_wind_at_Lat_48.000_Lon_-116.875,fixed_generator,,node_1,Wind_time_series_by_year/Wind_time_series_2016_at_Lat_48.000_Lon_-116.875.csv,,,0.0160,,,,,,,0.0192,
node_1_solar_at_Lat_48.000_Lon_-116.250,fixed_generator,,node_1,Solar_time_series_by_year/Solar_time_series_2016_at_Lat_48.000_Lon_-116.250.csv,,,0.0148,,,,,,,0.0958,
node_1_wind_at_Lat_48.000_Lon_-116.250,fixed_generator,,node_1,Wind_time_series_by_year/Wind_time_series_2016_at_Lat_48.000_Lon_-116.250.csv,,,0.0160,,,,,,,0.0192,
node_1_solar_at_Lat_48.000_Lon_-115.625,fixed_generator,,node_1,Solar_time_series_by_year/Solar_time_series_2016_at_Lat_48.000_Lon_-115.625.csv,,,0.0148,,,,,,,0.0958,
node_1_wind_at_Lat_48.000_Lon_-115.625,fixed_generator,,node_1,Wind_time_series_by_year/Wind_time_series_2016_at_Lat_48.000_Lon_-115.625.csv,,,0.0160,,,,,,,0.0192,
node_1_solar_at_Lat_48.000_Lon_-115.000,fixed_generator,,node_1,Solar_time_series_by_year/Solar_time_series_2016_at_Lat_48.000_Lon_-115.000.csv,,,0.0148,,,,,,,0.0958,
node_1_wind_at_Lat_48.000_Lon_-115.000,fixed_generator,,node_1,Wind_time_series_by_year/Wind_time_series_2016_at_Lat_48.000_Lon_-115.000.csv,,,0.0160,,,,,,,0.0192,
node_1_solar_at_Lat_48.000_Lon_-114.375,fixed_generator,,node_1,Solar_time_series_by_year/Solar_time_series_2016_at_Lat_48.000_Lon_-114.375.csv,,,0.0148,,,,,,,0.0958,
node_1_wind_at_Lat_48.000_Lon_-114.375,fixed_generator,,node_1,Wind_time_series_by_year/Wind_time_series_2016_at_Lat_48.000_Lon_-114.375.csv,,,0.0160,,,,,,,0.0192,
node_1_solar_at_Lat_48.000_Lon_-113.750,fixed_generator,,node_1,Solar_time_series_by_year/Solar_time_series_2016_at_Lat_48.000_Lon_-113.750.csv,,,0.0148,,,,,,,0.0958,
node_1_wind_at_Lat_48.000_Lon_-113.750,fixed_generator,,node_1,Wind_time_series_by_year/Wind_time_series_2016_at_Lat_48.000_Lon_-113.750.csv,,,0.0160,,,,,,,0.0192,
node_1_solar_at_Lat_48.000_Lon_-113.125,fixed_generator,,node_1,Solar_time_series_by_year/Solar_time_series_2016_at_Lat_48.000_Lon_-113.125.csv,,,0.0148,,,,,,,0.0958,
node_1_wind_at_Lat_48.000_Lon_-113.125,fixed_generator,,node_1,Wind_time_series_by_year/Wind_time_series_2016_at_Lat_48.000_Lon_-113.125.csv,,,0.0160,,,,,,,0.0192,
node_1_solar_at_Lat_48.000_Lon_-112.500,fixed_generator,,node_1,Solar_time_series_by_year/Solar_time_series_2016_at_Lat_48.000_Lon_-112.500.csv,,,0.0148,,,,,,,0.0958,
node_1_wind_at_Lat_48.000_Lon_-112.500,fixed_generator,,node_1,Wind_time_series_by_year/Wind_time_series_2016_at_Lat_48.000_Lon_-112.500.csv,,,0.0160,,,,,,,0.0192,
node_1_solar_at_Lat_48.000_Lon_-111.875,fixed_generator,,node_1,Solar_time_series_by_year/Solar_time_series_2016_at_Lat_48.000_Lon_-111.875.csv,,,0.0148,,,,,,,0.0958,
node_1_wind_at_Lat_48.000_Lon_-111.875,fixed_generator,,node_1,Wind_time_series_by_year/Wind_time_series_2016_at_Lat_48.000_Lon_-111.875.csv,,,0.0160,,,,,,,0.0192,
node_1_solar_at_Lat_48.000_Lon_-111.250,fixed_generator,,node_1,Solar_time_series_by_year/Solar_time_series_2016_at_Lat_48.000_Lon_-111.250.csv,,,0.0148,,,,,,,0.0958,
node_1_wind_at_Lat_48.000_Lon_-111.250,fixed_generator,,node_1,Wind_time_series_by_year/Wind_time_series_2016_at_Lat_48.000_Lon_-111.250.csv,,,0.0160,,,,,,,0.0192,
node_1_solar_at_Lat_48.000_Lon_-110.625,fixed_generator,,node_1,Solar_time_series_by_year/Solar_time_series_2016_at_Lat_48.000_Lon_-110.625.csv,,,0.0148,,,,,,,0.0958,
node_1_wind_at_Lat_48.000_Lon_-110.625,fixed_generator,,node_1,Wind_time_series_by_year/Wind_time_series_2016_at_Lat_48.000_Lon_-110.625.csv,,,0.0160,,,,,,,0.0192,
node_1_solar_at_Lat_48.000_Lon_-110.000,fixed_generator,,node_1,Solar_time_series_by_year/Solar_time_series_2016_at_Lat_48.000_Lon_-110.000.csv,,,0.0148,,,,,,,0.0958,
node_1_wind_at_Lat_48.000_Lon_-110.000,fixed_generator,,node_1,Wind_time_series_by_year/Wind_time_series_2016_at_Lat_48.000_Lon_-110.000.csv,,,0.0160,,,,,,,0.0192,
node_1_solar_at_Lat_48.000_Lon_-109.375,fixed_generator,,node_1,Solar_time_series_by_year/Solar_time_series_2016_at_Lat_48.000_Lon_-109.375.csv,,,0.0148,,,,,,,0.0958,
node_1_wind_at_Lat_48.000_Lon_-109.375,fixed_generator,,node_1,Wind_time_series_by_year/Wind_time_series_2016_at_Lat_48.000_Lon_-109.375.csv,,,0.0160,,,,,,,0.0192,
node_1_solar_at_Lat_48.000_Lon_-108.750,fixed_generator,,node_1,Solar_time_series_by_year/Solar_time_series_2016_at_Lat_48.000_Lon_-108.750.csv,,,0.0148,,,,,,,0.0958,
node_1_wind_at_Lat_48.000_Lon_-108.750,fixed_generator,,node_1,Wind_time_series_by_year/Wind_time_series_2016_at_Lat_48.000_Lon_-108.750.csv,,,0.0160,,,,,,,0.0192,
node_1_solar_at_Lat_48.000_Lon_-108.125,fixed_generator,,node_1,Solar_time_series_by_year/Solar_time_series_2016_at_Lat_48.000_Lon_-108.125.csv,,,0.0148,,,,,,,0.0958,
node_1_wind_at_Lat_48.000_Lon_-108.125,fixed_generator,,node_1,Wind_time_series_by_year/Wind_time_series_2016_at_Lat_48.000_Lon_-108.125.csv,,,0.0160,,,,,,,0.0192,
node_1_solar_at_Lat_48.000_Lon_-107.500,fixed_generator,,node_1,Solar_time_series_by_year/Solar_time_series_2016_at_Lat_48.000_Lon_-107.500.csv,,,0.0148,,,,,,,0.0958,
node_1_wind_at_Lat_48.000_Lon_-107.500,fixed_generator,,node_1,Wind_time_series_by_year/Wind_time_series_2016_at_Lat_48.000_Lon_-107.500.csv,,,0.0160,,,,,,,0.0192,
node_1_solar_at_Lat_48.000_Lon_-106.875,fixed_generator,,node_1,Solar_time_series_by_year/Solar_time_series_2016_at_Lat_48.000_Lon_-106.875.csv,,,0.0148,,,,,,,0.0958,
node_1_wind_at_Lat_48.000_Lon_-106.875,fixed_generator,,node_1,Wind_time_series_by_year/Wind_time_series_2016_at_Lat_48.000_Lon_-106.875.csv,,,0.0160,,,,,,,0.0192,
node_1_solar_at_Lat_48.000_Lon_-106.250,fixed_generator,,node_1,Solar_time_series_by_year/Solar_time_series_2016_at_Lat_48.000_Lon_-106.250.csv,,,0.0148,,,,,,,0.0958,
node_1_wind_at_Lat_48.000_Lon_-106.250,fixed_generator,,node_1,Wind_time_series_by_year/Wind_time_series_2016_at_Lat_48.000_Lon_-106.250.csv,,,0.0160,,,,,,,0.0192,
node_1_solar_at_Lat_48.000_Lon_-105.625,fixed_generator,,node_1,Solar_time_series_by_year/Solar_time_series_2016_at_Lat_48.000_Lon_-105.625.csv,,,0.0148,,,,,,,0.0958,
node_1_wind_at_Lat_48.000_Lon_-105.625,fixed_generator,,node_1,Wind_time_series_by_year/Wind_time_series_2016_at_Lat_48.000_Lon_-105.625.csv,,,0.0160,,,,,,,0.0192,
node_1_solar_at_Lat_48.000_Lon_-105.000,fixed_generator,,node_1,Solar_time_series_by_year/Solar_time_series_2016_at_Lat_48.000_Lon_-105.000.csv,,,0.0148,,,,,,,0.0958,
node_1_wind_at_Lat_48.000_Lon_-105.000,fixed_generator,,node_1,Wind_time_series_by_year/Wind_time_series_2016_at_Lat_48.000_Lon_-105.000.csv,,,0.0160,,,,,,,0.0192,
node_1_solar_at_Lat_48.000_Lon_-104.375,fixed_generator,,node_1,Solar_time_series_by_year/Solar_time_series_2016_at_Lat_48.000_Lon_-104.375.csv,,,0.0148,,,,,,,0.0958,
node_1_wind_at_Lat_48.000_Lon_-104.375,fixed_generator,,node_1,Wind_time_series_by_year/Wind_time_series_2016_at_Lat_48.000_Lon_-104.375.csv,,,0.0160,,,,,,,0.0192,
node_1_solar_at_Lat_48.000_Lon_-103.750,fixed_generator,,node_1,Solar_time_series_by_year/Solar_time_series_2016_at_Lat_48.000_Lon_-103.750.csv,,,0.0148,,,,,,,0.0958,
node_1_wind_at_Lat_48.000_Lon_-103.750,fixed_generator,,node_1,Wind_time_series_by_year/Wind_time_series_2016_at_Lat_48.000_Lon_-103.750.csv,,,0.0160,,,,,,,0.0192,
node_1_solar_at_Lat_48.000_Lon_-103.125,fixed_generator,,node_1,Solar_time_series_by_year/Solar_time_series_2016_at_Lat_48.000_Lon_-103.125.csv,,,0.0148,,,,,,,0.0958,
node_1_wind_at_Lat_48.000_Lon_-103.125,fixed_generator,,node_1,Wind_time_series_by_year/Wind_time_series_2016_at_Lat_48.000_Lon_-103.125.csv,,,0.0160,,,,,,,0.0192,
node_1_solar_at_Lat_48.000_Lon_-102.500,fixed_generator,,node_1,Solar_time_series_by_year/Solar_time_series_2016_at_Lat_48.000_Lon_-102.500.csv,,,0.0148,,,,,,,0.0958,
node_1_wind_at_Lat_48.000_Lon_-102.500,fixed_generator,,node_1,Wind_time_series_by_year/Wind_time_series_2016_at_Lat_48.000_Lon_-102.500.csv,,,0.0160,,,,,,,0.0192,
node_1_solar_at_Lat_48.000_Lon_-101.875,fixed_generator,,node_1,Solar_time_series_by_year/Solar_time_series_2016_at_Lat_48.000_Lon_-101.875.csv,,,0.0148,,,,,,,0.0958,
node_1_wind_at_Lat_48.000_Lon_-101.875,fixed_generator,,node_1,Wind_time_series_by_year/Wind_time_series_2016_at_Lat_48.000_Lon_-101.875.csv,,,0.0160,,,,,,,0.0192,
node_1_solar_at_Lat_48.000_Lon_-101.250,fixed_generator,,node_1,Solar_time_series_by_year/Solar_time_series_2016_at_Lat_48.000_Lon_-101.250.csv,,,0.0148,,,,,,,0.0958,
node_1_wind_at_Lat_48.000_Lon_-101.250,fixed_generator,,node_1,Wind_time_series_by_year/Wind_time_series_2016_at_Lat_48.000_Lon_-101.250.csv,,,0.0160,,,,,,,0.0192,
node_1_solar_at_Lat_48.000_Lon_-100.625,fixed_generator,,node_1,Solar_time_series_by_year/Solar_time_series_2016_at_Lat_48.000_Lon_-100.625.csv,,,0.0148,,,,,,,0.0958,
node_1_wind_at_Lat_48.000_Lon_-100.625,fixed_generator,,node_1,Wind_time_series_by_year/Wind_time_series_2016_at_Lat_48.000_Lon_-100.625.csv,,,0.0160,,,,,,,0.0192,
node_1_solar_at_Lat_48.000_Lon_-100.000,fixed_generator,,node_1,Solar_time_series_by_year/Solar_time_series_2016_at_Lat_48.000_Lon_-100.000.csv,,,0.0148,,,,,,,0.0958,
node_1_wind_at_Lat_48.000_Lon_-100.000,fixed_generator,,node_1,Wind_time_series_by_year/Wind_time_series_2016_at_Lat_48.000_Lon_-100.000.csv,,,0.0160,,,,,,,0.0192,
node_1_solar_at_Lat_48.000_Lon_-99.375,fixed_generator,,node_1,Solar_time_series_by_year/Solar_time_series_2016_at_Lat_48.000_Lon_-99.375.csv,,,0.0148,,,,,,,0.0958,
node_1_wind_at_Lat_48.000_Lon_-99.375,fixed_generator,,node_1,Wind_time_series_by_year/Wind_time_series_2016_at_Lat_48.000_Lon_-99.375.csv,,,0.0160,,,,,,,0.0192,
node_1_solar_at_Lat_48.000_Lon_-98.750,fixed_generator,,node_1,Solar_time_series_by_year/Solar_time_series_2016_at_Lat_48.000_Lon_-98.750.csv,,,0.0148,,,,,,,0.0958,
node_1_wind_at_Lat_48.000_Lon_-98.750,fixed_generator,,node_1,Wind_time_series_by_year/Wind_time_series_2016_at_Lat_48.000_Lon_-98.750.csv,,,0.0160,,,,,,,0.0192,
node_1_solar_at_Lat_48.000_Lon_-98.125,fixed_generator,,node_1,Solar_time_series_by_year/Solar_time_series_2016_at_Lat_48.000_Lon_-98.125.csv,,,0.0148,,,,,,,0.0958,
node_1_wind_at_Lat_48.000_Lon_-98.125,fixed_generator,,node_1,Wind_time_series_by_year/Wind_time_series_2016_at_Lat_48.000_Lon_-98.125.csv,,,0.0160,,,,,,,0.0192,
node_1_solar_at_Lat_48.000_Lon_-97.500,fixed_generator,,node_1,Solar_time_series_by_year/Solar_time_series_2016_at_Lat_48.000_Lon_-97.500.csv,,,0.0148,,,,,,,0.0958,
node_1_wind_at_Lat_48.000_Lon_-97.500,fixed_generator,,node_1,Wind_time_series_by_year/Wind_time_series_2016_at_Lat_48.000_Lon_-97.500.csv,,,0.0160,,,,,,,0.0192,
node_1_solar_at_Lat_48.000_Lon_-96.875,fixed_generator,,node_1,Solar_time_series_by_year/Solar_time_series_2016_at_Lat_48.000_Lon_-96.875.csv,,,0.0148,,,,,,,0.0958,
node_1_wind_at_Lat_48.000_Lon_-96.875,fixed_generator,,node_1,Wind_time_series_by_year/Wind_time_series_2016_at_Lat_48.000_Lon_-96.875.csv,,,0.0160,,,,,,,0.0192,
node_1_solar_at_Lat_48.000_Lon_-96.250,fixed_generator,,node_1,Solar_time_series_by_year/Solar_time_series_2016_at_Lat_48.000_Lon_-96.250.csv,,,0.0148,,,,,,,0.0958,
node_1_wind_at_Lat_48.000_Lon_-96.250,fixed_generator,,node_1,Wind_time_series_by_year/Wind_time_series_2016_at_Lat_48.000_Lon_-96.250.csv,,,0.0160,,,,,,,0.0192,
node_1_solar_at_Lat_48.000_Lon_-95.625,fixed_generator,,node_1,Solar_time_series_by_year/Solar_time_series_2016_at_Lat_48.000_Lon_-95.625.csv,,,0.0148,,,,,,,0.0958,
node_1_wind_at_Lat_48.000_Lon_-95.625,fixed_generator,,node_1,Wind_time_series_by_year/Wind_time_series_2016_at_Lat_48.000_Lon_-95.625.csv,,,0.0160,,,,,,,0.0192,
node_1_solar_at_Lat_48.000_Lon_-95.000,fixed_generator,,node_1,Solar_time_series_by_year/Solar_time_series_2016_at_Lat_48.000_Lon_-95.000.csv,,,0.0148,,,,,,,0.0958,
node_1_wind_at_Lat_48.000_Lon_-95.000,fixed_generator,,node_1,Wind_time_series_by_year/Wind_time_series_2016_at_Lat_48.000_Lon_-95.000.csv,,,0.0160,,,,,,,0.0192,
node_1_solar_at_Lat_48.000_Lon_-94.375,fixed_generator,,node_1,Solar_time_series_by_year/Solar_time_series_2016_at_Lat_48.000_Lon_-94.375.csv,,,0.0148,,,,,,,0.0958,
node_1_wind_at_Lat_48.000_Lon_-94.375,fixed_generator,,node_1,Wind_time_series_by_year/Wind_time_series_2016_at_Lat_48.000_Lon_-94.375.csv,,,0.0160,,,,,,,0.0192,
node_1_solar_at_Lat_48.000_Lon_-93.750,fixed_generator,,node_1,Solar_time_series_by_year/Solar_time_series_2016_at_Lat_48.000_Lon_-93.750.csv,,,0.0148,,,,,,,0.0958,
node_1_wind_at_Lat_48.000_Lon_-93.750,fixed_generator,,node_1,Wind_time_series_by_year/Wind_time_series_2016_at_Lat_48.000_Lon_-93.750.csv,,,0.0160,,,,,,,0.0192,
node_1_solar_at_Lat_48.000_Lon_-93.125,fixed_generator,,node_1,Solar_time_series_by_year/Solar_time_series_2016_at_Lat_48.000_Lon_-93.125.csv,,,0.0148,,,,,,,0.0958,
node_1_wind_at_Lat_48.000_Lon_-93.125,fixed_generator,,node_1,Wind_time_series_by_year/Wind_time_series_2016_at_Lat_48.000_Lon_-93.125.csv,,,0.0160,,,,,,,0.0192,
node_1_solar_at_Lat_48.000_Lon_-92.500,fixed_generator,,node_1,Solar_time_series_by_year/Solar_time_series_2016_at_Lat_48.000_Lon_-92.500.csv,,,0.0148,,,,,,,0.0958,
node_1_wind_at_Lat_48.000_Lon_-92.500,fixed_generator,,node_1,Wind_time_series_by_year/Wind_time_series_2016_at_Lat_48.000_Lon_-92.500.csv,,,0.0160,,,,,,,0.0192,
node_1_solar_at_Lat_48.000_Lon_-91.875,fixed_generator,,node_1,Solar_time_series_by_year/Solar_time_series_2016_at_Lat_48.000_Lon_-91.875.csv,,,0.0148,,,,,,,0.0958,
node_1_wind_at_Lat_48.000_Lon_-91.875,fixed_generator,,node_1,Wind_time_series_by_year/Wind_time_series_2016_at_Lat_48.000_Lon_-91.875.csv,,,0.0160,,,,,,,0.0192,
node_1_solar_at_Lat_48.000_Lon_-91.250,fixed_generator,,node_1,Solar_time_series_by_year/Solar_time_series_2016_at_Lat_48.000_Lon_-91.250.csv,,,0.0148,,,,,,,0.0958,
node_1_wind_at_Lat_48.000_Lon_-91.250,fixed_generator,,node_1,Wind_time_series_by_year/Wind_time_series_2016_at_Lat_48.000_Lon_-91.250.csv,,,0.0160,,,,,,,0.0192,
node_1_solar_at_Lat_48.000_Lon_-90.625,fixed_generator,,node_1,Solar_time_series_by_year/Solar_time_series_2016_at_Lat_48.000_Lon_-90.625.csv,,,0.0148,,,,,,,0.0958,
node_1_wind_at_Lat_48.000_Lon_-90.625,fixed_generator,,node_1,Wind_time_series_by_year/Wind_time_series_2016_at_Lat_48.000_Lon_-90.625.csv,,,0.0160,,,,,,,0.0192,
node_1_solar_at_Lat_48.000_Lon_-90.000,fixed_generator,,node_1,Solar_time_series_by_year/Solar_time_series_2016_at_Lat_48.000_Lon_-90.000.csv,,,0.0148,,,,,,,0.0958,
node_1_wind_at_Lat_48.000_Lon_-90.000,fixed_generator,,node_1,Wind_time_series_by_year/Wind_time_series_2016_at_Lat_48.000_Lon_-90.000.csv,,,0.0160,,,,,,,0.0192,
node_1_solar_at_Lat_48.500_Lon_-122.500,fixed_generator,,node_1,Solar_time_series_by_year/Solar_time_series_2016_at_Lat_48.500_Lon_-122.500.csv,,,0.0148,,,,,,,0.0948,
node_1_wind_at_Lat_48.500_Lon_-122.500,fixed_generator,,node_1,Wind_time_series_by_year/Wind_time_series_2016_at_Lat_48.500_Lon_-122.500.csv,,,0.0160,,,,,,,0.0190,
node_1_solar_at_Lat_48.500_Lon_-121.875,fixed_generator,,node_1,Solar_time_series_by_year/Solar_time_series_2016_at_Lat_48.500_Lon_-121.875.csv,,,0.0148,,,,,,,0.0948,
node_1_wind_at_Lat_48.500_Lon_-121.875,fixed_generator,,node_1,Wind_time_series_by_year/Wind_time_series_2016_at_Lat_48.500_Lon_-121.875.csv,,,0.0160,,,,,,,0.0190,
node_1_solar_at_Lat_48.500_Lon_-121.250,fixed_generator,,node_1,Solar_time_series_by_year/Solar_time_series_2016_at_Lat_48.500_Lon_-121.250.csv,,,0.0148,,,,,,,0.0948,
node_1_wind_at_Lat_48.500_Lon_-121.250,fixed_generator,,node_1,Wind_time_series_by_year/Wind_time_series_2016_at_Lat_48.500_Lon_-121.250.csv,,,0.0160,,,,,,,0.0190,
node_1_solar_at_Lat_48.500_Lon_-120.625,fixed_generator,,node_1,Solar_time_series_by_year/Solar_time_series_2016_at_Lat_48.500_Lon_-120.625.csv,,,0.0148,,,,,,,0.0948,
node_1_wind_at_Lat_48.500_Lon_-120.625,fixed_generator,,node_1,Wind_time_series_by_year/Wind_time_series_2016_at_Lat_48.500_Lon_-120.625.csv,,,0.0160,,,,,,,0.0190,
node_1_solar_at_Lat_48.500_Lon_-120.000,fixed_generator,,node_1,Solar_time_series_by_year/Solar_time_series_2016_at_Lat_48.500_Lon_-120.000.csv,,,0.0148,,,,,,,0.0948,
node_1_wind_at_Lat_48.500_Lon_-120.000,fixed_generator,,node_1,Wind_time_series_by_year/Wind_time_series_2016_at_Lat_48.500_Lon_-120.000.csv,,,0.0160,,,,,,,0.0190,
node_1_solar_at_Lat_48.500_Lon_-119.375,fixed_generator,,node_1,Solar_time_series_by_year/Solar_time_series_2016_at_Lat_48.500_Lon_-119.375.csv,,,0.0148,,,,,,,0.0948,
node_1_wind_at_Lat_48.500_Lon_-119.375,fixed_generator,,node_1,Wind_time_series_by_year/Wind_time_series_2016_at_Lat_48.500_Lon_-119.375.csv,,,0.0160,,,,,,,0.0190,
node_1_solar_at_Lat_48.500_Lon_-118.750,fixed_generator,,node_1,Solar_time_series_by_year/Solar_time_series_2016_at_Lat_48.500_Lon_-118.750.csv,,,0.0148,,,,,,,0.0948,
node_1_wind_at_Lat_48.500_Lon_-118.750,fixed_generator,,node_1,Wind_time_series_by_year/Wind_time_series_2016_at_Lat_48.500_Lon_-118.750.csv,,,0.0160,,,,,,,0.0190,
node_1_solar_at_Lat_48.500_Lon_-118.125,fixed_generator,,node_1,Solar_time_series_by_year/Solar_time_series_2016_at_Lat_48.500_Lon_-118.125.csv,,,0.0148,,,,,,,0.0948,
node_1_wind_at_Lat_48.500_Lon_-118.125,fixed_generator,,node_1,Wind_time_series_by_year/Wind_time_series_2016_at_Lat_48.500_Lon_-118.125.csv,,,0.0160,,,,,,,0.0190,
node_1_solar_at_Lat_48.500_Lon_-117.500,fixed_generator,,node_1,Solar_time_series_by_year/Solar_time_series_2016_at_Lat_48.500_Lon_-117.500.csv,,,0.0148,,,,,,,0.0948,
node_1_wind_at_Lat_48.500_Lon_-117.500,fixed_generator,,node_1,Wind_time_series_by_year/Wind_time_series_2016_at_Lat_48.500_Lon_-117.500.csv,,,0.0160,,,,,,,0.0190,
node_1_solar_at_Lat_48.500_Lon_-116.875,fixed_generator,,node_1,Solar_time_series_by_year/Solar_time_series_2016_at_Lat_48.500_Lon_-116.875.csv,,,0.0148,,,,,,,0.0948,
node_1_wind_at_Lat_48.500_Lon_-116.875,fixed_generator,,node_1,Wind_time_series_by_year/Wind_time_series_2016_at_Lat_48.500_Lon_-116.875.csv,,,0.0160,,,,,,,0.0190,
node_1_solar_at_Lat_48.500_Lon_-116.250,fixed_generator,,node_1,Solar_time_series_by_year/Solar_time_series_2016_at_Lat_48.500_Lon_-116.250.csv,,,0.0148,,,,,,,0.0948,
node_1_wind_at_Lat_48.500_Lon_-116.250,fixed_generator,,node_1,Wind_time_series_by_year/Wind_time_series_2016_at_Lat_48.500_Lon_-116.250.csv,,,0.0160,,,,,,,0.0190,
node_1_solar_at_Lat_48.500_Lon_-115.625,fixed_generator,,node_1,Solar_time_series_by_year/Solar_time_series_2016_at_Lat_48.500_Lon_-115.625.csv,,,0.0148,,,,,,,0.0948,
node_1_wind_at_Lat_48.500_Lon_-115.625,fixed_generator,,node_1,Wind_time_series_by_year/Wind_time_series_2016_at_Lat_48.500_Lon_-115.625.csv,,,0.0160,,,,,,,0.0190,
node_1_solar_at_Lat_48.500_Lon_-115.000,fixed_generator,,node_1,Solar_time_series_by_year/Solar_time_series_2016_at_Lat_48.500_Lon_-115.000.csv,,,0.0148,,,,,,,0.0948,
node_1_wind_at_Lat_48.500_Lon_-115.000,fixed_generator,,node_1,Wind_time_series_by_year/Wind_time_series_2016_at_Lat_48.500_Lon_-115.000.csv,,,0.0160,,,,,,,0.0190,
node_1_solar_at_Lat_48.500_Lon_-114.375,fixed_generator,,node_1,Solar_time_series_by_year/Solar_time_series_2016_at_Lat_48.500_Lon_-114.375.csv,,,0.0148,,,,,,,0.0948,
node_1_wind_at_Lat_48.500_Lon_-114.375,fixed_generator,,node_1,Wind_time_series_by_year/Wind_time_series_2016_at_Lat_48.500_Lon_-114.375.csv,,,0.0160,,,,,,,0.0190,
node_1_solar_at_Lat_48.500_Lon_-113.750,fixed_generator,,node_1,Solar_time_series_by_year/Solar_time_series_2016_at_Lat_48.500_Lon_-113.750.csv,,,0.0148,,,,,,,0.0948,
node_1_wind_at_Lat_48.500_Lon_-113.750,fixed_generator,,node_1,Wind_time_series_by_year/Wind_time_series_2016_at_Lat_48.500_Lon_-113.750.csv,,,0.0160,,,,,,,0.0190,
node_1_solar_at_Lat_48.500_Lon_-113.125,fixed_generator,,node_1,Solar_time_series_by_year/Solar_time_series_2016_at_Lat_48.500_Lon_-113.125.csv,,,0.0148,,,,,,,0.0948,
node_1_wind_at_Lat_48.500_Lon_-113.125,fixed_generator,,node_1,Wind_time_series_by_year/Wind_time_series_2016_at_Lat_48.500_Lon_-113.125.csv,,,0.0160,,,,,,,0.0190,
node_1_solar_at_Lat_48.500_Lon_-112.500,fixed_generator,,node_1,Solar_time_series_by_year/Solar_time_series_2016_at_Lat_48.500_Lon_-112.500.csv,,,0.0148,,,,,,,0.0948,
node_1_wind_at_Lat_48.500_Lon_-112.500,fixed_generator,,node_1,Wind_time_series_by_year/Wind_time_series_2016_at_Lat_48.500_Lon_-112.500.csv,,,0.0160,,,,,,,0.0190,
node_1_solar_at_Lat_48.500_Lon_-111.875,fixed_generator,,node_1,Solar_time_series_by_year/Solar_time_series_2016_at_Lat_48.500_Lon_-111.875.csv,,,0.0148,,,,,,,0.0948,
node_1_wind_at_Lat_48.500_Lon_-111.875,fixed_generator,,node_1,Wind_time_series_by_year/Wind_time_series_2016_at_Lat_48.500_Lon_-111.875.csv,,,0.0160,,,,,,,0.0190,
node_1_solar_at_Lat_48.500_Lon_-111.250,fixed_generator,,node_1,Solar_time_series_by_year/Solar_time_series_2016_at_Lat_48.500_Lon_-111.250.csv,,,0.0148,,,,,,,0.0948,
node_1_wind_at_Lat_48.500_Lon_-111.250,fixed_generator,,node_1,Wind_time_series_by_year/Wind_time_series_2016_at_Lat_48.500_Lon_-111.250.csv,,,0.0160,,,,,,,0.0190,
node_1_solar_at_Lat_48.500_Lon_-110.625,fixed_generator,,node_1,Solar_time_series_by_year/Solar_time_series_2016_at_Lat_48.500_Lon_-110.625.csv,,,0.0148,,,,,,,0.0948,
node_1_wind_at_Lat_48.500_Lon_-110.625,fixed_generator,,node_1,Wind_time_series_by_year/Wind_time_series_2016_at_Lat_48.500_Lon_-110.625.csv,,,0.0160,,,,,,,0.0190,
node_1_solar_at_Lat_48.500_Lon_-110.000,fixed_generator,,node_1,Solar_time_series_by_year/Solar_time_series_2016_at_Lat_48.500_Lon_-110.000.csv,,,0.0148,,,,,,,0.0948,
node_1_wind_at_Lat_48.500_Lon_-110.000,fixed_generator,,node_1,Wind_time_series_by_year/Wind_time_series_2016_at_Lat_48.500_Lon_-110.000.csv,,,0.0160,,,,,,,0.0190,
node_1_solar_at_Lat_48.500_Lon_-109.375,fixed_generator,,node_1,Solar_time_series_by_year/Solar_time_series_2016_at_Lat_48.500_Lon_-109.375.csv,,,0.0148,,,,,,,0.0948,
node_1_wind_at_Lat_48.500_Lon_-109.375,fixed_generator,,node_1,Wind_time_series_by_year/Wind_time_series_2016_at_Lat_48.500_Lon_-109.375.csv,,,0.0160,,,,,,,0.0190,
node_1_solar_at_Lat_48.500_Lon_-108.750,fixed_generator,,node_1,Solar_time_series_by_year/Solar_time_series_2016_at_Lat_48.500_Lon_-108.750.csv,,,0.0148,,,,,,,0.0948,
node_1_wind_at_Lat_48.500_Lon_-108.750,fixed_generator,,node_1,Wind_time_series_by_year/Wind_time_series_2016_at_Lat_48.500_Lon_-108.750.csv,,,0.0160,,,,,,,0.0190,
node_1_solar_at_Lat_48.500_Lon_-108.125,fixed_generator,,node_1,Solar_time_series_by_year/Solar_time_series_2016_at_Lat_48.500_Lon_-108.125.csv,,,0.0148,,,,,,,0.0948,
node_1_wind_at_Lat_48.500_Lon_-108.125,fixed_generator,,node_1,Wind_time_series_by_year/Wind_time_series_2016_at_Lat_48.500_Lon_-108.125.csv,,,0.0160,,,,,,,0.0190,
node_1_solar_at_Lat_48.500_Lon_-107.500,fixed_generator,,node_1,Solar_time_series_by_year/Solar_time_series_2016_at_Lat_48.500_Lon_-107.500.csv,,,0.0148,,,,,,,0.0948,
node_1_wind_at_Lat_48.500_Lon_-107.500,fixed_generator,,node_1,Wind_time_series_by_year/Wind_time_series_2016_at_Lat_48.500_Lon_-107.500.csv,,,0.0160,,,,,,,0.0190,
node_1_solar_at_Lat_48.500_Lon_-106.875,fixed_generator,,node_1,Solar_time_series_by_year/Solar_time_series_2016_at_Lat_48.500_Lon_-106.875.csv,,,0.0148,,,,,,,0.0948,
node_1_wind_at_Lat_48.500_Lon_-106.875,fixed_generator,,node_1,Wind_time_series_by_year/Wind_time_series_2016_at_Lat_48.500_Lon_-106.875.csv,,,0.0160,,,,,,,0.0190,
node_1_solar_at_Lat_48.500_Lon_-106.250,fixed_generator,,node_1,Solar_time_series_by_year/Solar_time_series_2016_at_Lat_48.500_Lon_-106.250.csv,,,0.0148,,,,,,,0.0948,
node_1_wind_at_Lat_48.500_Lon_-106.250,fixed_generator,,node_1,Wind_time_series_by_year/Wind_time_series_2016_at_Lat_48.500_Lon_-106.250.csv,,,0.0160,,,,,,,0.0190,
node_1_solar_at_Lat_48.500_Lon_-105.625,fixed_generator,,node_1,Solar_time_series_by_year/Solar_time_series_2016_at_Lat_48.500_Lon_-105.625.csv,,,0.0148,,,,,,,0.0948,
node_1_wind_at_Lat_48.500_Lon_-105.625,fixed_generator,,node_1,Wind_time_series_by_year/Wind_time_series_2016_at_Lat_48.500_Lon_-105.625.csv,,,0.0160,,,,,,,0.0190,
node_1_solar_at_Lat_48.500_Lon_-105.000,fixed_generator,,node_1,Solar_time_series_by_year/Solar_time_series_2016_at_Lat_48.500_Lon_-105.000.csv,,,0.0148,,,,,,,0.0948,
node_1_wind_at_Lat_48.500_Lon_-105.000,fixed_generator,,node_1,Wind_time_series_by_year/Wind_time_series_2016_at_Lat_48.500_Lon_-105.000.csv,,,0.0160,,,,,,,0.0190,
node_1_solar_at_Lat_48.500_Lon_-104.375,fixed_generator,,node_1,Solar_time_series_by_year/Solar_time_series_2016_at_Lat_48.500_Lon_-104.375.csv,,,0.0148,,,,,,,0.0948,
node_1_wind_at_Lat_48.500_Lon_-104.375,fixed_generator,,node_1,Wind_time_series_by_year/Wind_time_series_2016_at_Lat_48.500_Lon_-104.375.csv,,,0.0160,,,,,,,0.0190,
node_1_solar_at_Lat_48.500_Lon_-103.750,fixed_generator,,node_1,Solar_time_series_by_year/Solar_time_series_2016_at_Lat_48.500_Lon_-103.750.csv,,,0.0148,,,,,,,0.0948,
node_1_wind_at_Lat_48.500_Lon_-103.750,fixed_generator,,node_1,Wind_time_series_by_year/Wind_time_series_2016_at_Lat_48.500_Lon_-103.750.csv,,,0.0160,,,,,,,0.0190,
node_1_solar_at_Lat_48.500_Lon_-103.125,fixed_generator,,node_1,Solar_time_series_by_year/Solar_time_series_2016_at_Lat_48.500_Lon_-103.125.csv,,,0.0148,,,,,,,0.0948,
node_1_wind_at_Lat_48.500_Lon_-103.125,fixed_generator,,node_1,Wind_time_series_by_year/Wind_time_series_2016_at_Lat_48.500_Lon_-103.125.csv,,,0.0160,,,,,,,0.0190,
node_1_solar_at_Lat_48.500_Lon_-102.500,fixed_generator,,node_1,Solar_time_series_by_year/Solar_time_series_2016_at_Lat_48.500_Lon_-102.500.csv,,,0.0148,,,,,,,0.0948,
node_1_wind_at_Lat_48.500_Lon_-102.500,fixed_generator,,node_1,Wind_time_series_by_year/Wind_time_series_2016_at_Lat_48.500_Lon_-102.500.csv,,,0.0160,,,,,,,0.0190,
node_1_solar_at_Lat_48.500_Lon_-101.875,fixed_generator,,node_1,Solar_time_series_by_year/Solar_time_series_2016_at_Lat_48.500_Lon_-101.875.csv,,,0.0148,,,,,,,0.0948,
node_1_wind_at_Lat_48.500_Lon_-101.875,fixed_generator,,node_1,Wind_time_series_by_year/Wind_time_series_2016_at_Lat_48.500_Lon_-101.875.csv,,,0.0160,,,,,,,0.0190,
node_1_solar_at_Lat_48.500_Lon_-101.250,fixed_generator,,node_1,Solar_time_series_by_year/Solar_time_series_2016_at_Lat_48.500_Lon_-101.250.csv,,,0.0148,,,,,,,0.0948,
node_1_wind_at_Lat_48.500_Lon_-101.250,fixed_generator,,node_1,Wind_time_series_by_year/Wind_time_series_2016_at_Lat_48.500_Lon_-101.250.csv,,,0.0160,,,,,,,0.0190,
node_1_solar_at_Lat_48.500_Lon_-100.625,fixed_generator,,node_1,Solar_time_series_by_year/Solar_time_series_2016_at_Lat_48.500_Lon_-100.625.csv,,,0.0148,,,,,,,0.0948,
node_1_wind_at_Lat_48.500_Lon_-100.625,fixed_generator,,node_1,Wind_time_series_by_year/Wind_time_series_2016_at_Lat_48.500_Lon_-100.625.csv,,,0.0160,,,,,,,0.0190,
node_1_solar_at_Lat_48.500_Lon_-100.000,fixed_generator,,node_1,Solar_time_series_by_year/Solar_time_series_2016_at_Lat_48.500_Lon_-100.000.csv,,,0.0148,,,,,,,0.0948,
node_1_wind_at_Lat_48.500_Lon_-100.000,fixed_generator,,node_1,Wind_time_series_by_year/Wind_time_series_2016_at_Lat_48.500_Lon_-100.000.csv,,,0.0160,,,,,,,0.0190,
node_1_solar_at_Lat_48.500_Lon_-99.375,fixed_generator,,node_1,Solar_time_series_by_year/Solar_time_series_2016_at_Lat_48.500_Lon_-99.375.csv,,,0.0148,,,,,,,0.0948,
node_1_wind_at_Lat_48.500_Lon_-99.375,fixed_generator,,node_1,Wind_time_series_by_year/Wind_time_series_2016_at_Lat_48.500_Lon_-99.375.csv,,,0.0160,,,,,,,0.0190,
node_1_solar_at_Lat_48.500_Lon_-98.750,fixed_generator,,node_1,Solar_time_series_by_year/Solar_time_series_2016_at_Lat_48.500_Lon_-98.750.csv,,,0.0148,,,,,,,0.0948,
node_1_wind_at_Lat_48.500_Lon_-98.750,fixed_generator,,node_1,Wind_time_series_by_year/Wind_time_series_2016_at_Lat_48.500_Lon_-98.750.csv,,,0.0160,,,,,,,0.0190,
node_1_solar_at_Lat_48.500_Lon_-98.125,fixed_generator,,node_1,Solar_time_series_by_year/Solar_time_series_2016_at_Lat_48.500_Lon_-98.125.csv,,,0.0148,,,,,,,0.0948,
node_1_wind_at_Lat_48.500_Lon_-98.125,fixed_generator,,node_1,Wind_time_series_by_year/Wind_time_series_2016_at_Lat_48.500_Lon_-98.125.csv,,,0.0160,,,,,,,0.0190,
node_1_solar_at_Lat_48.500_Lon_-97.500,fixed_generator,,node_1,Solar_time_series_by_year/Solar_time_series_2016_at_Lat_48.500_Lon_-97.500.csv,,,0.0148,,,,,,,0.0948,
node_1_wind_at_Lat_48.500_Lon_-97.500,fixed_generator,,node_1,Wind_time_series_by_year/Wind_time_series_2016_at_Lat_48.500_Lon_-97.500.csv,,,0.0160,,,,,,,0.0190,
node_1_solar_at_Lat_48.500_Lon_-96.875,fixed_generator,,node_1,Solar_time_series_by_year/Solar_time_series_2016_at_Lat_48.500_Lon_-96.875.csv,,,0.0148,,,,,,,0.0948,
node_1_wind_at_Lat_48.500_Lon_-96.875,fixed_generator,,node_1,Wind_time_series_by_year/Wind_time_series_2016_at_Lat_48.500_Lon_-96.875.csv,,,0.0160,,,,,,,0.0190,
node_1_solar_at_Lat_48.500_Lon_-96.250,fixed_generator,,node_1,Solar_time_series_by_year/Solar_time_series_2016_at_Lat_48.500_Lon_-96.250.csv,,,0.0148,,,,,,,0.0948,
node_1_wind_at_Lat_48.500_Lon_-96.250,fixed_generator,,node_1,Wind_time_series_by_year/Wind_time_series_2016_at_Lat_48.500_Lon_-96.250.csv,,,0.0160,,,,,,,0.0190,
node_1_solar_at_Lat_48.500_Lon_-95.625,fixed_generator,,node_1,Solar_time_series_by_year/Solar_time_series_2016_at_Lat_48.500_Lon_-95.625.csv,,,0.0148,,,,,,,0.0948,
node_1_wind_at_Lat_48.500_Lon_-95.625,fixed_generator,,node_1,Wind_time_series_by_year/Wind_time_series_2016_at_Lat_48.500_Lon_-95.625.csv,,,0.0160,,,,,,,0.0190,
node_1_solar_at_Lat_48.500_Lon_-95.000,fixed_generator,,node_1,Solar_time_series_by_year/Solar_time_series_2016_at_Lat_48.500_Lon_-95.000.csv,,,0.0148,,,,,,,0.0948,
node_1_wind_at_Lat_48.500_Lon_-95.000,fixed_generator,,node_1,Wind_time_series_by_year/Wind_time_series_2016_at_Lat_48.500_Lon_-95.000.csv,,,0.0160,,,,,,,0.0190,
node_1_solar_at_Lat_48.500_Lon_-94.375,fixed_generator,,node_1,Solar_time_series_by_year/Solar_time_series_2016_at_Lat_48.500_Lon_-94.375.csv,,,0.0148,,,,,,,0.0948,
node_1_wind_at_Lat_48.500_Lon_-94.375,fixed_generator,,node_1,Wind_time_series_by_year/Wind_time_series_2016_at_Lat_48.500_Lon_-94.375.csv,,,0.0160,,,,,,,0.0190,
node_1_solar_at_Lat_48.500_Lon_-93.750,fixed_generator,,node_1,Solar_time_series_by_year/Solar_time_series_2016_at_Lat_48.500_Lon_-93.750.csv,,,0.0148,,,,,,,0.0948,
node_1_wind_at_Lat_48.500_Lon_-93.750,fixed_generator,,node_1,Wind_time_series_by_year/Wind_time_series_2016_at_Lat_48.500_Lon_-93.750.csv,,,0.0160,,,,,,,0.0190,
node_1_solar_at_Lat_48.500_Lon_-93.125,fixed_generator,,node_1,Solar_time_series_by_year/Solar_time_series_2016_at_Lat_48.500_Lon_-93.125.csv,,,0.0148,,,,,,,0.0948,
node_1_wind_at_Lat_48.500_Lon_-93.125,fixed_generator,,node_1,Wind_time_series_by_year/Wind_time_series_2016_at_Lat_48.500_Lon_-93.125.csv,,,0.0160,,,,,,,0.0190,
node_1_solar_at_Lat_49.000_Lon_-95.000,fixed_generator,,node_1,Solar_time_series_by_year/Solar_time_series_2016_at_Lat_49.000_Lon_-95.000.csv,,,0.0148,,,,,,,0.0939,
node_1_wind_at_Lat_49.000_Lon_-95.000,fixed_generator,,node_1,Wind_time_series_by_year/Wind_time_series_2016_at_Lat_49.000_Lon_-95.000.csv,,,0.0160,,,,,,,0.0188,
,,,,,,,,,,,,
END_CASE_DATA,,,,,,,,,,,,